start	43	2000	1	9	0
	22	92	30.937500	39.921816	-5.519576e-01	2000	1	9	0
	22	92	30.937500	39.921816	-5.705271e-01	2000	1	9	1
	23	92	32.343750	39.921816	-5.764594e-01	2000	1	9	2
	23	92	32.343750	39.921816	-5.875707e-01	2000	1	9	3
	25	93	35.156250	41.322576	-5.999227e-01	2000	1	9	4
	24	92	33.750000	39.921816	-6.079154e-01	2000	1	9	5
	25	92	35.156250	39.921816	-6.252489e-01	2000	1	9	6
	26	92	36.562500	39.921816	-6.357136e-01	2000	1	9	7
	26	92	36.562500	39.921816	-6.554403e-01	2000	1	9	8
	28	93	39.375000	41.322576	-6.680775e-01	2000	1	9	9
	27	92	37.968750	39.921816	-6.853275e-01	2000	1	9	10
	28	93	39.375000	41.322576	-6.944623e-01	2000	1	9	11
	28	92	39.375000	39.921816	-7.122269e-01	2000	1	9	12
	29	92	40.781250	39.921816	-7.250695e-01	2000	1	9	13
	29	92	40.781250	39.921816	-7.399020e-01	2000	1	9	14
	29	92	40.781250	39.921816	-7.506442e-01	2000	1	9	15
	30	93	42.187500	41.322576	-7.666321e-01	2000	1	9	16
	30	92	42.187500	39.921816	-7.853293e-01	2000	1	9	17
	30	92	42.187500	39.921816	-8.023720e-01	2000	1	9	18
	32	93	45.000000	41.322576	-8.111172e-01	2000	1	9	19
	32	93	45.000000	41.322576	-8.283706e-01	2000	1	9	20
	32	92	45.000000	39.921816	-8.559318e-01	2000	1	9	21
	33	92	46.406250	39.921816	-8.587198e-01	2000	1	9	22
	34	92	47.812500	39.921816	-8.753905e-01	2000	1	9	23
	33	92	46.406250	39.921816	-8.977323e-01	2000	1	10	0
	34	92	47.812500	39.921816	-9.116468e-01	2000	1	10	1
	35	93	49.218750	41.322576	-9.300146e-01	2000	1	10	2
	35	93	49.218750	41.322576	-9.478569e-01	2000	1	10	3
	35	92	49.218750	39.921816	-9.637046e-01	2000	1	10	4
	36	92	50.625000	39.921816	-9.773617e-01	2000	1	10	5
	37	92	52.031250	39.921816	-1.003348e+00	2000	1	10	6
	37	92	52.031250	39.921816	-1.014054e+00	2000	1	10	7
	38	93	53.437500	41.322576	-1.019493e+00	2000	1	10	8
	38	92	53.437500	39.921816	-1.041484e+00	2000	1	10	9
	38	92	53.437500	39.921816	-1.054115e+00	2000	1	10	10
	39	93	54.843750	41.322576	-1.067616e+00	2000	1	10	11
	40	93	56.250000	41.322576	-1.084525e+00	2000	1	10	12
	39	92	54.843750	39.921816	-1.099106e+00	2000	1	10	13
	40	92	56.250000	39.921816	-1.116979e+00	2000	1	10	14
	41	92	57.656250	39.921816	-1.134824e+00	2000	1	10	15
	41	92	57.656250	39.921816	-1.138142e+00	2000	1	10	16
	42	93	59.062500	41.322576	-1.172029e+00	2000	1	10	17
	42	92	59.062500	39.921816	-1.178877e+00	2000	1	10	18
start	61	2000	1	9	0
	64	92	90.000000	39.921816	-5.519948e-01	2000	1	9	0
	65	92	91.406250	39.921816	-5.668240e-01	2000	1	9	1
	65	93	91.406250	41.322576	-5.744901e-01	2000	1	9	2
	67	93	94.218750	41.322576	-5.895376e-01	2000	1	9	3
	67	92	94.218750	39.921816	-5.993009e-01	2000	1	9	4
	66	92	92.812500	39.921816	-6.084819e-01	2000	1	9	5
	67	92	94.218750	39.921816	-6.223164e-01	2000	1	9	6
	67	92	94.218750	39.921816	-6.318960e-01	2000	1	9	7
	69	92	97.031250	39.921816	-6.549315e-01	2000	1	9	8
	69	93	97.031250	41.322576	-6.655450e-01	2000	1	9	9
	70	93	98.437500	41.322576	-6.827493e-01	2000	1	9	10
	70	92	98.437500	39.921816	-7.035165e-01	2000	1	9	11
	70	92	98.437500	39.921816	-7.130361e-01	2000	1	9	12
	71	92	99.843750	39.921816	-7.273965e-01	2000	1	9	13
	71	92	99.843750	39.921816	-7.386208e-01	2000	1	9	14
	72	92	101.250000	39.921816	-7.486644e-01	2000	1	9	15
	73	93	102.656250	41.322576	-7.730489e-01	2000	1	9	16
	73	92	102.656250	39.921816	-7.839527e-01	2000	1	9	17
	73	93	102.656250	41.322576	-7.999282e-01	2000	1	9	18
	74	93	104.062500	41.322576	-8.183470e-01	2000	1	9	19
	75	93	105.468750	41.322576	-8.289208e-01	2000	1	9	20
	75	93	105.468750	41.322576	-8.432822e-01	2000	1	9	21
	76	93	106.875000	41.322576	-8.589263e-01	2000	1	9	22
	76	93	106.875000	41.322576	-8.780298e-01	2000	1	9	23
	77	92	108.281250	39.921816	-8.948517e-01	2000	1	10	0
	77	93	108.281250	41.322576	-9.099059e-01	2000	1	10	1
	77	92	108.281250	39.921816	-9.330516e-01	2000	1	10	2
	79	93	111.093750	41.322576	-9.432960e-01	2000	1	10	3
	78	92	109.687500	39.921816	-9.632993e-01	2000	1	10	4
	78	93	109.687500	41.322576	-9.791803e-01	2000	1	10	5
	80	93	112.500000	41.322576	-9.893007e-01	2000	1	10	6
	80	92	112.500000	39.921816	-1.005058e+00	2000	1	10	7
	80	93	112.500000	41.322576	-1.015816e+00	2000	1	10	8
	81	92	113.906250	39.921816	-1.040363e+00	2000	1	10	9
	81	92	113.906250	39.921816	-1.058219e+00	2000	1	10	10
	81	92	113.906250	39.921816	-1.062194e+00	2000	1	10	11
	82	92	115.312500	39.921816	-1.077444e+00	2000	1	10	12
	82	92	115.312500	39.921816	-1.097198e+00	2000	1	10	13
	83	92	116.718750	39.921816	-1.108136e+00	2000	1	10	14
	84	92	118.125000	39.921816	-1.135091e+00	2000	1	10	15
	84	93	118.125000	41.322576	-1.143096e+00	2000	1	10	16
	86	94	120.937500	42.723335	-1.160341e+00	2000	1	10	17
	86	93	120.937500	41.322576	-1.187004e+00	2000	1	10	18
	86	93	120.937500	41.322576	-1.200125e+00	2000	1	10	19
	88	96	123.750000	45.524850	-1.231183e+00	2000	1	10	20
	89	95	125.156250	44.124093	-1.267970e+00	2000	1	10	21
	89	95	125.156250	44.124093	-1.296190e+00	2000	1	10	22
	89	95	125.156250	44.124093	-1.301168e+00	2000	1	10	23
	90	95	126.562500	44.124093	-1.336480e+00	2000	1	11	0
	90	95	126.562500	44.124093	-1.347286e+00	2000	1	11	1
	91	95	127.968750	44.124093	-1.369093e+00	2000	1	11	2
	91	95	127.968750	44.124093	-1.375625e+00	2000	1	11	3
	92	95	129.375000	44.124093	-1.398619e+00	2000	1	11	4
	92	95	129.375000	44.124093	-1.411615e+00	2000	1	11	5
	93	95	130.781250	44.124093	-1.419504e+00	2000	1	11	6
	94	95	132.187500	44.124093	-1.421402e+00	2000	1	11	7
	94	95	132.187500	44.124093	-1.433310e+00	2000	1	11	8
	95	95	133.593750	44.124093	-1.438608e+00	2000	1	11	9
	97	92	136.406250	39.921816	-1.384815e+00	2000	1	11	15
	100	91	140.625000	38.521056	-1.416051e+00	2000	1	11	18
	100	91	140.625000	38.521056	-1.418422e+00	2000	1	11	19
start	58	2000	1	9	0
	107	92	150.468750	39.921816	-5.542793e-01	2000	1	9	0
	108	92	151.875000	39.921816	-5.688567e-01	2000	1	9	1
	107	92	150.468750	39.921816	-5.772820e-01	2000	1	9	2
	109	92	153.281250	39.921816	-5.896692e-01	2000	1	9	3
	110	93	154.687500	41.322576	-5.944819e-01	2000	1	9	4
	110	93	154.687500	41.322576	-6.132355e-01	2000	1	9	5
	110	92	154.687500	39.921816	-6.239262e-01	2000	1	9	6
	111	93	156.093750	41.322576	-6.377244e-01	2000	1	9	7
	112	93	157.500000	41.322576	-6.487164e-01	2000	1	9	8
	113	93	158.906250	41.322576	-6.637783e-01	2000	1	9	9
	113	92	158.906250	39.921816	-6.867709e-01	2000	1	9	10
	113	93	158.906250	41.322576	-6.974134e-01	2000	1	9	11
	114	92	160.312500	39.921816	-7.186694e-01	2000	1	9	12
	114	93	160.312500	41.322576	-7.278733e-01	2000	1	9	13
	114	92	160.312500	39.921816	-7.365565e-01	2000	1	9	14
	114	92	160.312500	39.921816	-7.523293e-01	2000	1	9	15
	115	92	161.718750	39.921816	-7.733145e-01	2000	1	9	16
	116	93	163.125000	41.322576	-7.777967e-01	2000	1	9	17
	116	92	163.125000	39.921816	-7.993469e-01	2000	1	9	18
	117	92	164.531250	39.921816	-8.151212e-01	2000	1	9	19
	118	93	165.937500	41.322576	-8.280511e-01	2000	1	9	20
	118	93	165.937500	41.322576	-8.450642e-01	2000	1	9	21
	118	93	165.937500	41.322576	-8.662767e-01	2000	1	9	22
	118	92	165.937500	39.921816	-8.822331e-01	2000	1	9	23
	119	92	167.343750	39.921816	-8.951683e-01	2000	1	10	0
	120	93	168.750000	41.322576	-9.114027e-01	2000	1	10	1
	120	92	168.750000	39.921816	-9.327693e-01	2000	1	10	2
	120	93	168.750000	41.322576	-9.469557e-01	2000	1	10	3
	121	92	170.156250	39.921816	-9.693255e-01	2000	1	10	4
	121	92	170.156250	39.921816	-9.799747e-01	2000	1	10	5
	122	92	171.562500	39.921816	-1.008188e+00	2000	1	10	6
	122	92	171.562500	39.921816	-1.011799e+00	2000	1	10	7
	122	92	171.562500	39.921816	-1.033445e+00	2000	1	10	8
	124	92	174.375000	39.921816	-1.036873e+00	2000	1	10	9
	124	92	174.375000	39.921816	-1.044095e+00	2000	1	10	10
	124	92	174.375000	39.921816	-1.062344e+00	2000	1	10	11
	125	93	175.781250	41.322576	-1.088236e+00	2000	1	10	12
	125	93	175.781250	41.322576	-1.100998e+00	2000	1	10	13
	125	92	175.781250	39.921816	-1.119650e+00	2000	1	10	14
	127	93	178.593750	41.322576	-1.131109e+00	2000	1	10	15
	128	93	180.000000	41.322576	-1.147352e+00	2000	1	10	16
	128	93	180.000000	41.322576	-1.159550e+00	2000	1	10	17
	128	94	180.000000	42.723335	-1.176005e+00	2000	1	10	18
	131	95	184.218750	44.124093	-1.206403e+00	2000	1	10	19
	131	95	184.218750	44.124093	-1.233459e+00	2000	1	10	20
	131	95	184.218750	44.124093	-1.261481e+00	2000	1	10	21
	132	95	185.625000	44.124093	-1.279134e+00	2000	1	10	22
	132	94	185.625000	42.723335	-1.288124e+00	2000	1	10	23
	133	95	187.031250	44.124093	-1.322323e+00	2000	1	11	0
	133	95	187.031250	44.124093	-1.354912e+00	2000	1	11	1
	134	94	188.437500	42.723335	-1.358183e+00	2000	1	11	2
	134	95	188.437500	44.124093	-1.390500e+00	2000	1	11	3
	135	95	189.843750	44.124093	-1.378514e+00	2000	1	11	4
	135	95	189.843750	44.124093	-1.399789e+00	2000	1	11	5
	136	95	191.250000	44.124093	-1.408607e+00	2000	1	11	6
	136	95	191.250000	44.124093	-1.444202e+00	2000	1	11	7
	137	95	192.656250	44.124093	-1.432579e+00	2000	1	11	8
	137	95	192.656250	44.124093	-1.429764e+00	2000	1	11	9
start	43	2000	1	9	0
	150	92	210.937500	39.921816	-5.519576e-01	2000	1	9	0
	150	92	210.937500	39.921816	-5.705271e-01	2000	1	9	1
	151	92	212.343750	39.921816	-5.764594e-01	2000	1	9	2
	151	92	212.343750	39.921816	-5.875707e-01	2000	1	9	3
	153	93	215.156250	41.322576	-5.999227e-01	2000	1	9	4
	152	92	213.750000	39.921816	-6.079154e-01	2000	1	9	5
	153	92	215.156250	39.921816	-6.252489e-01	2000	1	9	6
	154	92	216.562500	39.921816	-6.357136e-01	2000	1	9	7
	154	92	216.562500	39.921816	-6.554403e-01	2000	1	9	8
	156	93	219.375000	41.322576	-6.680775e-01	2000	1	9	9
	155	92	217.968750	39.921816	-6.853275e-01	2000	1	9	10
	156	93	219.375000	41.322576	-6.944623e-01	2000	1	9	11
	156	92	219.375000	39.921816	-7.122269e-01	2000	1	9	12
	157	92	220.781250	39.921816	-7.250695e-01	2000	1	9	13
	157	92	220.781250	39.921816	-7.399020e-01	2000	1	9	14
	157	92	220.781250	39.921816	-7.506442e-01	2000	1	9	15
	158	93	222.187500	41.322576	-7.666321e-01	2000	1	9	16
	158	92	222.187500	39.921816	-7.853293e-01	2000	1	9	17
	158	92	222.187500	39.921816	-8.023720e-01	2000	1	9	18
	160	93	225.000000	41.322576	-8.111172e-01	2000	1	9	19
	160	93	225.000000	41.322576	-8.283706e-01	2000	1	9	20
	160	92	225.000000	39.921816	-8.559318e-01	2000	1	9	21
	161	92	226.406250	39.921816	-8.587198e-01	2000	1	9	22
	162	92	227.812500	39.921816	-8.753905e-01	2000	1	9	23
	161	92	226.406250	39.921816	-8.977323e-01	2000	1	10	0
	162	92	227.812500	39.921816	-9.116468e-01	2000	1	10	1
	163	93	229.218750	41.322576	-9.300146e-01	2000	1	10	2
	163	93	229.218750	41.322576	-9.478569e-01	2000	1	10	3
	163	92	229.218750	39.921816	-9.637046e-01	2000	1	10	4
	164	92	230.625000	39.921816	-9.773617e-01	2000	1	10	5
	165	92	232.031250	39.921816	-1.003348e+00	2000	1	10	6
	165	92	232.031250	39.921816	-1.014054e+00	2000	1	10	7
	166	93	233.437500	41.322576	-1.019493e+00	2000	1	10	8
	166	92	233.437500	39.921816	-1.041484e+00	2000	1	10	9
	166	92	233.437500	39.921816	-1.054115e+00	2000	1	10	10
	167	93	234.843750	41.322576	-1.067616e+00	2000	1	10	11
	168	93	236.250000	41.322576	-1.084525e+00	2000	1	10	12
	167	92	234.843750	39.921816	-1.099106e+00	2000	1	10	13
	168	92	236.250000	39.921816	-1.116979e+00	2000	1	10	14
	169	92	237.656250	39.921816	-1.134824e+00	2000	1	10	15
	169	92	237.656250	39.921816	-1.138142e+00	2000	1	10	16
	170	93	239.062500	41.322576	-1.172029e+00	2000	1	10	17
	170	92	239.062500	39.921816	-1.178877e+00	2000	1	10	18
start	61	2000	1	9	0
	192	92	270.000000	39.921816	-5.519948e-01	2000	1	9	0
	193	92	271.406250	39.921816	-5.668240e-01	2000	1	9	1
	193	93	271.406250	41.322576	-5.744901e-01	2000	1	9	2
	195	93	274.218750	41.322576	-5.895376e-01	2000	1	9	3
	195	92	274.218750	39.921816	-5.993009e-01	2000	1	9	4
	194	92	272.812500	39.921816	-6.084819e-01	2000	1	9	5
	195	92	274.218750	39.921816	-6.223164e-01	2000	1	9	6
	195	92	274.218750	39.921816	-6.318960e-01	2000	1	9	7
	197	92	277.031250	39.921816	-6.549315e-01	2000	1	9	8
	197	93	277.031250	41.322576	-6.655450e-01	2000	1	9	9
	198	93	278.437500	41.322576	-6.827493e-01	2000	1	9	10
	198	92	278.437500	39.921816	-7.035165e-01	2000	1	9	11
	198	92	278.437500	39.921816	-7.130361e-01	2000	1	9	12
	199	92	279.843750	39.921816	-7.273965e-01	2000	1	9	13
	199	92	279.843750	39.921816	-7.386208e-01	2000	1	9	14
	200	92	281.250000	39.921816	-7.486644e-01	2000	1	9	15
	201	93	282.656250	41.322576	-7.730489e-01	2000	1	9	16
	201	92	282.656250	39.921816	-7.839527e-01	2000	1	9	17
	201	93	282.656250	41.322576	-7.999282e-01	2000	1	9	18
	202	93	284.062500	41.322576	-8.183470e-01	2000	1	9	19
	203	93	285.468750	41.322576	-8.289208e-01	2000	1	9	20
	203	93	285.468750	41.322576	-8.432822e-01	2000	1	9	21
	204	93	286.875000	41.322576	-8.589263e-01	2000	1	9	22
	204	93	286.875000	41.322576	-8.780298e-01	2000	1	9	23
	205	92	288.281250	39.921816	-8.948517e-01	2000	1	10	0
	205	93	288.281250	41.322576	-9.099059e-01	2000	1	10	1
	205	92	288.281250	39.921816	-9.330516e-01	2000	1	10	2
	207	93	291.093750	41.322576	-9.432960e-01	2000	1	10	3
	206	92	289.687500	39.921816	-9.632993e-01	2000	1	10	4
	206	93	289.687500	41.322576	-9.791803e-01	2000	1	10	5
	208	93	292.500000	41.322576	-9.893007e-01	2000	1	10	6
	208	92	292.500000	39.921816	-1.005058e+00	2000	1	10	7
	208	93	292.500000	41.322576	-1.015816e+00	2000	1	10	8
	209	92	293.906250	39.921816	-1.040363e+00	2000	1	10	9
	209	92	293.906250	39.921816	-1.058219e+00	2000	1	10	10
	209	92	293.906250	39.921816	-1.062194e+00	2000	1	10	11
	210	92	295.312500	39.921816	-1.077444e+00	2000	1	10	12
	210	92	295.312500	39.921816	-1.097198e+00	2000	1	10	13
	211	92	296.718750	39.921816	-1.108136e+00	2000	1	10	14
	212	92	298.125000	39.921816	-1.135091e+00	2000	1	10	15
	212	93	298.125000	41.322576	-1.143096e+00	2000	1	10	16
	214	94	300.937500	42.723335	-1.160341e+00	2000	1	10	17
	214	93	300.937500	41.322576	-1.187004e+00	2000	1	10	18
	214	93	300.937500	41.322576	-1.200125e+00	2000	1	10	19
	216	96	303.750000	45.524850	-1.231183e+00	2000	1	10	20
	217	95	305.156250	44.124093	-1.267970e+00	2000	1	10	21
	217	95	305.156250	44.124093	-1.296190e+00	2000	1	10	22
	217	95	305.156250	44.124093	-1.301168e+00	2000	1	10	23
	218	95	306.562500	44.124093	-1.336480e+00	2000	1	11	0
	218	95	306.562500	44.124093	-1.347286e+00	2000	1	11	1
	219	95	307.968750	44.124093	-1.369093e+00	2000	1	11	2
	219	95	307.968750	44.124093	-1.375625e+00	2000	1	11	3
	220	95	309.375000	44.124093	-1.398619e+00	2000	1	11	4
	220	95	309.375000	44.124093	-1.411615e+00	2000	1	11	5
	221	95	310.781250	44.124093	-1.419504e+00	2000	1	11	6
	222	95	312.187500	44.124093	-1.421402e+00	2000	1	11	7
	222	95	312.187500	44.124093	-1.433310e+00	2000	1	11	8
	223	95	313.593750	44.124093	-1.438608e+00	2000	1	11	9
	225	92	316.406250	39.921816	-1.384815e+00	2000	1	11	15
	228	91	320.625000	38.521056	-1.416051e+00	2000	1	11	18
	228	91	320.625000	38.521056	-1.418422e+00	2000	1	11	19
start	58	2000	1	9	0
	235	92	330.468750	39.921816	-5.542793e-01	2000	1	9	0
	236	92	331.875000	39.921816	-5.688567e-01	2000	1	9	1
	235	92	330.468750	39.921816	-5.772820e-01	2000	1	9	2
	237	92	333.281250	39.921816	-5.896692e-01	2000	1	9	3
	238	93	334.687500	41.322576	-5.944819e-01	2000	1	9	4
	238	93	334.687500	41.322576	-6.132355e-01	2000	1	9	5
	238	92	334.687500	39.921816	-6.239262e-01	2000	1	9	6
	239	93	336.093750	41.322576	-6.377244e-01	2000	1	9	7
	240	93	337.500000	41.322576	-6.487164e-01	2000	1	9	8
	241	93	338.906250	41.322576	-6.637783e-01	2000	1	9	9
	241	92	338.906250	39.921816	-6.867709e-01	2000	1	9	10
	241	93	338.906250	41.322576	-6.974134e-01	2000	1	9	11
	242	92	340.312500	39.921816	-7.186694e-01	2000	1	9	12
	242	93	340.312500	41.322576	-7.278733e-01	2000	1	9	13
	242	92	340.312500	39.921816	-7.365565e-01	2000	1	9	14
	242	92	340.312500	39.921816	-7.523293e-01	2000	1	9	15
	243	92	341.718750	39.921816	-7.733145e-01	2000	1	9	16
	244	93	343.125000	41.322576	-7.777967e-01	2000	1	9	17
	244	92	343.125000	39.921816	-7.993469e-01	2000	1	9	18
	245	92	344.531250	39.921816	-8.151212e-01	2000	1	9	19
	246	93	345.937500	41.322576	-8.280511e-01	2000	1	9	20
	246	93	345.937500	41.322576	-8.450642e-01	2000	1	9	21
	246	93	345.937500	41.322576	-8.662767e-01	2000	1	9	22
	246	92	345.937500	39.921816	-8.822331e-01	2000	1	9	23
	247	92	347.343750	39.921816	-8.951683e-01	2000	1	10	0
	248	93	348.750000	41.322576	-9.114027e-01	2000	1	10	1
	248	92	348.750000	39.921816	-9.327693e-01	2000	1	10	2
	248	93	348.750000	41.322576	-9.469557e-01	2000	1	10	3
	249	92	350.156250	39.921816	-9.693255e-01	2000	1	10	4
	249	92	350.156250	39.921816	-9.799747e-01	2000	1	10	5
	250	92	351.562500	39.921816	-1.008188e+00	2000	1	10	6
	250	92	351.562500	39.921816	-1.011799e+00	2000	1	10	7
	250	92	351.562500	39.921816	-1.033445e+00	2000	1	10	8
	252	92	354.375000	39.921816	-1.036873e+00	2000	1	10	9
	252	92	354.375000	39.921816	-1.044095e+00	2000	1	10	10
	252	92	354.375000	39.921816	-1.062344e+00	2000	1	10	11
	253	93	355.781250	41.322576	-1.088236e+00	2000	1	10	12
	253	93	355.781250	41.322576	-1.100998e+00	2000	1	10	13
	253	92	355.781250	39.921816	-1.119650e+00	2000	1	10	14
	255	93	358.593750	41.322576	-1.131109e+00	2000	1	10	15
	0	93	0.000000	41.322576	-1.147352e+00	2000	1	10	16
	0	93	0.000000	41.322576	-1.159550e+00	2000	1	10	17
	0	94	0.000000	42.723335	-1.176005e+00	2000	1	10	18
	3	95	4.218750	44.124093	-1.206403e+00	2000	1	10	19
	3	95	4.218750	44.124093	-1.233459e+00	2000	1	10	20
	3	95	4.218750	44.124093	-1.261481e+00	2000	1	10	21
	4	95	5.625000	44.124093	-1.279134e+00	2000	1	10	22
	4	94	5.625000	42.723335	-1.288124e+00	2000	1	10	23
	5	95	7.031250	44.124093	-1.322323e+00	2000	1	11	0
	5	95	7.031250	44.124093	-1.354912e+00	2000	1	11	1
	6	94	8.437500	42.723335	-1.358183e+00	2000	1	11	2
	6	95	8.437500	44.124093	-1.390500e+00	2000	1	11	3
	6	96	8.437500	45.524850	-1.379704e+00	2000	1	11	4
	7	95	9.843750	44.124093	-1.399789e+00	2000	1	11	5
	8	95	11.250000	44.124093	-1.408607e+00	2000	1	11	6
	8	95	11.250000	44.124093	-1.444202e+00	2000	1	11	7
	9	95	12.656250	44.124093	-1.432579e+00	2000	1	11	8
	9	95	12.656250	44.124093	-1.429764e+00	2000	1	11	9
start	97	2000	1	9	0
	23	105	32.343750	58.131598	-3.486142e-01	2000	1	9	0
	25	105	35.156250	58.131598	-3.618546e-01	2000	1	9	1
	23	106	32.343750	59.532337	-3.777666e-01	2000	1	9	2
	24	106	33.750000	59.532337	-3.958602e-01	2000	1	9	3
	25	106	35.156250	59.532337	-4.139934e-01	2000	1	9	4
	24	106	33.750000	59.532337	-4.268637e-01	2000	1	9	5
	26	106	36.562500	59.532337	-4.443173e-01	2000	1	9	6
	27	106	37.968750	59.532337	-4.572968e-01	2000	1	9	7
	26	106	36.562500	59.532337	-4.704494e-01	2000	1	9	8
	28	106	39.375000	59.532337	-4.831605e-01	2000	1	9	9
	27	107	37.968750	60.933072	-4.995379e-01	2000	1	9	10
	28	106	39.375000	59.532337	-5.057821e-01	2000	1	9	11
	28	106	39.375000	59.532337	-5.171533e-01	2000	1	9	12
	28	107	39.375000	60.933072	-5.342479e-01	2000	1	9	13
	29	107	40.781250	60.933072	-5.424042e-01	2000	1	9	14
	29	107	40.781250	60.933072	-5.508285e-01	2000	1	9	15
	30	106	42.187500	59.532337	-5.572033e-01	2000	1	9	16
	30	107	42.187500	60.933072	-5.753741e-01	2000	1	9	17
	30	107	42.187500	60.933072	-5.875835e-01	2000	1	9	18
	32	107	45.000000	60.933072	-6.059670e-01	2000	1	9	19
	32	107	45.000000	60.933072	-6.115222e-01	2000	1	9	20
	31	107	43.593750	60.933072	-6.098466e-01	2000	1	9	21
	32	107	45.000000	60.933072	-6.275053e-01	2000	1	9	22
	33	107	46.406250	60.933072	-6.350231e-01	2000	1	9	23
	33	107	46.406250	60.933072	-6.370573e-01	2000	1	10	0
	33	108	46.406250	62.333803	-6.418972e-01	2000	1	10	1
	34	108	47.812500	62.333803	-6.551661e-01	2000	1	10	2
	34	108	47.812500	62.333803	-6.605325e-01	2000	1	10	3
	35	108	49.218750	62.333803	-6.663070e-01	2000	1	10	4
	35	108	49.218750	62.333803	-6.768274e-01	2000	1	10	5
	34	109	47.812500	63.734530	-6.847010e-01	2000	1	10	6
	35	108	49.218750	62.333803	-6.912289e-01	2000	1	10	7
	36	108	50.625000	62.333803	-7.071419e-01	2000	1	10	8
	36	109	50.625000	63.734530	-7.127643e-01	2000	1	10	9
	36	109	50.625000	63.734530	-7.186356e-01	2000	1	10	10
	37	109	52.031250	63.734530	-7.269430e-01	2000	1	10	11
	37	109	52.031250	63.734530	-7.286744e-01	2000	1	10	12
	38	108	53.437500	62.333803	-7.362695e-01	2000	1	10	13
	38	109	53.437500	63.734530	-7.403026e-01	2000	1	10	14
	38	109	53.437500	63.734530	-7.548175e-01	2000	1	10	15
	39	109	54.843750	63.734530	-7.581596e-01	2000	1	10	16
	39	109	54.843750	63.734530	-7.697997e-01	2000	1	10	17
	41	109	57.656250	63.734530	-7.779098e-01	2000	1	10	18
	40	110	56.250000	65.135251	-7.813654e-01	2000	1	10	19
	40	110	56.250000	65.135251	-7.825789e-01	2000	1	10	20
	40	110	56.250000	65.135251	-7.877789e-01	2000	1	10	21
	41	110	57.656250	65.135251	-7.977867e-01	2000	1	10	22
	42	110	59.062500	65.135251	-7.884455e-01	2000	1	10	23
	42	110	59.062500	65.135251	-7.898932e-01	2000	1	11	0
	43	110	60.468750	65.135251	-8.025527e-01	2000	1	11	1
	43	110	60.468750	65.135251	-7.906036e-01	2000	1	11	2
	45	110	63.281250	65.135251	-7.984409e-01	2000	1	11	3
	44	111	61.875000	66.535966	-7.961683e-01	2000	1	11	4
	45	110	63.281250	65.135251	-7.993536e-01	2000	1	11	5
	45	111	63.281250	66.535966	-8.032198e-01	2000	1	11	6
	46	111	64.687500	66.535966	-8.050675e-01	2000	1	11	7
	46	111	64.687500	66.535966	-8.311553e-01	2000	1	11	8
	47	111	66.093750	66.535966	-8.296690e-01	2000	1	11	9
	47	111	66.093750	66.535966	-8.424535e-01	2000	1	11	10
	47	111	66.093750	66.535966	-8.252826e-01	2000	1	11	11
	49	111	68.906250	66.535966	-8.332510e-01	2000	1	11	12
	48	111	67.500000	66.535966	-8.378305e-01	2000	1	11	13
	50	111	70.312500	66.535966	-8.575821e-01	2000	1	11	14
	50	111	70.312500	66.535966	-8.504910e-01	2000	1	11	15
	50	111	70.312500	66.535966	-8.550954e-01	2000	1	11	16
	52	111	73.125000	66.535966	-8.532991e-01	2000	1	11	17
	51	111	71.718750	66.535966	-8.559732e-01	2000	1	11	18
	53	111	74.531250	66.535966	-8.530402e-01	2000	1	11	19
	53	111	74.531250	66.535966	-8.581939e-01	2000	1	11	20
	54	111	75.937500	66.535966	-8.607306e-01	2000	1	11	21
	54	111	75.937500	66.535966	-8.610864e-01	2000	1	11	22
	55	112	77.343750	67.936673	-8.641639e-01	2000	1	11	23
	55	112	77.343750	67.936673	-8.775654e-01	2000	1	12	0
	55	112	77.343750	67.936673	-8.834214e-01	2000	1	12	1
	55	112	77.343750	67.936673	-8.842750e-01	2000	1	12	2
	57	112	80.156250	67.936673	-8.851070e-01	2000	1	12	3
	58	112	81.562500	67.936673	-8.996410e-01	2000	1	12	4
	58	112	81.562500	67.936673	-9.096637e-01	2000	1	12	5
	58	112	81.562500	67.936673	-9.149871e-01	2000	1	12	6
	60	112	84.375000	67.936673	-9.242148e-01	2000	1	12	7
	61	112	85.781250	67.936673	-9.349432e-01	2000	1	12	8
	61	112	85.781250	67.936673	-9.503670e-01	2000	1	12	9
	61	112	85.781250	67.936673	-9.422584e-01	2000	1	12	10
	61	112	85.781250	67.936673	-9.388285e-01	2000	1	12	11
	62	112	87.187500	67.936673	-9.445066e-01	2000	1	12	12
	64	112	90.000000	67.936673	-9.394460e-01	2000	1	12	13
	65	112	91.406250	67.936673	-9.378538e-01	2000	1	12	14
	66	112	92.812500	67.936673	-9.278622e-01	2000	1	12	15
	64	112	90.000000	67.936673	-9.314227e-01	2000	1	12	16
	67	112	94.218750	67.936673	-9.318223e-01	2000	1	12	17
	67	112	94.218750	67.936673	-9.444532e-01	2000	1	12	18
	66	112	92.812500	67.936673	-9.363937e-01	2000	1	12	19
	69	112	97.031250	67.936673	-9.323874e-01	2000	1	12	20
	69	112	97.031250	67.936673	-9.237657e-01	2000	1	12	21
	70	112	98.437500	67.936673	-9.285722e-01	2000	1	12	22
	70	113	98.437500	69.337372	-9.159641e-01	2000	1	12	23
	70	113	98.437500	69.337372	-9.252648e-01	2000	1	13	0
start	97	2000	1	9	0
	151	105	212.343750	58.131598	-3.486142e-01	2000	1	9	0
	153	105	215.156250	58.131598	-3.618546e-01	2000	1	9	1
	151	106	212.343750	59.532337	-3.777666e-01	2000	1	9	2
	152	106	213.750000	59.532337	-3.958602e-01	2000	1	9	3
	153	106	215.156250	59.532337	-4.139934e-01	2000	1	9	4
	152	106	213.750000	59.532337	-4.268637e-01	2000	1	9	5
	154	106	216.562500	59.532337	-4.443173e-01	2000	1	9	6
	155	106	217.968750	59.532337	-4.572968e-01	2000	1	9	7
	154	106	216.562500	59.532337	-4.704494e-01	2000	1	9	8
	156	106	219.375000	59.532337	-4.831605e-01	2000	1	9	9
	155	107	217.968750	60.933072	-4.995379e-01	2000	1	9	10
	156	106	219.375000	59.532337	-5.057821e-01	2000	1	9	11
	156	106	219.375000	59.532337	-5.171533e-01	2000	1	9	12
	156	107	219.375000	60.933072	-5.342178e-01	2000	1	9	13
	157	107	220.781250	60.933072	-5.424042e-01	2000	1	9	14
	157	107	220.781250	60.933072	-5.508285e-01	2000	1	9	15
	158	106	222.187500	59.532337	-5.572033e-01	2000	1	9	16
	158	107	222.187500	60.933072	-5.753741e-01	2000	1	9	17
	158	107	222.187500	60.933072	-5.875835e-01	2000	1	9	18
	160	107	225.000000	60.933072	-6.059670e-01	2000	1	9	19
	160	107	225.000000	60.933072	-6.115222e-01	2000	1	9	20
	159	107	223.593750	60.933072	-6.098466e-01	2000	1	9	21
	160	107	225.000000	60.933072	-6.275053e-01	2000	1	9	22
	161	107	226.406250	60.933072	-6.350231e-01	2000	1	9	23
	161	107	226.406250	60.933072	-6.370573e-01	2000	1	10	0
	161	108	226.406250	62.333803	-6.418786e-01	2000	1	10	1
	162	108	227.812500	62.333803	-6.551661e-01	2000	1	10	2
	162	108	227.812500	62.333803	-6.605325e-01	2000	1	10	3
	163	108	229.218750	62.333803	-6.663070e-01	2000	1	10	4
	163	108	229.218750	62.333803	-6.768274e-01	2000	1	10	5
	162	109	227.812500	63.734530	-6.847010e-01	2000	1	10	6
	163	108	229.218750	62.333803	-6.912289e-01	2000	1	10	7
	164	108	230.625000	62.333803	-7.071419e-01	2000	1	10	8
	164	109	230.625000	63.734530	-7.127643e-01	2000	1	10	9
	164	109	230.625000	63.734530	-7.308130e-01	2000	1	10	10
	165	109	232.031250	63.734530	-7.269430e-01	2000	1	10	11
	165	109	232.031250	63.734530	-7.286744e-01	2000	1	10	12
	166	108	233.437500	62.333803	-7.362695e-01	2000	1	10	13
	166	109	233.437500	63.734530	-7.403026e-01	2000	1	10	14
	166	109	233.437500	63.734530	-7.548175e-01	2000	1	10	15
	167	109	234.843750	63.734530	-7.581596e-01	2000	1	10	16
	168	109	236.250000	63.734530	-7.767949e-01	2000	1	10	17
	169	109	237.656250	63.734530	-7.779098e-01	2000	1	10	18
	168	110	236.250000	65.135251	-7.813654e-01	2000	1	10	19
	168	110	236.250000	65.135251	-7.825789e-01	2000	1	10	20
	168	110	236.250000	65.135251	-7.877789e-01	2000	1	10	21
	169	110	237.656250	65.135251	-7.979198e-01	2000	1	10	22
	170	110	239.062500	65.135251	-7.884455e-01	2000	1	10	23
	170	110	239.062500	65.135251	-7.898932e-01	2000	1	11	0
	171	110	240.468750	65.135251	-8.025527e-01	2000	1	11	1
	171	110	240.468750	65.135251	-7.907324e-01	2000	1	11	2
	173	110	243.281250	65.135251	-7.984409e-01	2000	1	11	3
	172	111	241.875000	66.535966	-7.961683e-01	2000	1	11	4
	173	110	243.281250	65.135251	-7.993536e-01	2000	1	11	5
	173	111	243.281250	66.535966	-8.033438e-01	2000	1	11	6
	175	111	246.093750	66.535966	-8.081989e-01	2000	1	11	7
	174	111	244.687500	66.535966	-8.311553e-01	2000	1	11	8
	175	111	246.093750	66.535966	-8.296690e-01	2000	1	11	9
	175	111	246.093750	66.535966	-8.392820e-01	2000	1	11	10
	175	111	246.093750	66.535966	-8.252826e-01	2000	1	11	11
	177	111	248.906250	66.535966	-8.332510e-01	2000	1	11	12
	176	111	247.500000	66.535966	-8.378305e-01	2000	1	11	13
	178	111	250.312500	66.535966	-8.575821e-01	2000	1	11	14
	178	111	250.312500	66.535966	-8.504910e-01	2000	1	11	15
	178	111	250.312500	66.535966	-8.550954e-01	2000	1	11	16
	180	111	253.125000	66.535966	-8.532991e-01	2000	1	11	17
	179	111	251.718750	66.535966	-8.561521e-01	2000	1	11	18
	181	111	254.531250	66.535966	-8.530402e-01	2000	1	11	19
	181	111	254.531250	66.535966	-8.581939e-01	2000	1	11	20
	182	111	255.937500	66.535966	-8.608766e-01	2000	1	11	21
	182	111	255.937500	66.535966	-8.612361e-01	2000	1	11	22
	183	112	257.343750	67.936673	-8.641639e-01	2000	1	11	23
	183	112	257.343750	67.936673	-8.775654e-01	2000	1	12	0
	184	112	258.750000	67.936673	-8.866854e-01	2000	1	12	1
	183	112	257.343750	67.936673	-8.842750e-01	2000	1	12	2
	185	112	260.156250	67.936673	-8.883324e-01	2000	1	12	3
	186	112	261.562500	67.936673	-8.996410e-01	2000	1	12	4
	186	112	261.562500	67.936673	-9.096637e-01	2000	1	12	5
	186	112	261.562500	67.936673	-9.149871e-01	2000	1	12	6
	188	112	264.375000	67.936673	-9.242148e-01	2000	1	12	7
	189	112	265.781250	67.936673	-9.349432e-01	2000	1	12	8
	189	112	265.781250	67.936673	-9.503670e-01	2000	1	12	9
	189	112	265.781250	67.936673	-9.420805e-01	2000	1	12	10
	189	112	265.781250	67.936673	-9.388285e-01	2000	1	12	11
	190	112	267.187500	67.936673	-9.445066e-01	2000	1	12	12
	192	112	270.000000	67.936673	-9.394460e-01	2000	1	12	13
	193	112	271.406250	67.936673	-9.378538e-01	2000	1	12	14
	194	112	272.812500	67.936673	-9.278622e-01	2000	1	12	15
	192	112	270.000000	67.936673	-9.314227e-01	2000	1	12	16
	195	112	274.218750	67.936673	-9.318223e-01	2000	1	12	17
	195	112	274.218750	67.936673	-9.444532e-01	2000	1	12	18
	194	112	272.812500	67.936673	-9.363937e-01	2000	1	12	19
	197	112	277.031250	67.936673	-9.322033e-01	2000	1	12	20
	197	112	277.031250	67.936673	-9.237657e-01	2000	1	12	21
	198	112	278.437500	67.936673	-9.285722e-01	2000	1	12	22
	198	113	278.437500	69.337372	-9.159641e-01	2000	1	12	23
	198	113	278.437500	69.337372	-9.252648e-01	2000	1	13	0
start	97	2000	1	9	0
	66	106	92.812500	59.532337	-3.527179e-01	2000	1	9	0
	66	106	92.812500	59.532337	-3.648429e-01	2000	1	9	1
	67	106	94.218750	59.532337	-3.811107e-01	2000	1	9	2
	62	105	87.187500	58.131598	-3.914976e-01	2000	1	9	3
	68	106	95.625000	59.532337	-4.169617e-01	2000	1	9	4
	69	106	97.031250	59.532337	-4.251790e-01	2000	1	9	5
	68	106	95.625000	59.532337	-4.490404e-01	2000	1	9	6
	68	106	95.625000	59.532337	-4.575639e-01	2000	1	9	7
	70	106	98.437500	59.532337	-4.678884e-01	2000	1	9	8
	70	106	98.437500	59.532337	-4.837027e-01	2000	1	9	9
	71	106	99.843750	59.532337	-4.957080e-01	2000	1	9	10
	71	107	99.843750	60.933072	-5.066805e-01	2000	1	9	11
	71	107	99.843750	60.933072	-5.103369e-01	2000	1	9	12
	71	106	99.843750	59.532337	-5.276451e-01	2000	1	9	13
	73	106	102.656250	59.532337	-5.389280e-01	2000	1	9	14
	71	107	99.843750	60.933072	-5.558357e-01	2000	1	9	15
	73	107	102.656250	60.933072	-5.686064e-01	2000	1	9	16
	72	107	101.250000	60.933072	-5.718789e-01	2000	1	9	17
	74	107	104.062500	60.933072	-5.876398e-01	2000	1	9	18
	74	107	104.062500	60.933072	-5.986209e-01	2000	1	9	19
	74	107	104.062500	60.933072	-6.049871e-01	2000	1	9	20
	75	107	105.468750	60.933072	-6.187706e-01	2000	1	9	21
	76	107	106.875000	60.933072	-6.287494e-01	2000	1	9	22
	76	107	106.875000	60.933072	-6.279707e-01	2000	1	9	23
	77	107	108.281250	60.933072	-6.322551e-01	2000	1	10	0
	77	107	108.281250	60.933072	-6.421261e-01	2000	1	10	1
	76	108	106.875000	62.333803	-6.543703e-01	2000	1	10	2
	77	108	108.281250	62.333803	-6.654420e-01	2000	1	10	3
	76	108	106.875000	62.333803	-6.763687e-01	2000	1	10	4
	76	108	106.875000	62.333803	-6.795583e-01	2000	1	10	5
	79	108	111.093750	62.333803	-6.903129e-01	2000	1	10	6
	77	109	108.281250	63.734530	-6.966066e-01	2000	1	10	7
	77	109	108.281250	63.734530	-7.007418e-01	2000	1	10	8
	79	108	111.093750	62.333803	-7.116609e-01	2000	1	10	9
	79	109	111.093750	63.734530	-7.150440e-01	2000	1	10	10
	79	109	111.093750	63.734530	-7.304015e-01	2000	1	10	11
	80	109	112.500000	63.734530	-7.268829e-01	2000	1	10	12
	80	109	112.500000	63.734530	-7.297850e-01	2000	1	10	13
	82	109	115.312500	63.734530	-7.445970e-01	2000	1	10	14
	82	109	115.312500	63.734530	-7.557178e-01	2000	1	10	15
	82	109	115.312500	63.734530	-7.717385e-01	2000	1	10	16
	82	109	115.312500	63.734530	-7.717848e-01	2000	1	10	17
	83	110	116.718750	65.135251	-7.778397e-01	2000	1	10	18
	82	109	115.312500	63.734530	-7.822528e-01	2000	1	10	19
	83	110	116.718750	65.135251	-7.814670e-01	2000	1	10	20
	83	110	116.718750	65.135251	-7.839184e-01	2000	1	10	21
	84	110	118.125000	65.135251	-7.875152e-01	2000	1	10	22
	85	110	119.531250	65.135251	-7.839370e-01	2000	1	10	23
	84	110	118.125000	65.135251	-7.959008e-01	2000	1	11	0
	85	110	119.531250	65.135251	-7.966185e-01	2000	1	11	1
	85	110	119.531250	65.135251	-7.997351e-01	2000	1	11	2
	86	110	120.937500	65.135251	-7.911787e-01	2000	1	11	3
	88	110	123.750000	65.135251	-8.024931e-01	2000	1	11	4
	87	111	122.343750	66.535966	-7.975521e-01	2000	1	11	5
	87	111	122.343750	66.535966	-7.985950e-01	2000	1	11	6
	89	111	125.156250	66.535966	-8.171468e-01	2000	1	11	7
	89	111	125.156250	66.535966	-8.239765e-01	2000	1	11	8
	89	111	125.156250	66.535966	-8.292909e-01	2000	1	11	9
	89	111	125.156250	66.535966	-8.297458e-01	2000	1	11	10
	89	111	125.156250	66.535966	-8.302155e-01	2000	1	11	11
	91	111	127.968750	66.535966	-8.409967e-01	2000	1	11	12
	92	111	129.375000	66.535966	-8.475318e-01	2000	1	11	13
	92	111	129.375000	66.535966	-8.450899e-01	2000	1	11	14
	93	111	130.781250	66.535966	-8.551097e-01	2000	1	11	15
	94	111	132.187500	66.535966	-8.476467e-01	2000	1	11	16
	94	111	132.187500	66.535966	-8.556600e-01	2000	1	11	17
	95	111	133.593750	66.535966	-8.602648e-01	2000	1	11	18
	95	111	133.593750	66.535966	-8.635721e-01	2000	1	11	19
	96	111	135.000000	66.535966	-8.595114e-01	2000	1	11	20
	97	111	136.406250	66.535966	-8.600612e-01	2000	1	11	21
	96	112	135.000000	67.936673	-8.593960e-01	2000	1	11	22
	97	112	136.406250	67.936673	-8.646822e-01	2000	1	11	23
	98	112	137.812500	67.936673	-8.740864e-01	2000	1	12	0
	99	112	139.218750	67.936673	-8.773136e-01	2000	1	12	1
	99	112	139.218750	67.936673	-8.847713e-01	2000	1	12	2
	99	112	139.218750	67.936673	-8.957505e-01	2000	1	12	3
	99	112	139.218750	67.936673	-8.979845e-01	2000	1	12	4
	101	112	142.031250	67.936673	-9.096637e-01	2000	1	12	5
	102	112	143.437500	67.936673	-9.123321e-01	2000	1	12	6
	102	112	143.437500	67.936673	-9.268265e-01	2000	1	12	7
	102	112	143.437500	67.936673	-9.296303e-01	2000	1	12	8
	103	112	144.843750	67.936673	-9.365230e-01	2000	1	12	9
	104	112	146.250000	67.936673	-9.419026e-01	2000	1	12	10
	105	112	147.656250	67.936673	-9.515338e-01	2000	1	12	11
	105	112	147.656250	67.936673	-9.443288e-01	2000	1	12	12
	106	112	149.062500	67.936673	-9.354916e-01	2000	1	12	13
	106	112	149.062500	67.936673	-9.361362e-01	2000	1	12	14
	107	112	150.468750	67.936673	-9.266529e-01	2000	1	12	15
	108	112	151.875000	67.936673	-9.331098e-01	2000	1	12	16
	108	112	151.875000	67.936673	-9.280005e-01	2000	1	12	17
	111	112	156.093750	67.936673	-9.324341e-01	2000	1	12	18
	109	112	153.281250	67.936673	-9.263334e-01	2000	1	12	19
	112	112	157.500000	67.936673	-9.318357e-01	2000	1	12	20
	111	112	156.093750	67.936673	-9.264803e-01	2000	1	12	21
	113	112	158.906250	67.936673	-9.165959e-01	2000	1	12	22
	113	113	158.906250	69.337372	-9.189563e-01	2000	1	12	23
	113	113	158.906250	69.337372	-9.275937e-01	2000	1	13	0
start	97	2000	1	9	0
	194	106	272.812500	59.532337	-3.527179e-01	2000	1	9	0
	194	106	272.812500	59.532337	-3.648429e-01	2000	1	9	1
	195	106	274.218750	59.532337	-3.811107e-01	2000	1	9	2
	190	105	267.187500	58.131598	-3.914976e-01	2000	1	9	3
	196	106	275.625000	59.532337	-4.169617e-01	2000	1	9	4
	197	106	277.031250	59.532337	-4.251790e-01	2000	1	9	5
	196	106	275.625000	59.532337	-4.490404e-01	2000	1	9	6
	196	106	275.625000	59.532337	-4.575639e-01	2000	1	9	7
	198	106	278.437500	59.532337	-4.679542e-01	2000	1	9	8
	198	106	278.437500	59.532337	-4.837027e-01	2000	1	9	9
	199	106	279.843750	59.532337	-4.957080e-01	2000	1	9	10
	199	107	279.843750	60.933072	-5.066805e-01	2000	1	9	11
	199	107	279.843750	60.933072	-5.103369e-01	2000	1	9	12
	199	106	279.843750	59.532337	-5.276823e-01	2000	1	9	13
	201	106	282.656250	59.532337	-5.389280e-01	2000	1	9	14
	199	107	279.843750	60.933072	-5.558357e-01	2000	1	9	15
	201	107	282.656250	60.933072	-5.686064e-01	2000	1	9	16
	200	107	281.250000	60.933072	-5.718789e-01	2000	1	9	17
	202	107	284.062500	60.933072	-5.876398e-01	2000	1	9	18
	202	107	284.062500	60.933072	-5.986209e-01	2000	1	9	19
	202	107	284.062500	60.933072	-6.049871e-01	2000	1	9	20
	203	107	285.468750	60.933072	-6.187706e-01	2000	1	9	21
	204	107	286.875000	60.933072	-6.287494e-01	2000	1	9	22
	204	107	286.875000	60.933072	-6.279707e-01	2000	1	9	23
	205	107	288.281250	60.933072	-6.322551e-01	2000	1	10	0
	205	107	288.281250	60.933072	-6.421261e-01	2000	1	10	1
	204	108	286.875000	62.333803	-6.543703e-01	2000	1	10	2
	205	108	288.281250	62.333803	-6.654420e-01	2000	1	10	3
	204	108	286.875000	62.333803	-6.763687e-01	2000	1	10	4
	204	108	286.875000	62.333803	-6.795583e-01	2000	1	10	5
	207	108	291.093750	62.333803	-6.903129e-01	2000	1	10	6
	205	109	288.281250	63.734530	-6.966066e-01	2000	1	10	7
	205	109	288.281250	63.734530	-7.007418e-01	2000	1	10	8
	207	108	291.093750	62.333803	-7.116609e-01	2000	1	10	9
	207	109	291.093750	63.734530	-7.150440e-01	2000	1	10	10
	207	109	291.093750	63.734530	-7.304015e-01	2000	1	10	11
	208	109	292.500000	63.734530	-7.268829e-01	2000	1	10	12
	208	109	292.500000	63.734530	-7.297125e-01	2000	1	10	13
	210	109	295.312500	63.734530	-7.445970e-01	2000	1	10	14
	210	109	295.312500	63.734530	-7.557178e-01	2000	1	10	15
	210	109	295.312500	63.734530	-7.717385e-01	2000	1	10	16
	210	109	295.312500	63.734530	-7.717848e-01	2000	1	10	17
	211	110	296.718750	65.135251	-7.778397e-01	2000	1	10	18
	210	109	295.312500	63.734530	-7.822528e-01	2000	1	10	19
	211	110	296.718750	65.135251	-7.814670e-01	2000	1	10	20
	211	110	296.718750	65.135251	-7.839184e-01	2000	1	10	21
	212	110	298.125000	65.135251	-7.875152e-01	2000	1	10	22
	213	110	299.531250	65.135251	-7.839370e-01	2000	1	10	23
	212	110	298.125000	65.135251	-7.959008e-01	2000	1	11	0
	213	110	299.531250	65.135251	-7.966185e-01	2000	1	11	1
	213	110	299.531250	65.135251	-7.997351e-01	2000	1	11	2
	214	110	300.937500	65.135251	-7.911787e-01	2000	1	11	3
	216	110	303.750000	65.135251	-8.024931e-01	2000	1	11	4
	215	111	302.343750	66.535966	-7.975521e-01	2000	1	11	5
	215	111	302.343750	66.535966	-7.985950e-01	2000	1	11	6
	217	111	305.156250	66.535966	-8.170366e-01	2000	1	11	7
	217	111	305.156250	66.535966	-8.239765e-01	2000	1	11	8
	217	111	305.156250	66.535966	-8.292909e-01	2000	1	11	9
	217	111	305.156250	66.535966	-8.297458e-01	2000	1	11	10
	217	111	305.156250	66.535966	-8.302155e-01	2000	1	11	11
	219	111	307.968750	66.535966	-8.408389e-01	2000	1	11	12
	220	111	309.375000	66.535966	-8.475318e-01	2000	1	11	13
	220	111	309.375000	66.535966	-8.450899e-01	2000	1	11	14
	221	111	310.781250	66.535966	-8.549242e-01	2000	1	11	15
	222	111	312.187500	66.535966	-8.474646e-01	2000	1	11	16
	222	111	312.187500	66.535966	-8.556600e-01	2000	1	11	17
	223	111	313.593750	66.535966	-8.602648e-01	2000	1	11	18
	223	111	313.593750	66.535966	-8.635721e-01	2000	1	11	19
	224	111	315.000000	66.535966	-8.595114e-01	2000	1	11	20
	225	111	316.406250	66.535966	-8.600612e-01	2000	1	11	21
	224	112	315.000000	67.936673	-8.593960e-01	2000	1	11	22
	225	112	316.406250	67.936673	-8.613257e-01	2000	1	11	23
	226	112	317.812500	67.936673	-8.740864e-01	2000	1	12	0
	227	112	319.218750	67.936673	-8.773136e-01	2000	1	12	1
	227	112	319.218750	67.936673	-8.847713e-01	2000	1	12	2
	227	112	319.218750	67.936673	-8.957505e-01	2000	1	12	3
	227	112	319.218750	67.936673	-8.948293e-01	2000	1	12	4
	229	112	322.031250	67.936673	-9.098263e-01	2000	1	12	5
	230	112	323.437500	67.936673	-9.123321e-01	2000	1	12	6
	230	112	323.437500	67.936673	-9.268265e-01	2000	1	12	7
	230	112	323.437500	67.936673	-9.296303e-01	2000	1	12	8
	231	112	324.843750	67.936673	-9.365230e-01	2000	1	12	9
	232	112	326.250000	67.936673	-9.420805e-01	2000	1	12	10
	232	112	326.250000	67.936673	-9.384785e-01	2000	1	12	11
	233	112	327.656250	67.936673	-9.445066e-01	2000	1	12	12
	234	112	329.062500	67.936673	-9.354916e-01	2000	1	12	13
	236	112	331.875000	67.936673	-9.372830e-01	2000	1	12	14
	235	112	330.468750	67.936673	-9.268484e-01	2000	1	12	15
	236	112	331.875000	67.936673	-9.331098e-01	2000	1	12	16
	236	112	331.875000	67.936673	-9.281974e-01	2000	1	12	17
	239	112	336.093750	67.936673	-9.324341e-01	2000	1	12	18
	237	112	333.281250	67.936673	-9.357567e-01	2000	1	12	19
	240	112	337.500000	67.936673	-9.318357e-01	2000	1	12	20
	239	112	336.093750	67.936673	-9.266472e-01	2000	1	12	21
	241	112	338.906250	67.936673	-9.165959e-01	2000	1	12	22
	241	113	338.906250	69.337372	-9.189563e-01	2000	1	12	23
	241	113	338.906250	69.337372	-9.277353e-01	2000	1	13	0
start	97	2000	1	9	0
	235	106	330.468750	59.532337	-3.454409e-01	2000	1	9	0
	236	106	331.875000	59.532337	-3.652577e-01	2000	1	9	1
	238	105	334.687500	58.131598	-3.765445e-01	2000	1	9	2
	238	106	334.687500	59.532337	-3.928456e-01	2000	1	9	3
	237	106	333.281250	59.532337	-4.083920e-01	2000	1	9	4
	240	106	337.500000	59.532337	-4.220872e-01	2000	1	9	5
	240	106	337.500000	59.532337	-4.373641e-01	2000	1	9	6
	240	106	337.500000	59.532337	-4.625387e-01	2000	1	9	7
	240	106	337.500000	59.532337	-4.801254e-01	2000	1	9	8
	239	106	336.093750	59.532337	-4.830265e-01	2000	1	9	9
	240	107	337.500000	60.933072	-4.962826e-01	2000	1	9	10
	240	107	337.500000	60.933072	-4.993143e-01	2000	1	9	11
	242	106	340.312500	59.532337	-5.143652e-01	2000	1	9	12
	242	107	340.312500	60.933072	-5.300150e-01	2000	1	9	13
	242	107	340.312500	60.933072	-5.326185e-01	2000	1	9	14
	243	107	341.718750	60.933072	-5.453124e-01	2000	1	9	15
	243	107	341.718750	60.933072	-5.666661e-01	2000	1	9	16
	244	107	343.125000	60.933072	-5.775485e-01	2000	1	9	17
	245	107	344.531250	60.933072	-5.871272e-01	2000	1	9	18
	245	107	344.531250	60.933072	-5.922523e-01	2000	1	9	19
	244	107	343.125000	60.933072	-6.065111e-01	2000	1	9	20
	245	107	344.531250	60.933072	-6.170402e-01	2000	1	9	21
	246	107	345.937500	60.933072	-6.276770e-01	2000	1	9	22
	246	108	345.937500	62.333803	-6.302638e-01	2000	1	9	23
	247	107	347.343750	60.933072	-6.359582e-01	2000	1	10	0
	246	108	345.937500	62.333803	-6.457524e-01	2000	1	10	1
	246	108	345.937500	62.333803	-6.475792e-01	2000	1	10	2
	247	108	347.343750	62.333803	-6.619725e-01	2000	1	10	3
	249	107	350.156250	60.933072	-6.687913e-01	2000	1	10	4
	249	108	350.156250	62.333803	-6.818190e-01	2000	1	10	5
	249	108	350.156250	62.333803	-6.839261e-01	2000	1	10	6
	249	108	350.156250	62.333803	-6.955810e-01	2000	1	10	7
	248	109	348.750000	63.734530	-6.999760e-01	2000	1	10	8
	249	108	350.156250	62.333803	-7.112899e-01	2000	1	10	9
	251	108	352.968750	62.333803	-7.157254e-01	2000	1	10	10
	250	109	351.562500	63.734530	-7.215023e-01	2000	1	10	11
	251	109	352.968750	63.734530	-7.323704e-01	2000	1	10	12
	251	109	352.968750	63.734530	-7.309308e-01	2000	1	10	13
	251	109	352.968750	63.734530	-7.447829e-01	2000	1	10	14
	251	109	352.968750	63.734530	-7.577853e-01	2000	1	10	15
	252	109	354.375000	63.734530	-7.608471e-01	2000	1	10	16
	253	110	355.781250	65.135251	-7.672935e-01	2000	1	10	17
	253	110	355.781250	65.135251	-7.823195e-01	2000	1	10	18
	253	110	355.781250	65.135251	-7.854013e-01	2000	1	10	19
	253	110	355.781250	65.135251	-7.925735e-01	2000	1	10	20
	253	110	355.781250	65.135251	-7.893939e-01	2000	1	10	21
	254	110	357.187500	65.135251	-7.869806e-01	2000	1	10	22
	254	110	357.187500	65.135251	-7.937436e-01	2000	1	10	23
	0	110	0.000000	65.135251	-8.053813e-01	2000	1	11	0
	0	110	0.000000	65.135251	-7.888908e-01	2000	1	11	1
	0	110	0.000000	65.135251	-7.891488e-01	2000	1	11	2
	0	110	0.000000	65.135251	-7.973423e-01	2000	1	11	3
	2	110	2.812500	65.135251	-7.967486e-01	2000	1	11	4
	2	110	2.812500	65.135251	-7.951832e-01	2000	1	11	5
	3	111	4.218750	66.535966	-8.071012e-01	2000	1	11	6
	2	111	2.812500	66.535966	-8.119998e-01	2000	1	11	7
	3	111	4.218750	66.535966	-8.203726e-01	2000	1	11	8
	4	111	5.625000	66.535966	-8.228765e-01	2000	1	11	9
	5	111	7.031250	66.535966	-8.289037e-01	2000	1	11	10
	5	111	7.031250	66.535966	-8.462934e-01	2000	1	11	11
	6	111	8.437500	66.535966	-8.479209e-01	2000	1	11	12
	6	111	8.437500	66.535966	-8.399911e-01	2000	1	11	13
	8	111	11.250000	66.535966	-8.360324e-01	2000	1	11	14
	6	111	8.437500	66.535966	-8.493524e-01	2000	1	11	15
	8	111	11.250000	66.535966	-8.533435e-01	2000	1	11	16
	9	111	12.656250	66.535966	-8.551917e-01	2000	1	11	17
	10	111	14.062500	66.535966	-8.599110e-01	2000	1	11	18
	10	111	14.062500	66.535966	-8.546762e-01	2000	1	11	19
	11	111	15.468750	66.535966	-8.560796e-01	2000	1	11	20
	11	111	15.468750	66.535966	-8.641787e-01	2000	1	11	21
	12	112	16.875000	67.936673	-8.587646e-01	2000	1	11	22
	12	112	16.875000	67.936673	-8.644223e-01	2000	1	11	23
	13	112	18.281250	67.936673	-8.739457e-01	2000	1	12	0
	12	112	16.875000	67.936673	-8.764019e-01	2000	1	12	1
	13	112	18.281250	67.936673	-8.842416e-01	2000	1	12	2
	14	112	19.687500	67.936673	-8.883324e-01	2000	1	12	3
	15	112	21.093750	67.936673	-9.011908e-01	2000	1	12	4
	16	112	22.500000	67.936673	-9.021764e-01	2000	1	12	5
	17	112	23.906250	67.936673	-9.123321e-01	2000	1	12	6
	17	112	23.906250	67.936673	-9.297872e-01	2000	1	12	7
	18	112	25.312500	67.936673	-9.347777e-01	2000	1	12	8
	18	112	25.312500	67.936673	-9.501944e-01	2000	1	12	9
	18	112	25.312500	67.936673	-9.420805e-01	2000	1	12	10
	20	112	28.125000	67.936673	-9.422531e-01	2000	1	12	11
	20	112	28.125000	67.936673	-9.390230e-01	2000	1	12	12
	20	112	28.125000	67.936673	-9.410944e-01	2000	1	12	13
	21	112	29.531250	67.936673	-9.404578e-01	2000	1	12	14
	22	112	30.937500	67.936673	-9.306493e-01	2000	1	12	15
	23	112	32.343750	67.936673	-9.229960e-01	2000	1	12	16
	23	112	32.343750	67.936673	-9.272151e-01	2000	1	12	17
	24	112	33.750000	67.936673	-9.406371e-01	2000	1	12	18
	24	112	33.750000	67.936673	-9.274435e-01	2000	1	12	19
	27	112	37.968750	67.936673	-9.359508e-01	2000	1	12	20
	26	112	36.562500	67.936673	-9.259796e-01	2000	1	12	21
	28	112	39.375000	67.936673	-9.161220e-01	2000	1	12	22
	27	112	37.968750	67.936673	-9.131818e-01	2000	1	12	23
	28	113	39.375000	69.337372	-9.165502e-01	2000	1	13	0
start	96	2000	1	9	1
	108	106	151.875000	59.532337	-3.652577e-01	2000	1	9	1
	110	105	154.687500	58.131598	-3.765445e-01	2000	1	9	2
	110	106	154.687500	59.532337	-3.928456e-01	2000	1	9	3
	109	106	153.281250	59.532337	-4.083920e-01	2000	1	9	4
	112	106	157.500000	59.532337	-4.220872e-01	2000	1	9	5
	112	106	157.500000	59.532337	-4.373641e-01	2000	1	9	6
	112	106	157.500000	59.532337	-4.625387e-01	2000	1	9	7
	112	106	157.500000	59.532337	-4.801254e-01	2000	1	9	8
	111	106	156.093750	59.532337	-4.830265e-01	2000	1	9	9
	112	107	157.500000	60.933072	-4.962826e-01	2000	1	9	10
	112	107	157.500000	60.933072	-4.993143e-01	2000	1	9	11
	114	106	160.312500	59.532337	-5.143652e-01	2000	1	9	12
	114	107	160.312500	60.933072	-5.300150e-01	2000	1	9	13
	114	107	160.312500	60.933072	-5.326185e-01	2000	1	9	14
	115	107	161.718750	60.933072	-5.453124e-01	2000	1	9	15
	115	107	161.718750	60.933072	-5.666661e-01	2000	1	9	16
	116	107	163.125000	60.933072	-5.775485e-01	2000	1	9	17
	117	107	164.531250	60.933072	-5.871272e-01	2000	1	9	18
	117	107	164.531250	60.933072	-5.922523e-01	2000	1	9	19
	116	107	163.125000	60.933072	-6.065111e-01	2000	1	9	20
	117	107	164.531250	60.933072	-6.170402e-01	2000	1	9	21
	118	107	165.937500	60.933072	-6.276770e-01	2000	1	9	22
	118	108	165.937500	62.333803	-6.302638e-01	2000	1	9	23
	119	107	167.343750	60.933072	-6.359582e-01	2000	1	10	0
	118	108	165.937500	62.333803	-6.457524e-01	2000	1	10	1
	118	108	165.937500	62.333803	-6.475792e-01	2000	1	10	2
	119	108	167.343750	62.333803	-6.619725e-01	2000	1	10	3
	121	107	170.156250	60.933072	-6.687913e-01	2000	1	10	4
	121	108	170.156250	62.333803	-6.818190e-01	2000	1	10	5
	121	108	170.156250	62.333803	-6.839261e-01	2000	1	10	6
	121	108	170.156250	62.333803	-6.955810e-01	2000	1	10	7
	120	109	168.750000	63.734530	-6.999760e-01	2000	1	10	8
	121	108	170.156250	62.333803	-7.112899e-01	2000	1	10	9
	123	108	172.968750	62.333803	-7.157254e-01	2000	1	10	10
	122	109	171.562500	63.734530	-7.215023e-01	2000	1	10	11
	123	109	172.968750	63.734530	-7.323704e-01	2000	1	10	12
	123	109	172.968750	63.734530	-7.309308e-01	2000	1	10	13
	123	109	172.968750	63.734530	-7.447829e-01	2000	1	10	14
	123	109	172.968750	63.734530	-7.577853e-01	2000	1	10	15
	124	109	174.375000	63.734530	-7.608471e-01	2000	1	10	16
	125	110	175.781250	65.135251	-7.672935e-01	2000	1	10	17
	125	110	175.781250	65.135251	-7.823195e-01	2000	1	10	18
	125	110	175.781250	65.135251	-7.854013e-01	2000	1	10	19
	125	110	175.781250	65.135251	-7.925735e-01	2000	1	10	20
	125	110	175.781250	65.135251	-7.893939e-01	2000	1	10	21
	126	110	177.187500	65.135251	-7.869806e-01	2000	1	10	22
	127	110	178.593750	65.135251	-7.895756e-01	2000	1	10	23
	128	110	180.000000	65.135251	-8.053813e-01	2000	1	11	0
	128	110	180.000000	65.135251	-7.888908e-01	2000	1	11	1
	128	110	180.000000	65.135251	-7.890210e-01	2000	1	11	2
	128	110	180.000000	65.135251	-7.973423e-01	2000	1	11	3
	130	110	182.812500	65.135251	-7.967486e-01	2000	1	11	4
	130	110	182.812500	65.135251	-7.950573e-01	2000	1	11	5
	131	111	184.218750	66.535966	-8.071012e-01	2000	1	11	6
	130	111	182.812500	66.535966	-8.118644e-01	2000	1	11	7
	131	111	184.218750	66.535966	-8.203726e-01	2000	1	11	8
	132	111	185.625000	66.535966	-8.228765e-01	2000	1	11	9
	133	111	187.031250	66.535966	-8.289037e-01	2000	1	11	10
	133	111	187.031250	66.535966	-8.462934e-01	2000	1	11	11
	134	111	188.437500	66.535966	-8.479209e-01	2000	1	11	12
	134	111	188.437500	66.535966	-8.399911e-01	2000	1	11	13
	136	111	191.250000	66.535966	-8.360324e-01	2000	1	11	14
	134	111	188.437500	66.535966	-8.493524e-01	2000	1	11	15
	136	111	191.250000	66.535966	-8.531694e-01	2000	1	11	16
	137	111	192.656250	66.535966	-8.551917e-01	2000	1	11	17
	138	111	194.062500	66.535966	-8.599110e-01	2000	1	11	18
	138	111	194.062500	66.535966	-8.546762e-01	2000	1	11	19
	139	111	195.468750	66.535966	-8.560796e-01	2000	1	11	20
	139	111	195.468750	66.535966	-8.641787e-01	2000	1	11	21
	140	112	196.875000	67.936673	-8.587646e-01	2000	1	11	22
	140	112	196.875000	67.936673	-8.644223e-01	2000	1	11	23
	141	112	198.281250	67.936673	-8.706007e-01	2000	1	12	0
	140	112	196.875000	67.936673	-8.764019e-01	2000	1	12	1
	141	112	198.281250	67.936673	-8.842416e-01	2000	1	12	2
	142	112	199.687500	67.936673	-8.883324e-01	2000	1	12	3
	143	112	201.093750	67.936673	-9.011908e-01	2000	1	12	4
	144	112	202.500000	67.936673	-9.021764e-01	2000	1	12	5
	145	112	203.906250	67.936673	-9.124861e-01	2000	1	12	6
	145	112	203.906250	67.936673	-9.241419e-01	2000	1	12	7
	146	112	205.312500	67.936673	-9.347777e-01	2000	1	12	8
	146	112	205.312500	67.936673	-9.417939e-01	2000	1	12	9
	146	112	205.312500	67.936673	-9.420805e-01	2000	1	12	10
	148	112	208.125000	67.936673	-9.513535e-01	2000	1	12	11
	148	112	208.125000	67.936673	-9.390230e-01	2000	1	12	12
	148	112	208.125000	67.936673	-9.363065e-01	2000	1	12	13
	149	112	209.531250	67.936673	-9.404578e-01	2000	1	12	14
	150	112	210.937500	67.936673	-9.306493e-01	2000	1	12	15
	151	112	212.343750	67.936673	-9.229960e-01	2000	1	12	16
	151	112	212.343750	67.936673	-9.272151e-01	2000	1	12	17
	152	112	213.750000	67.936673	-9.406371e-01	2000	1	12	18
	152	112	213.750000	67.936673	-9.276466e-01	2000	1	12	19
	155	112	217.968750	67.936673	-9.361262e-01	2000	1	12	20
	154	112	216.562500	67.936673	-9.259796e-01	2000	1	12	21
	156	112	219.375000	67.936673	-9.162798e-01	2000	1	12	22
	155	113	217.968750	69.337372	-9.132500e-01	2000	1	12	23
	156	113	219.375000	69.337372	-9.165502e-01	2000	1	13	0
start	27	2000	1	11	4
	124	82	174.375000	25.914186	-1.149067e+00	2000	1	11	4
	126	82	177.187500	25.914186	-1.232585e+00	2000	1	11	8
	127	82	178.593750	25.914186	-1.279926e+00	2000	1	11	10
	130	82	182.812500	25.914186	-1.384021e+00	2000	1	11	16
	131	82	184.218750	25.914186	-1.433924e+00	2000	1	11	18
	134	82	188.437500	25.914186	-1.500040e+00	2000	1	11	23
	134	82	188.437500	25.914186	-1.543829e+00	2000	1	12	0
	135	82	189.843750	25.914186	-1.555001e+00	2000	1	12	1
	136	82	191.250000	25.914186	-1.607394e+00	2000	1	12	3
	136	82	191.250000	25.914186	-1.616206e+00	2000	1	12	4
	138	82	194.062500	25.914186	-1.684019e+00	2000	1	12	7
	139	82	195.468750	25.914186	-1.684521e+00	2000	1	12	8
	140	82	196.875000	25.914186	-1.688751e+00	2000	1	12	9
	140	82	196.875000	25.914186	-1.743861e+00	2000	1	12	11
	141	82	198.281250	25.914186	-1.743141e+00	2000	1	12	12
	142	82	199.687500	25.914186	-1.747291e+00	2000	1	12	13
	142	82	199.687500	25.914186	-1.801514e+00	2000	1	12	14
	143	82	201.093750	25.914186	-1.803363e+00	2000	1	12	15
	143	82	201.093750	25.914186	-1.803515e+00	2000	1	12	16
	144	82	202.500000	25.914186	-1.811552e+00	2000	1	12	17
	145	82	203.906250	25.914186	-1.844981e+00	2000	1	12	18
	145	82	203.906250	25.914186	-1.857191e+00	2000	1	12	19
	146	82	205.312500	25.914186	-1.859251e+00	2000	1	12	20
	146	82	205.312500	25.914186	-1.861332e+00	2000	1	12	21
	147	82	206.718750	25.914186	-1.864375e+00	2000	1	12	22
	147	82	206.718750	25.914186	-1.868038e+00	2000	1	12	23
	148	82	208.125000	25.914186	-1.870173e+00	2000	1	13	0
start	28	2000	1	11	4
	252	82	354.375000	25.914186	-1.149067e+00	2000	1	11	4
	254	82	357.187500	25.914186	-1.232585e+00	2000	1	11	8
	255	82	358.593750	25.914186	-1.279926e+00	2000	1	11	10
	1	82	1.406250	25.914186	-1.335478e+00	2000	1	11	14
	2	82	2.812500	25.914186	-1.384021e+00	2000	1	11	16
	3	82	4.218750	25.914186	-1.433924e+00	2000	1	11	18
	6	82	8.437500	25.914186	-1.500040e+00	2000	1	11	23
	6	82	8.437500	25.914186	-1.543829e+00	2000	1	12	0
	7	82	9.843750	25.914186	-1.555001e+00	2000	1	12	1
	8	82	11.250000	25.914186	-1.607394e+00	2000	1	12	3
	8	82	11.250000	25.914186	-1.616206e+00	2000	1	12	4
	10	82	14.062500	25.914186	-1.684019e+00	2000	1	12	7
	11	82	15.468750	25.914186	-1.684521e+00	2000	1	12	8
	12	82	16.875000	25.914186	-1.688751e+00	2000	1	12	9
	12	82	16.875000	25.914186	-1.743861e+00	2000	1	12	11
	13	82	18.281250	25.914186	-1.743141e+00	2000	1	12	12
	14	82	19.687500	25.914186	-1.747291e+00	2000	1	12	13
	14	82	19.687500	25.914186	-1.801514e+00	2000	1	12	14
	15	82	21.093750	25.914186	-1.803363e+00	2000	1	12	15
	15	82	21.093750	25.914186	-1.803515e+00	2000	1	12	16
	16	82	22.500000	25.914186	-1.811552e+00	2000	1	12	17
	17	82	23.906250	25.914186	-1.844981e+00	2000	1	12	18
	17	82	23.906250	25.914186	-1.857191e+00	2000	1	12	19
	18	82	25.312500	25.914186	-1.859251e+00	2000	1	12	20
	18	82	25.312500	25.914186	-1.861332e+00	2000	1	12	21
	19	82	26.718750	25.914186	-1.864375e+00	2000	1	12	22
	19	82	26.718750	25.914186	-1.868038e+00	2000	1	12	23
	20	82	28.125000	25.914186	-1.870173e+00	2000	1	13	0
start	27	2000	1	11	6
	82	82	115.312500	25.914186	-1.200865e+00	2000	1	11	6
	84	82	118.125000	25.914186	-1.248128e+00	2000	1	11	9
	87	82	122.343750	25.914186	-1.368616e+00	2000	1	11	15
	88	82	123.750000	25.914186	-1.433830e+00	2000	1	11	18
	89	82	125.156250	25.914186	-1.443563e+00	2000	1	11	19
	90	82	126.562500	25.914186	-1.491441e+00	2000	1	11	21
	93	83	130.781250	27.314951	-1.470246e+00	2000	1	12	0
	92	82	129.375000	25.914186	-1.557847e+00	2000	1	12	1
	93	82	130.781250	25.914186	-1.604735e+00	2000	1	12	3
	94	82	132.187500	25.914186	-1.622113e+00	2000	1	12	4
	95	82	133.593750	25.914186	-1.629634e+00	2000	1	12	5
	96	82	135.000000	25.914186	-1.676576e+00	2000	1	12	7
	96	82	135.000000	25.914186	-1.684521e+00	2000	1	12	8
	97	82	136.406250	25.914186	-1.697505e+00	2000	1	12	10
	98	82	137.812500	25.914186	-1.741544e+00	2000	1	12	11
	98	82	137.812500	25.914186	-1.742459e+00	2000	1	12	12
	100	82	140.625000	25.914186	-1.793094e+00	2000	1	12	14
	100	82	140.625000	25.914186	-1.803760e+00	2000	1	12	15
	100	82	140.625000	25.914186	-1.803915e+00	2000	1	12	16
	101	82	142.031250	25.914186	-1.811045e+00	2000	1	12	17
	101	82	142.031250	25.914186	-1.809960e+00	2000	1	12	18
	103	82	144.843750	25.914186	-1.851760e+00	2000	1	12	19
	103	82	144.843750	25.914186	-1.859504e+00	2000	1	12	20
	104	82	146.250000	25.914186	-1.865985e+00	2000	1	12	21
	104	82	146.250000	25.914186	-1.866888e+00	2000	1	12	22
	105	82	147.656250	25.914186	-1.870089e+00	2000	1	12	23
	105	82	147.656250	25.914186	-1.870082e+00	2000	1	13	0
start	27	2000	1	11	6
	210	82	295.312500	25.914186	-1.200865e+00	2000	1	11	6
	212	82	298.125000	25.914186	-1.248128e+00	2000	1	11	9
	215	82	302.343750	25.914186	-1.368616e+00	2000	1	11	15
	216	82	303.750000	25.914186	-1.433830e+00	2000	1	11	18
	217	82	305.156250	25.914186	-1.443563e+00	2000	1	11	19
	218	82	306.562500	25.914186	-1.491441e+00	2000	1	11	21
	221	83	310.781250	27.314951	-1.470246e+00	2000	1	12	0
	220	82	309.375000	25.914186	-1.557847e+00	2000	1	12	1
	221	82	310.781250	25.914186	-1.604735e+00	2000	1	12	3
	222	82	312.187500	25.914186	-1.622113e+00	2000	1	12	4
	223	82	313.593750	25.914186	-1.629634e+00	2000	1	12	5
	224	82	315.000000	25.914186	-1.676576e+00	2000	1	12	7
	224	82	315.000000	25.914186	-1.684521e+00	2000	1	12	8
	225	82	316.406250	25.914186	-1.697505e+00	2000	1	12	10
	226	82	317.812500	25.914186	-1.741544e+00	2000	1	12	11
	226	82	317.812500	25.914186	-1.742459e+00	2000	1	12	12
	228	82	320.625000	25.914186	-1.793094e+00	2000	1	12	14
	228	82	320.625000	25.914186	-1.803760e+00	2000	1	12	15
	228	82	320.625000	25.914186	-1.803915e+00	2000	1	12	16
	229	82	322.031250	25.914186	-1.811445e+00	2000	1	12	17
	230	82	323.437500	25.914186	-1.853157e+00	2000	1	12	18
	231	82	324.843750	25.914186	-1.851760e+00	2000	1	12	19
	231	82	324.843750	25.914186	-1.859504e+00	2000	1	12	20
	232	82	326.250000	25.914186	-1.865985e+00	2000	1	12	21
	232	82	326.250000	25.914186	-1.866888e+00	2000	1	12	22
	233	82	327.656250	25.914186	-1.870089e+00	2000	1	12	23
	233	82	327.656250	25.914186	-1.870082e+00	2000	1	13	0
start	41	2000	1	11	6
	183	98	257.343750	48.326361	-1.280030e+00	2000	1	11	6
	185	97	260.156250	46.925606	-1.408373e+00	2000	1	11	9
	185	97	260.156250	46.925606	-1.447403e+00	2000	1	11	10
	186	97	261.562500	46.925606	-1.488072e+00	2000	1	11	11
	187	97	262.968750	46.925606	-1.550431e+00	2000	1	11	12
	187	96	262.968750	45.524850	-1.574064e+00	2000	1	11	13
	188	96	264.375000	45.524850	-1.584374e+00	2000	1	11	14
	188	96	264.375000	45.524850	-1.627186e+00	2000	1	11	15
	189	95	265.781250	44.124093	-1.670767e+00	2000	1	11	16
	189	95	265.781250	44.124093	-1.701753e+00	2000	1	11	17
	190	95	267.187500	44.124093	-1.721626e+00	2000	1	11	18
	190	95	267.187500	44.124093	-1.744717e+00	2000	1	11	19
	191	95	268.593750	44.124093	-1.773304e+00	2000	1	11	20
	192	95	270.000000	44.124093	-1.804067e+00	2000	1	11	21
	192	95	270.000000	44.124093	-1.863216e+00	2000	1	11	22
	192	94	270.000000	42.723335	-1.866168e+00	2000	1	11	23
	193	95	271.406250	44.124093	-1.881192e+00	2000	1	12	0
	193	94	271.406250	42.723335	-1.893852e+00	2000	1	12	1
	194	94	272.812500	42.723335	-1.943770e+00	2000	1	12	2
	195	94	274.218750	42.723335	-1.977561e+00	2000	1	12	3
	195	94	274.218750	42.723335	-1.987504e+00	2000	1	12	4
	195	94	274.218750	42.723335	-2.009552e+00	2000	1	12	5
	197	95	277.031250	44.124093	-1.999496e+00	2000	1	12	6
	197	94	277.031250	42.723335	-2.019869e+00	2000	1	12	7
	198	95	278.437500	44.124093	-2.026473e+00	2000	1	12	8
	198	94	278.437500	42.723335	-2.047701e+00	2000	1	12	9
	198	94	278.437500	42.723335	-2.069614e+00	2000	1	12	10
	199	95	279.843750	44.124093	-2.055076e+00	2000	1	12	11
	201	95	282.656250	44.124093	-2.062385e+00	2000	1	12	12
	201	95	282.656250	44.124093	-2.081872e+00	2000	1	12	13
	201	94	282.656250	42.723335	-2.070724e+00	2000	1	12	14
	202	95	284.062500	44.124093	-2.091406e+00	2000	1	12	15
	203	95	285.468750	44.124093	-2.111847e+00	2000	1	12	16
	204	95	286.875000	44.124093	-2.039457e+00	2000	1	12	17
	205	96	288.281250	45.524850	-2.058876e+00	2000	1	12	18
	206	96	289.687500	45.524850	-1.999710e+00	2000	1	12	19
	206	95	289.687500	44.124093	-2.009382e+00	2000	1	12	20
	206	95	289.687500	44.124093	-1.940512e+00	2000	1	12	21
	208	96	292.500000	45.524850	-1.915713e+00	2000	1	12	22
	209	96	293.906250	45.524850	-1.838436e+00	2000	1	12	23
	210	96	295.312500	45.524850	-1.799366e+00	2000	1	13	0
start	40	2000	1	11	9
	57	97	80.156250	46.925606	-1.408373e+00	2000	1	11	9
	57	97	80.156250	46.925606	-1.447403e+00	2000	1	11	10
	58	97	81.562500	46.925606	-1.488072e+00	2000	1	11	11
	59	97	82.968750	46.925606	-1.550431e+00	2000	1	11	12
	59	96	82.968750	45.524850	-1.574064e+00	2000	1	11	13
	60	96	84.375000	45.524850	-1.584374e+00	2000	1	11	14
	60	96	84.375000	45.524850	-1.627186e+00	2000	1	11	15
	61	95	85.781250	44.124093	-1.670767e+00	2000	1	11	16
	61	95	85.781250	44.124093	-1.701753e+00	2000	1	11	17
	62	95	87.187500	44.124093	-1.721626e+00	2000	1	11	18
	62	95	87.187500	44.124093	-1.744717e+00	2000	1	11	19
	63	95	88.593750	44.124093	-1.773304e+00	2000	1	11	20
	64	95	90.000000	44.124093	-1.804067e+00	2000	1	11	21
	64	95	90.000000	44.124093	-1.863216e+00	2000	1	11	22
	64	94	90.000000	42.723335	-1.866168e+00	2000	1	11	23
	65	95	91.406250	44.124093	-1.881192e+00	2000	1	12	0
	65	94	91.406250	42.723335	-1.893852e+00	2000	1	12	1
	66	94	92.812500	42.723335	-1.943770e+00	2000	1	12	2
	67	94	94.218750	42.723335	-1.977561e+00	2000	1	12	3
	67	94	94.218750	42.723335	-1.987504e+00	2000	1	12	4
	67	94	94.218750	42.723335	-2.009552e+00	2000	1	12	5
	69	95	97.031250	44.124093	-1.999496e+00	2000	1	12	6
	69	94	97.031250	42.723335	-2.019869e+00	2000	1	12	7
	70	95	98.437500	44.124093	-2.026473e+00	2000	1	12	8
	70	94	98.437500	42.723335	-2.047701e+00	2000	1	12	9
	70	94	98.437500	42.723335	-2.069614e+00	2000	1	12	10
	71	95	99.843750	44.124093	-2.054947e+00	2000	1	12	11
	73	95	102.656250	44.124093	-2.062385e+00	2000	1	12	12
	73	95	102.656250	44.124093	-2.081872e+00	2000	1	12	13
	73	94	102.656250	42.723335	-2.070724e+00	2000	1	12	14
	74	95	104.062500	44.124093	-2.091406e+00	2000	1	12	15
	75	95	105.468750	44.124093	-2.111847e+00	2000	1	12	16
	76	95	106.875000	44.124093	-2.039457e+00	2000	1	12	17
	77	96	108.281250	45.524850	-2.058876e+00	2000	1	12	18
	78	96	109.687500	45.524850	-1.999710e+00	2000	1	12	19
	78	95	109.687500	44.124093	-2.009382e+00	2000	1	12	20
	78	95	109.687500	44.124093	-1.940512e+00	2000	1	12	21
	80	96	112.500000	45.524850	-1.915713e+00	2000	1	12	22
	81	96	113.906250	45.524850	-1.838436e+00	2000	1	12	23
	82	96	115.312500	45.524850	-1.799366e+00	2000	1	13	0
start	39	2000	1	11	10
	15	97	21.093750	46.925606	-1.454472e+00	2000	1	11	10
	15	97	21.093750	46.925606	-1.517531e+00	2000	1	11	11
	16	96	22.500000	45.524850	-1.541690e+00	2000	1	11	12
	17	96	23.906250	45.524850	-1.565797e+00	2000	1	11	13
	17	96	23.906250	45.524850	-1.609043e+00	2000	1	11	14
	17	96	23.906250	45.524850	-1.621806e+00	2000	1	11	15
	18	96	25.312500	45.524850	-1.647060e+00	2000	1	11	16
	19	95	26.718750	44.124093	-1.691719e+00	2000	1	11	17
	20	95	28.125000	44.124093	-1.716172e+00	2000	1	11	18
	20	95	28.125000	44.124093	-1.766169e+00	2000	1	11	19
	20	95	28.125000	44.124093	-1.785969e+00	2000	1	11	20
	20	95	28.125000	44.124093	-1.815711e+00	2000	1	11	21
	21	94	29.531250	42.723335	-1.818311e+00	2000	1	11	22
	22	95	30.937500	44.124093	-1.862704e+00	2000	1	11	23
	22	95	30.937500	44.124093	-1.890092e+00	2000	1	12	0
	23	94	32.343750	42.723335	-1.916716e+00	2000	1	12	1
	23	94	32.343750	42.723335	-1.953294e+00	2000	1	12	2
	24	95	33.750000	44.124093	-1.945230e+00	2000	1	12	3
	24	95	33.750000	44.124093	-1.974287e+00	2000	1	12	4
	25	95	35.156250	44.124093	-2.019853e+00	2000	1	12	5
	26	94	36.562500	42.723335	-2.027626e+00	2000	1	12	6
	26	94	36.562500	42.723335	-2.023527e+00	2000	1	12	7
	27	95	37.968750	44.124093	-2.042706e+00	2000	1	12	8
	28	95	39.375000	44.124093	-2.019211e+00	2000	1	12	9
	28	95	39.375000	44.124093	-2.083126e+00	2000	1	12	10
	29	94	40.781250	42.723335	-2.068639e+00	2000	1	12	11
	29	94	40.781250	42.723335	-2.083279e+00	2000	1	12	12
	30	95	42.187500	44.124093	-2.073832e+00	2000	1	12	13
	31	95	43.593750	44.124093	-2.099355e+00	2000	1	12	14
	31	95	43.593750	44.124093	-2.085299e+00	2000	1	12	15
	32	95	45.000000	44.124093	-2.055415e+00	2000	1	12	16
	33	95	46.406250	44.124093	-2.061172e+00	2000	1	12	17
	34	95	47.812500	44.124093	-2.034769e+00	2000	1	12	18
	35	96	49.218750	45.524850	-2.024954e+00	2000	1	12	19
	35	95	49.218750	44.124093	-1.979155e+00	2000	1	12	20
	36	95	50.625000	44.124093	-1.953769e+00	2000	1	12	21
	37	95	52.031250	44.124093	-1.892030e+00	2000	1	12	22
	37	95	52.031250	44.124093	-1.824388e+00	2000	1	12	23
	40	96	56.250000	45.524850	-1.795006e+00	2000	1	13	0
start	39	2000	1	11	10
	100	97	140.625000	46.925606	-1.475599e+00	2000	1	11	10
	101	97	142.031250	46.925606	-1.491388e+00	2000	1	11	11
	101	96	142.031250	45.524850	-1.518261e+00	2000	1	11	12
	102	96	143.437500	45.524850	-1.557626e+00	2000	1	11	13
	102	96	143.437500	45.524850	-1.595414e+00	2000	1	11	14
	103	95	144.843750	44.124093	-1.623900e+00	2000	1	11	15
	104	96	146.250000	45.524850	-1.663325e+00	2000	1	11	16
	104	96	146.250000	45.524850	-1.677002e+00	2000	1	11	17
	104	95	146.250000	44.124093	-1.711909e+00	2000	1	11	18
	105	95	147.656250	44.124093	-1.758850e+00	2000	1	11	19
	106	95	149.062500	44.124093	-1.787834e+00	2000	1	11	20
	106	95	149.062500	44.124093	-1.803067e+00	2000	1	11	21
	106	95	149.062500	44.124093	-1.833471e+00	2000	1	11	22
	106	95	149.062500	44.124093	-1.851797e+00	2000	1	11	23
	108	94	151.875000	42.723335	-1.908340e+00	2000	1	12	0
	108	94	151.875000	42.723335	-1.929949e+00	2000	1	12	1
	109	94	153.281250	42.723335	-1.931313e+00	2000	1	12	2
	109	95	153.281250	44.124093	-1.957248e+00	2000	1	12	3
	110	94	154.687500	42.723335	-1.993734e+00	2000	1	12	4
	110	94	154.687500	42.723335	-2.003771e+00	2000	1	12	5
	111	94	156.093750	42.723335	-2.029965e+00	2000	1	12	6
	111	94	156.093750	42.723335	-2.035136e+00	2000	1	12	7
	112	95	157.500000	44.124093	-2.048275e+00	2000	1	12	8
	113	94	158.906250	42.723335	-2.051939e+00	2000	1	12	9
	114	95	160.312500	44.124093	-2.076084e+00	2000	1	12	10
	114	95	160.312500	44.124093	-2.087440e+00	2000	1	12	11
	115	95	161.718750	44.124093	-2.065221e+00	2000	1	12	12
	116	95	163.125000	44.124093	-2.087667e+00	2000	1	12	13
	117	96	164.531250	45.524850	-2.075795e+00	2000	1	12	14
	117	95	164.531250	44.124093	-2.080795e+00	2000	1	12	15
	118	95	165.937500	44.124093	-2.066597e+00	2000	1	12	16
	119	95	167.343750	44.124093	-2.054283e+00	2000	1	12	17
	120	96	168.750000	45.524850	-2.058801e+00	2000	1	12	18
	120	95	168.750000	44.124093	-2.025259e+00	2000	1	12	19
	120	95	168.750000	44.124093	-1.967674e+00	2000	1	12	20
	122	96	171.562500	45.524850	-1.922808e+00	2000	1	12	21
	123	96	172.968750	45.524850	-1.892958e+00	2000	1	12	22
	123	95	172.968750	44.124093	-1.839322e+00	2000	1	12	23
	125	96	175.781250	45.524850	-1.786413e+00	2000	1	13	0
start	39	2000	1	11	10
	143	97	201.093750	46.925606	-1.454472e+00	2000	1	11	10
	143	97	201.093750	46.925606	-1.517531e+00	2000	1	11	11
	144	96	202.500000	45.524850	-1.541690e+00	2000	1	11	12
	145	96	203.906250	45.524850	-1.565797e+00	2000	1	11	13
	145	96	203.906250	45.524850	-1.609043e+00	2000	1	11	14
	145	96	203.906250	45.524850	-1.621806e+00	2000	1	11	15
	146	96	205.312500	45.524850	-1.647060e+00	2000	1	11	16
	147	95	206.718750	44.124093	-1.691719e+00	2000	1	11	17
	148	95	208.125000	44.124093	-1.716172e+00	2000	1	11	18
	148	95	208.125000	44.124093	-1.766169e+00	2000	1	11	19
	148	95	208.125000	44.124093	-1.785969e+00	2000	1	11	20
	148	95	208.125000	44.124093	-1.815711e+00	2000	1	11	21
	149	94	209.531250	42.723335	-1.818311e+00	2000	1	11	22
	150	95	210.937500	44.124093	-1.862704e+00	2000	1	11	23
	150	95	210.937500	44.124093	-1.891272e+00	2000	1	12	0
	151	94	212.343750	42.723335	-1.916716e+00	2000	1	12	1
	151	94	212.343750	42.723335	-1.953294e+00	2000	1	12	2
	152	95	213.750000	44.124093	-1.945230e+00	2000	1	12	3
	152	95	213.750000	44.124093	-1.974287e+00	2000	1	12	4
	153	95	215.156250	44.124093	-2.019853e+00	2000	1	12	5
	154	94	216.562500	42.723335	-2.027626e+00	2000	1	12	6
	154	94	216.562500	42.723335	-2.023527e+00	2000	1	12	7
	155	95	217.968750	44.124093	-2.042706e+00	2000	1	12	8
	156	95	219.375000	44.124093	-2.019211e+00	2000	1	12	9
	156	95	219.375000	44.124093	-2.083126e+00	2000	1	12	10
	157	94	220.781250	42.723335	-2.068639e+00	2000	1	12	11
	157	94	220.781250	42.723335	-2.083279e+00	2000	1	12	12
	159	95	223.593750	44.124093	-2.093451e+00	2000	1	12	13
	159	95	223.593750	44.124093	-2.099355e+00	2000	1	12	14
	159	95	223.593750	44.124093	-2.085299e+00	2000	1	12	15
	160	95	225.000000	44.124093	-2.055415e+00	2000	1	12	16
	161	95	226.406250	44.124093	-2.061172e+00	2000	1	12	17
	162	95	227.812500	44.124093	-2.034769e+00	2000	1	12	18
	163	96	229.218750	45.524850	-2.024954e+00	2000	1	12	19
	163	95	229.218750	44.124093	-1.979155e+00	2000	1	12	20
	164	95	230.625000	44.124093	-1.953769e+00	2000	1	12	21
	165	95	232.031250	44.124093	-1.892030e+00	2000	1	12	22
	165	95	232.031250	44.124093	-1.824388e+00	2000	1	12	23
	168	96	236.250000	45.524850	-1.795006e+00	2000	1	13	0
start	39	2000	1	11	10
	228	97	320.625000	46.925606	-1.475599e+00	2000	1	11	10
	229	97	322.031250	46.925606	-1.491388e+00	2000	1	11	11
	229	96	322.031250	45.524850	-1.518261e+00	2000	1	11	12
	230	96	323.437500	45.524850	-1.557626e+00	2000	1	11	13
	230	96	323.437500	45.524850	-1.595414e+00	2000	1	11	14
	231	95	324.843750	44.124093	-1.623900e+00	2000	1	11	15
	232	96	326.250000	45.524850	-1.663325e+00	2000	1	11	16
	232	96	326.250000	45.524850	-1.677002e+00	2000	1	11	17
	232	95	326.250000	44.124093	-1.711909e+00	2000	1	11	18
	233	95	327.656250	44.124093	-1.758850e+00	2000	1	11	19
	234	95	329.062500	44.124093	-1.787834e+00	2000	1	11	20
	234	95	329.062500	44.124093	-1.803067e+00	2000	1	11	21
	234	95	329.062500	44.124093	-1.833471e+00	2000	1	11	22
	234	95	329.062500	44.124093	-1.851797e+00	2000	1	11	23
	236	94	331.875000	42.723335	-1.908340e+00	2000	1	12	0
	236	94	331.875000	42.723335	-1.929949e+00	2000	1	12	1
	237	94	333.281250	42.723335	-1.931313e+00	2000	1	12	2
	237	95	333.281250	44.124093	-1.957248e+00	2000	1	12	3
	238	94	334.687500	42.723335	-1.993734e+00	2000	1	12	4
	238	94	334.687500	42.723335	-2.003771e+00	2000	1	12	5
	239	94	336.093750	42.723335	-2.029965e+00	2000	1	12	6
	239	94	336.093750	42.723335	-2.035136e+00	2000	1	12	7
	240	95	337.500000	44.124093	-2.048275e+00	2000	1	12	8
	241	94	338.906250	42.723335	-2.051939e+00	2000	1	12	9
	242	95	340.312500	44.124093	-2.076084e+00	2000	1	12	10
	242	95	340.312500	44.124093	-2.087440e+00	2000	1	12	11
	243	95	341.718750	44.124093	-2.065221e+00	2000	1	12	12
	244	95	343.125000	44.124093	-2.087667e+00	2000	1	12	13
	245	96	344.531250	45.524850	-2.075795e+00	2000	1	12	14
	245	95	344.531250	44.124093	-2.080795e+00	2000	1	12	15
	246	95	345.937500	44.124093	-2.066597e+00	2000	1	12	16
	247	95	347.343750	44.124093	-2.054283e+00	2000	1	12	17
	248	96	348.750000	45.524850	-2.058801e+00	2000	1	12	18
	248	95	348.750000	44.124093	-2.025259e+00	2000	1	12	19
	248	95	348.750000	44.124093	-1.967674e+00	2000	1	12	20
	250	96	351.562500	45.524850	-1.922808e+00	2000	1	12	21
	251	96	352.968750	45.524850	-1.892958e+00	2000	1	12	22
	251	95	352.968750	44.124093	-1.839322e+00	2000	1	12	23
	253	96	355.781250	45.524850	-1.786413e+00	2000	1	13	0
