start	91	2000	1	9	0
	43	91	60.468750	38.521056	5.868912e-01	2000	1	9	0
	44	91	61.875000	38.521056	6.039176e-01	2000	1	9	1
	44	91	61.875000	38.521056	6.076336e-01	2000	1	9	2
	44	92	61.875000	39.921816	6.219158e-01	2000	1	9	3
	45	92	63.281250	39.921816	6.405721e-01	2000	1	9	4
	46	91	64.687500	38.521056	6.540456e-01	2000	1	9	5
	46	92	64.687500	39.921816	6.714563e-01	2000	1	9	6
	47	91	66.093750	38.521056	6.847067e-01	2000	1	9	7
	47	91	66.093750	38.521056	7.028975e-01	2000	1	9	8
	48	91	67.500000	38.521056	7.206521e-01	2000	1	9	9
	48	92	67.500000	39.921816	7.510467e-01	2000	1	9	10
	48	92	67.500000	39.921816	7.452102e-01	2000	1	9	11
	49	92	68.906250	39.921816	7.615004e-01	2000	1	9	12
	48	91	67.500000	38.521056	7.682018e-01	2000	1	9	13
	49	91	68.906250	38.521056	8.004026e-01	2000	1	9	14
	51	91	71.718750	38.521056	7.924309e-01	2000	1	9	15
	50	91	70.312500	38.521056	8.304448e-01	2000	1	9	16
	50	91	70.312500	38.521056	8.342991e-01	2000	1	9	17
	51	91	71.718750	38.521056	8.497005e-01	2000	1	9	18
	51	92	71.718750	39.921816	8.720946e-01	2000	1	9	19
	52	92	73.125000	39.921816	8.866334e-01	2000	1	9	20
	53	92	74.531250	39.921816	9.051657e-01	2000	1	9	21
	54	91	75.937500	38.521056	9.181776e-01	2000	1	9	22
	54	92	75.937500	39.921816	9.307089e-01	2000	1	9	23
	54	92	75.937500	39.921816	9.547443e-01	2000	1	10	0
	54	91	75.937500	38.521056	9.604568e-01	2000	1	10	1
	55	91	77.343750	38.521056	9.671140e-01	2000	1	10	2
	55	92	77.343750	39.921816	1.000050e+00	2000	1	10	3
	55	92	77.343750	39.921816	1.001619e+00	2000	1	10	4
	56	91	78.750000	38.521056	1.043064e+00	2000	1	10	5
	56	91	78.750000	38.521056	1.042912e+00	2000	1	10	6
	57	91	80.156250	38.521056	1.054251e+00	2000	1	10	7
	57	91	80.156250	38.521056	1.063975e+00	2000	1	10	8
	58	91	81.562500	38.521056	1.086286e+00	2000	1	10	9
	59	91	82.968750	38.521056	1.080927e+00	2000	1	10	10
	59	91	82.968750	38.521056	1.109873e+00	2000	1	10	11
	60	91	84.375000	38.521056	1.093752e+00	2000	1	10	12
	60	91	84.375000	38.521056	1.130928e+00	2000	1	10	13
	60	91	84.375000	38.521056	1.124148e+00	2000	1	10	14
	61	91	85.781250	38.521056	1.132577e+00	2000	1	10	15
	61	91	85.781250	38.521056	1.152811e+00	2000	1	10	16
	63	91	88.593750	38.521056	1.148009e+00	2000	1	10	17
	63	92	88.593750	39.921816	1.168334e+00	2000	1	10	18
	63	91	88.593750	38.521056	1.168605e+00	2000	1	10	19
	64	91	90.000000	38.521056	1.176469e+00	2000	1	10	20
	64	91	90.000000	38.521056	1.202127e+00	2000	1	10	21
	65	91	91.406250	38.521056	1.193750e+00	2000	1	10	22
	65	91	91.406250	38.521056	1.201406e+00	2000	1	10	23
	66	91	92.812500	38.521056	1.198096e+00	2000	1	11	0
	67	91	94.218750	38.521056	1.220085e+00	2000	1	11	1
	67	91	94.218750	38.521056	1.221877e+00	2000	1	11	2
	69	91	97.031250	38.521056	1.223557e+00	2000	1	11	3
	69	91	97.031250	38.521056	1.234217e+00	2000	1	11	4
	69	91	97.031250	38.521056	1.233432e+00	2000	1	11	5
	71	90	99.843750	37.120294	1.249710e+00	2000	1	11	6
	71	91	99.843750	38.521056	1.257376e+00	2000	1	11	7
	74	91	104.062500	38.521056	1.303207e+00	2000	1	11	10
	75	90	105.468750	37.120294	1.320327e+00	2000	1	11	11
	75	90	105.468750	37.120294	1.372318e+00	2000	1	11	12
	76	90	106.875000	37.120294	1.391161e+00	2000	1	11	13
	76	89	106.875000	35.719532	1.450319e+00	2000	1	11	14
	76	89	106.875000	35.719532	1.477358e+00	2000	1	11	15
	77	89	108.281250	35.719532	1.462164e+00	2000	1	11	16
	78	89	109.687500	35.719532	1.499262e+00	2000	1	11	17
	79	89	111.093750	35.719532	1.534465e+00	2000	1	11	18
	79	89	111.093750	35.719532	1.547247e+00	2000	1	11	19
	80	89	112.500000	35.719532	1.582998e+00	2000	1	11	20
	80	89	112.500000	35.719532	1.589194e+00	2000	1	11	21
	80	89	112.500000	35.719532	1.618037e+00	2000	1	11	22
	80	88	112.500000	34.318770	1.625220e+00	2000	1	11	23
	80	88	112.500000	34.318770	1.635195e+00	2000	1	12	0
	81	88	113.906250	34.318770	1.661326e+00	2000	1	12	1
	81	88	113.906250	34.318770	1.674423e+00	2000	1	12	2
	83	89	116.718750	35.719532	1.685327e+00	2000	1	12	3
	84	89	118.125000	35.719532	1.672485e+00	2000	1	12	4
	84	89	118.125000	35.719532	1.651935e+00	2000	1	12	5
	86	90	120.937500	37.120294	1.649359e+00	2000	1	12	6
	85	89	119.531250	35.719532	1.612703e+00	2000	1	12	7
	88	89	123.750000	35.719532	1.507929e+00	2000	1	12	10
	86	88	120.937500	34.318770	1.424122e+00	2000	1	12	11
	86	88	120.937500	34.318770	1.358425e+00	2000	1	12	12
	87	88	122.343750	34.318770	1.305849e+00	2000	1	12	13
	85	87	119.531250	32.918007	1.226786e+00	2000	1	12	15
	87	88	122.343750	34.318770	1.173116e+00	2000	1	12	16
	86	87	120.937500	32.918007	1.144760e+00	2000	1	12	17
	88	88	123.750000	34.318770	1.069475e+00	2000	1	12	19
	88	88	123.750000	34.318770	1.035302e+00	2000	1	12	20
	88	88	123.750000	34.318770	1.033531e+00	2000	1	12	21
	89	88	125.156250	34.318770	1.026621e+00	2000	1	12	22
	89	88	125.156250	34.318770	1.002997e+00	2000	1	12	23
	89	88	125.156250	34.318770	9.733443e-01	2000	1	13	0
start	91	2000	1	9	0
	171	91	240.468750	38.521056	5.868912e-01	2000	1	9	0
	172	91	241.875000	38.521056	6.039176e-01	2000	1	9	1
	172	91	241.875000	38.521056	6.076336e-01	2000	1	9	2
	172	91	241.875000	38.521056	6.249347e-01	2000	1	9	3
	173	92	243.281250	39.921816	6.405721e-01	2000	1	9	4
	174	91	244.687500	38.521056	6.540456e-01	2000	1	9	5
	174	92	244.687500	39.921816	6.714563e-01	2000	1	9	6
	175	91	246.093750	38.521056	6.847067e-01	2000	1	9	7
	175	91	246.093750	38.521056	7.028975e-01	2000	1	9	8
	176	91	247.500000	38.521056	7.206521e-01	2000	1	9	9
	176	92	247.500000	39.921816	7.510467e-01	2000	1	9	10
	176	92	247.500000	39.921816	7.452102e-01	2000	1	9	11
	177	92	248.906250	39.921816	7.615004e-01	2000	1	9	12
	176	91	247.500000	38.521056	7.682018e-01	2000	1	9	13
	177	91	248.906250	38.521056	8.004103e-01	2000	1	9	14
	179	91	251.718750	38.521056	7.924309e-01	2000	1	9	15
	178	91	250.312500	38.521056	8.304448e-01	2000	1	9	16
	178	91	250.312500	38.521056	8.342991e-01	2000	1	9	17
	179	91	251.718750	38.521056	8.497005e-01	2000	1	9	18
	180	92	253.125000	39.921816	8.765988e-01	2000	1	9	19
	180	92	253.125000	39.921816	8.866334e-01	2000	1	9	20
	181	92	254.531250	39.921816	9.051657e-01	2000	1	9	21
	182	91	255.937500	38.521056	9.181776e-01	2000	1	9	22
	182	92	255.937500	39.921816	9.307089e-01	2000	1	9	23
	182	92	255.937500	39.921816	9.547443e-01	2000	1	10	0
	182	91	255.937500	38.521056	9.604568e-01	2000	1	10	1
	183	91	257.343750	38.521056	9.671140e-01	2000	1	10	2
	183	92	257.343750	39.921816	1.000050e+00	2000	1	10	3
	183	92	257.343750	39.921816	1.001619e+00	2000	1	10	4
	184	91	258.750000	38.521056	1.043064e+00	2000	1	10	5
	184	91	258.750000	38.521056	1.042912e+00	2000	1	10	6
	185	91	260.156250	38.521056	1.054251e+00	2000	1	10	7
	185	91	260.156250	38.521056	1.063975e+00	2000	1	10	8
	186	91	261.562500	38.521056	1.086286e+00	2000	1	10	9
	187	91	262.968750	38.521056	1.080927e+00	2000	1	10	10
	187	91	262.968750	38.521056	1.109873e+00	2000	1	10	11
	188	91	264.375000	38.521056	1.093752e+00	2000	1	10	12
	188	91	264.375000	38.521056	1.130928e+00	2000	1	10	13
	188	91	264.375000	38.521056	1.124148e+00	2000	1	10	14
	189	91	265.781250	38.521056	1.132577e+00	2000	1	10	15
	189	91	265.781250	38.521056	1.152811e+00	2000	1	10	16
	191	91	268.593750	38.521056	1.148009e+00	2000	1	10	17
	191	92	268.593750	39.921816	1.168334e+00	2000	1	10	18
	191	91	268.593750	38.521056	1.168605e+00	2000	1	10	19
	192	92	270.000000	39.921816	1.173068e+00	2000	1	10	20
	192	91	270.000000	38.521056	1.202127e+00	2000	1	10	21
	193	91	271.406250	38.521056	1.193750e+00	2000	1	10	22
	193	91	271.406250	38.521056	1.201406e+00	2000	1	10	23
	194	91	272.812500	38.521056	1.198096e+00	2000	1	11	0
	195	91	274.218750	38.521056	1.220085e+00	2000	1	11	1
	195	91	274.218750	38.521056	1.231421e+00	2000	1	11	2
	197	91	277.031250	38.521056	1.223557e+00	2000	1	11	3
	197	91	277.031250	38.521056	1.234217e+00	2000	1	11	4
	197	91	277.031250	38.521056	1.233432e+00	2000	1	11	5
	199	90	279.843750	37.120294	1.249710e+00	2000	1	11	6
	199	91	279.843750	38.521056	1.257376e+00	2000	1	11	7
	202	91	284.062500	38.521056	1.303285e+00	2000	1	11	10
	203	90	285.468750	37.120294	1.320430e+00	2000	1	11	11
	203	90	285.468750	37.120294	1.372318e+00	2000	1	11	12
	204	90	286.875000	37.120294	1.391161e+00	2000	1	11	13
	204	89	286.875000	35.719532	1.450319e+00	2000	1	11	14
	204	89	286.875000	35.719532	1.477358e+00	2000	1	11	15
	205	89	288.281250	35.719532	1.462164e+00	2000	1	11	16
	206	89	289.687500	35.719532	1.499262e+00	2000	1	11	17
	207	89	291.093750	35.719532	1.534474e+00	2000	1	11	18
	207	89	291.093750	35.719532	1.547247e+00	2000	1	11	19
	208	89	292.500000	35.719532	1.582998e+00	2000	1	11	20
	208	89	292.500000	35.719532	1.589194e+00	2000	1	11	21
	208	89	292.500000	35.719532	1.618037e+00	2000	1	11	22
	208	88	292.500000	34.318770	1.625220e+00	2000	1	11	23
	208	88	292.500000	34.318770	1.635195e+00	2000	1	12	0
	209	88	293.906250	34.318770	1.661326e+00	2000	1	12	1
	209	88	293.906250	34.318770	1.674423e+00	2000	1	12	2
	211	89	296.718750	35.719532	1.685327e+00	2000	1	12	3
	212	89	298.125000	35.719532	1.672485e+00	2000	1	12	4
	212	89	298.125000	35.719532	1.651935e+00	2000	1	12	5
	214	90	300.937500	37.120294	1.649359e+00	2000	1	12	6
	213	89	299.531250	35.719532	1.612703e+00	2000	1	12	7
	216	89	303.750000	35.719532	1.507929e+00	2000	1	12	10
	214	88	300.937500	34.318770	1.424122e+00	2000	1	12	11
	214	88	300.937500	34.318770	1.358425e+00	2000	1	12	12
	215	88	302.343750	34.318770	1.305849e+00	2000	1	12	13
	213	87	299.531250	32.918007	1.226786e+00	2000	1	12	15
	215	88	302.343750	34.318770	1.173116e+00	2000	1	12	16
	214	87	300.937500	32.918007	1.144760e+00	2000	1	12	17
	214	87	300.937500	32.918007	1.063911e+00	2000	1	12	19
	216	88	303.750000	34.318770	1.035302e+00	2000	1	12	20
	216	88	303.750000	34.318770	1.033531e+00	2000	1	12	21
	217	88	305.156250	34.318770	1.026621e+00	2000	1	12	22
	217	88	305.156250	34.318770	1.004507e+00	2000	1	12	23
	217	88	305.156250	34.318770	9.733443e-01	2000	1	13	0
start	94	2000	1	9	0
	0	92	0.000000	39.921816	5.928607e-01	2000	1	9	0
	0	92	0.000000	39.921816	6.065559e-01	2000	1	9	1
	2	92	2.812500	39.921816	6.152601e-01	2000	1	9	2
	1	92	1.406250	39.921816	6.245012e-01	2000	1	9	3
	3	92	4.218750	39.921816	6.549535e-01	2000	1	9	4
	3	91	4.218750	38.521056	6.565933e-01	2000	1	9	5
	3	92	4.218750	39.921816	6.683416e-01	2000	1	9	6
	4	92	5.625000	39.921816	6.932559e-01	2000	1	9	7
	4	92	5.625000	39.921816	7.052484e-01	2000	1	9	8
	4	91	5.625000	38.521056	7.191730e-01	2000	1	9	9
	5	92	7.031250	39.921816	7.395515e-01	2000	1	9	10
	6	92	8.437500	39.921816	7.582216e-01	2000	1	9	11
	5	91	7.031250	38.521056	7.664127e-01	2000	1	9	12
	7	92	9.843750	39.921816	7.838387e-01	2000	1	9	13
	7	92	9.843750	39.921816	7.849641e-01	2000	1	9	14
	7	91	9.843750	38.521056	8.081951e-01	2000	1	9	15
	7	91	9.843750	38.521056	8.187709e-01	2000	1	9	16
	8	91	11.250000	38.521056	8.419795e-01	2000	1	9	17
	8	91	11.250000	38.521056	8.459921e-01	2000	1	9	18
	9	92	12.656250	39.921816	8.814311e-01	2000	1	9	19
	9	92	12.656250	39.921816	8.842359e-01	2000	1	9	20
	10	92	14.062500	39.921816	9.019580e-01	2000	1	9	21
	10	92	14.062500	39.921816	9.159498e-01	2000	1	9	22
	11	92	15.468750	39.921816	9.413552e-01	2000	1	9	23
	12	91	16.875000	38.521056	9.379172e-01	2000	1	10	0
	11	92	15.468750	39.921816	9.585729e-01	2000	1	10	1
	12	91	16.875000	38.521056	9.776030e-01	2000	1	10	2
	12	91	16.875000	38.521056	1.008737e+00	2000	1	10	3
	13	92	18.281250	39.921816	1.017249e+00	2000	1	10	4
	14	91	19.687500	38.521056	1.047648e+00	2000	1	10	5
	14	92	19.687500	39.921816	1.037119e+00	2000	1	10	6
	14	91	19.687500	38.521056	1.056672e+00	2000	1	10	7
	14	91	19.687500	38.521056	1.053692e+00	2000	1	10	8
	15	91	21.093750	38.521056	1.087861e+00	2000	1	10	9
	15	91	21.093750	38.521056	1.074697e+00	2000	1	10	10
	16	91	22.500000	38.521056	1.108793e+00	2000	1	10	11
	17	91	23.906250	38.521056	1.105680e+00	2000	1	10	12
	17	91	23.906250	38.521056	1.120466e+00	2000	1	10	13
	18	91	25.312500	38.521056	1.120430e+00	2000	1	10	14
	19	92	26.718750	39.921816	1.135109e+00	2000	1	10	15
	19	91	26.718750	38.521056	1.149556e+00	2000	1	10	16
	19	91	26.718750	38.521056	1.141715e+00	2000	1	10	17
	20	91	28.125000	38.521056	1.178218e+00	2000	1	10	18
	20	91	28.125000	38.521056	1.176452e+00	2000	1	10	19
	20	91	28.125000	38.521056	1.170302e+00	2000	1	10	20
	21	91	29.531250	38.521056	1.159481e+00	2000	1	10	21
	23	91	32.343750	38.521056	1.191915e+00	2000	1	10	22
	23	91	32.343750	38.521056	1.190992e+00	2000	1	10	23
	23	91	32.343750	38.521056	1.190474e+00	2000	1	11	0
	24	91	33.750000	38.521056	1.223145e+00	2000	1	11	1
	25	91	35.156250	38.521056	1.227253e+00	2000	1	11	2
	25	91	35.156250	38.521056	1.223438e+00	2000	1	11	3
	26	91	36.562500	38.521056	1.238795e+00	2000	1	11	4
	28	91	39.375000	38.521056	1.247235e+00	2000	1	11	5
	28	91	39.375000	38.521056	1.248179e+00	2000	1	11	6
	30	90	42.187500	37.120294	1.289639e+00	2000	1	11	9
	31	90	43.593750	37.120294	1.329226e+00	2000	1	11	10
	31	89	43.593750	35.719532	1.334787e+00	2000	1	11	11
	33	90	46.406250	37.120294	1.361539e+00	2000	1	11	12
	32	89	45.000000	35.719532	1.385394e+00	2000	1	11	13
	34	90	47.812500	37.120294	1.407273e+00	2000	1	11	14
	34	89	47.812500	35.719532	1.469317e+00	2000	1	11	15
	34	89	47.812500	35.719532	1.491096e+00	2000	1	11	16
	35	89	49.218750	35.719532	1.527511e+00	2000	1	11	17
	36	89	50.625000	35.719532	1.521832e+00	2000	1	11	18
	36	89	50.625000	35.719532	1.576384e+00	2000	1	11	19
	37	89	52.031250	35.719532	1.575936e+00	2000	1	11	20
	36	88	50.625000	34.318770	1.591477e+00	2000	1	11	21
	38	89	53.437500	35.719532	1.603411e+00	2000	1	11	22
	37	88	52.031250	34.318770	1.608786e+00	2000	1	11	23
	38	89	53.437500	35.719532	1.636716e+00	2000	1	12	0
	39	89	54.843750	35.719532	1.651550e+00	2000	1	12	1
	40	89	56.250000	35.719532	1.662993e+00	2000	1	12	2
	40	89	56.250000	35.719532	1.679199e+00	2000	1	12	3
	41	89	57.656250	35.719532	1.665825e+00	2000	1	12	4
	42	90	59.062500	37.120294	1.658914e+00	2000	1	12	5
	43	89	60.468750	35.719532	1.612117e+00	2000	1	12	7
	43	89	60.468750	35.719532	1.566754e+00	2000	1	12	8
	44	89	61.875000	35.719532	1.550558e+00	2000	1	12	9
	43	88	60.468750	34.318770	1.466300e+00	2000	1	12	10
	43	88	60.468750	34.318770	1.424819e+00	2000	1	12	11
	43	88	60.468750	34.318770	1.363955e+00	2000	1	12	12
	44	88	61.875000	34.318770	1.307024e+00	2000	1	12	13
	42	87	59.062500	32.918007	1.254997e+00	2000	1	12	14
	42	87	59.062500	32.918007	1.218946e+00	2000	1	12	15
	43	87	60.468750	32.918007	1.176059e+00	2000	1	12	16
	43	87	60.468750	32.918007	1.132748e+00	2000	1	12	17
	43	87	60.468750	32.918007	1.089492e+00	2000	1	12	18
	45	88	63.281250	34.318770	1.072401e+00	2000	1	12	19
	46	88	64.687500	34.318770	1.049659e+00	2000	1	12	20
	46	88	64.687500	34.318770	1.032712e+00	2000	1	12	21
	46	88	64.687500	34.318770	1.035922e+00	2000	1	12	22
	47	88	66.093750	34.318770	1.026608e+00	2000	1	12	23
	47	88	66.093750	34.318770	9.969320e-01	2000	1	13	0
start	93	2000	1	9	0
	86	92	120.937500	39.921816	5.862346e-01	2000	1	9	0
	86	92	120.937500	39.921816	6.015048e-01	2000	1	9	1
	87	92	122.343750	39.921816	6.209450e-01	2000	1	9	2
	87	92	122.343750	39.921816	6.355290e-01	2000	1	9	3
	88	91	123.750000	38.521056	6.367478e-01	2000	1	9	4
	87	92	122.343750	39.921816	6.577969e-01	2000	1	9	5
	89	91	125.156250	38.521056	6.773663e-01	2000	1	9	6
	90	92	126.562500	39.921816	6.847210e-01	2000	1	9	7
	89	91	125.156250	38.521056	7.074151e-01	2000	1	9	8
	90	92	126.562500	39.921816	7.243514e-01	2000	1	9	9
	90	91	126.562500	38.521056	7.311168e-01	2000	1	9	10
	90	91	126.562500	38.521056	7.504888e-01	2000	1	9	11
	91	91	127.968750	38.521056	7.711415e-01	2000	1	9	12
	91	91	127.968750	38.521056	7.754574e-01	2000	1	9	13
	92	91	129.375000	38.521056	8.063102e-01	2000	1	9	14
	92	91	129.375000	38.521056	8.020835e-01	2000	1	9	15
	93	91	130.781250	38.521056	8.258762e-01	2000	1	9	16
	93	91	130.781250	38.521056	8.361917e-01	2000	1	9	17
	94	92	132.187500	39.921816	8.661094e-01	2000	1	9	18
	94	92	132.187500	39.921816	8.741651e-01	2000	1	9	19
	95	92	133.593750	39.921816	8.842859e-01	2000	1	9	20
	95	92	133.593750	39.921816	9.057269e-01	2000	1	9	21
	96	92	135.000000	39.921816	9.159436e-01	2000	1	9	22
	96	92	135.000000	39.921816	9.469662e-01	2000	1	9	23
	97	91	136.406250	38.521056	9.419289e-01	2000	1	10	0
	96	91	135.000000	38.521056	9.681878e-01	2000	1	10	1
	97	92	136.406250	39.921816	9.834318e-01	2000	1	10	2
	98	92	137.812500	39.921816	9.920044e-01	2000	1	10	3
	98	91	137.812500	38.521056	1.011680e+00	2000	1	10	4
	99	91	139.218750	38.521056	1.029204e+00	2000	1	10	5
	100	92	140.625000	39.921816	1.033490e+00	2000	1	10	6
	100	91	140.625000	38.521056	1.042541e+00	2000	1	10	7
	100	91	140.625000	38.521056	1.079293e+00	2000	1	10	8
	100	91	140.625000	38.521056	1.077288e+00	2000	1	10	9
	102	91	143.437500	38.521056	1.084727e+00	2000	1	10	10
	102	91	143.437500	38.521056	1.097561e+00	2000	1	10	11
	103	91	144.843750	38.521056	1.111072e+00	2000	1	10	12
	103	91	144.843750	38.521056	1.131561e+00	2000	1	10	13
	103	91	144.843750	38.521056	1.128592e+00	2000	1	10	14
	103	91	144.843750	38.521056	1.123894e+00	2000	1	10	15
	104	91	146.250000	38.521056	1.144764e+00	2000	1	10	16
	105	91	147.656250	38.521056	1.147368e+00	2000	1	10	17
	106	91	149.062500	38.521056	1.144455e+00	2000	1	10	18
	106	91	149.062500	38.521056	1.164114e+00	2000	1	10	19
	106	91	149.062500	38.521056	1.179427e+00	2000	1	10	20
	107	91	150.468750	38.521056	1.183272e+00	2000	1	10	21
	108	91	151.875000	38.521056	1.184843e+00	2000	1	10	22
	109	92	153.281250	39.921816	1.190834e+00	2000	1	10	23
	109	92	153.281250	39.921816	1.202706e+00	2000	1	11	0
	110	91	154.687500	38.521056	1.212157e+00	2000	1	11	1
	110	91	154.687500	38.521056	1.220990e+00	2000	1	11	2
	112	92	157.500000	39.921816	1.220808e+00	2000	1	11	3
	111	91	156.093750	38.521056	1.236512e+00	2000	1	11	4
	112	91	157.500000	38.521056	1.225606e+00	2000	1	11	5
	113	90	158.906250	37.120294	1.244750e+00	2000	1	11	6
	114	90	160.312500	37.120294	1.247442e+00	2000	1	11	7
	116	91	163.125000	38.521056	1.269785e+00	2000	1	11	9
	116	90	163.125000	37.120294	1.306515e+00	2000	1	11	10
	117	90	164.531250	37.120294	1.328920e+00	2000	1	11	11
	117	90	164.531250	37.120294	1.358490e+00	2000	1	11	12
	117	89	164.531250	35.719532	1.383097e+00	2000	1	11	13
	119	89	167.343750	35.719532	1.419841e+00	2000	1	11	14
	119	89	167.343750	35.719532	1.455417e+00	2000	1	11	15
	120	89	168.750000	35.719532	1.485776e+00	2000	1	11	16
	120	89	168.750000	35.719532	1.509199e+00	2000	1	11	17
	121	89	170.156250	35.719532	1.521102e+00	2000	1	11	18
	122	89	171.562500	35.719532	1.546048e+00	2000	1	11	19
	122	89	171.562500	35.719532	1.566556e+00	2000	1	11	20
	123	89	172.968750	35.719532	1.578628e+00	2000	1	11	21
	123	89	172.968750	35.719532	1.602977e+00	2000	1	11	22
	124	89	174.375000	35.719532	1.628967e+00	2000	1	11	23
	124	89	174.375000	35.719532	1.649523e+00	2000	1	12	0
	124	89	174.375000	35.719532	1.664641e+00	2000	1	12	1
	125	89	175.781250	35.719532	1.674697e+00	2000	1	12	2
	124	88	174.375000	34.318770	1.674284e+00	2000	1	12	3
	127	90	178.593750	37.120294	1.671497e+00	2000	1	12	4
	128	89	180.000000	35.719532	1.622250e+00	2000	1	12	7
	129	89	181.406250	35.719532	1.572381e+00	2000	1	12	8
	129	89	181.406250	35.719532	1.530816e+00	2000	1	12	9
	128	88	180.000000	34.318770	1.428019e+00	2000	1	12	11
	128	88	180.000000	34.318770	1.359860e+00	2000	1	12	12
	129	88	181.406250	34.318770	1.321743e+00	2000	1	12	13
	128	87	180.000000	32.918007	1.269686e+00	2000	1	12	14
	128	87	180.000000	32.918007	1.231608e+00	2000	1	12	15
	128	87	180.000000	32.918007	1.202788e+00	2000	1	12	16
	128	87	180.000000	32.918007	1.149825e+00	2000	1	12	17
	128	87	180.000000	32.918007	1.101135e+00	2000	1	12	18
	131	88	184.218750	34.318770	1.057302e+00	2000	1	12	19
	131	88	184.218750	34.318770	1.042912e+00	2000	1	12	20
	131	88	184.218750	34.318770	1.026062e+00	2000	1	12	21
	132	88	185.625000	34.318770	1.023027e+00	2000	1	12	22
	132	88	185.625000	34.318770	1.018132e+00	2000	1	12	23
	132	88	185.625000	34.318770	9.937053e-01	2000	1	13	0
start	93	2000	1	9	0
	128	92	180.000000	39.921816	5.928607e-01	2000	1	9	0
	128	92	180.000000	39.921816	6.065559e-01	2000	1	9	1
	130	92	182.812500	39.921816	6.152601e-01	2000	1	9	2
	129	92	181.406250	39.921816	6.245012e-01	2000	1	9	3
	131	92	184.218750	39.921816	6.549535e-01	2000	1	9	4
	131	91	184.218750	38.521056	6.565933e-01	2000	1	9	5
	131	92	184.218750	39.921816	6.683416e-01	2000	1	9	6
	132	92	185.625000	39.921816	6.932559e-01	2000	1	9	7
	132	92	185.625000	39.921816	7.052484e-01	2000	1	9	8
	132	91	185.625000	38.521056	7.191730e-01	2000	1	9	9
	133	92	187.031250	39.921816	7.395515e-01	2000	1	9	10
	134	92	188.437500	39.921816	7.582216e-01	2000	1	9	11
	133	91	187.031250	38.521056	7.664127e-01	2000	1	9	12
	135	92	189.843750	39.921816	7.838387e-01	2000	1	9	13
	135	92	189.843750	39.921816	7.849641e-01	2000	1	9	14
	135	91	189.843750	38.521056	8.081951e-01	2000	1	9	15
	135	91	189.843750	38.521056	8.187709e-01	2000	1	9	16
	136	91	191.250000	38.521056	8.419795e-01	2000	1	9	17
	136	91	191.250000	38.521056	8.459921e-01	2000	1	9	18
	137	92	192.656250	39.921816	8.814311e-01	2000	1	9	19
	137	92	192.656250	39.921816	8.842359e-01	2000	1	9	20
	138	92	194.062500	39.921816	9.019580e-01	2000	1	9	21
	138	92	194.062500	39.921816	9.159498e-01	2000	1	9	22
	139	92	195.468750	39.921816	9.413552e-01	2000	1	9	23
	140	91	196.875000	38.521056	9.379172e-01	2000	1	10	0
	139	92	195.468750	39.921816	9.585729e-01	2000	1	10	1
	140	91	196.875000	38.521056	9.776030e-01	2000	1	10	2
	140	91	196.875000	38.521056	1.008737e+00	2000	1	10	3
	141	92	198.281250	39.921816	1.017249e+00	2000	1	10	4
	142	91	199.687500	38.521056	1.047648e+00	2000	1	10	5
	142	92	199.687500	39.921816	1.037119e+00	2000	1	10	6
	142	91	199.687500	38.521056	1.056672e+00	2000	1	10	7
	142	91	199.687500	38.521056	1.053692e+00	2000	1	10	8
	143	91	201.093750	38.521056	1.087861e+00	2000	1	10	9
	143	91	201.093750	38.521056	1.074697e+00	2000	1	10	10
	144	91	202.500000	38.521056	1.108793e+00	2000	1	10	11
	145	91	203.906250	38.521056	1.105680e+00	2000	1	10	12
	145	91	203.906250	38.521056	1.120466e+00	2000	1	10	13
	146	91	205.312500	38.521056	1.120430e+00	2000	1	10	14
	147	92	206.718750	39.921816	1.135109e+00	2000	1	10	15
	147	91	206.718750	38.521056	1.149556e+00	2000	1	10	16
	147	91	206.718750	38.521056	1.141715e+00	2000	1	10	17
	148	91	208.125000	38.521056	1.178218e+00	2000	1	10	18
	148	91	208.125000	38.521056	1.176452e+00	2000	1	10	19
	148	91	208.125000	38.521056	1.170302e+00	2000	1	10	20
	149	91	209.531250	38.521056	1.159481e+00	2000	1	10	21
	151	91	212.343750	38.521056	1.191915e+00	2000	1	10	22
	151	91	212.343750	38.521056	1.190992e+00	2000	1	10	23
	151	91	212.343750	38.521056	1.190474e+00	2000	1	11	0
	152	91	213.750000	38.521056	1.223145e+00	2000	1	11	1
	153	91	215.156250	38.521056	1.227253e+00	2000	1	11	2
	154	91	216.562500	38.521056	1.238795e+00	2000	1	11	4
	156	91	219.375000	38.521056	1.247235e+00	2000	1	11	5
	156	91	219.375000	38.521056	1.248179e+00	2000	1	11	6
	158	90	222.187500	37.120294	1.289639e+00	2000	1	11	9
	159	90	223.593750	37.120294	1.329226e+00	2000	1	11	10
	159	90	223.593750	37.120294	1.319570e+00	2000	1	11	11
	161	90	226.406250	37.120294	1.361539e+00	2000	1	11	12
	160	89	225.000000	35.719532	1.385394e+00	2000	1	11	13
	162	90	227.812500	37.120294	1.407273e+00	2000	1	11	14
	162	89	227.812500	35.719532	1.469317e+00	2000	1	11	15
	162	89	227.812500	35.719532	1.491096e+00	2000	1	11	16
	163	89	229.218750	35.719532	1.527511e+00	2000	1	11	17
	164	89	230.625000	35.719532	1.521832e+00	2000	1	11	18
	164	89	230.625000	35.719532	1.576384e+00	2000	1	11	19
	165	89	232.031250	35.719532	1.575936e+00	2000	1	11	20
	164	88	230.625000	34.318770	1.591477e+00	2000	1	11	21
	166	89	233.437500	35.719532	1.603411e+00	2000	1	11	22
	167	89	234.843750	35.719532	1.609021e+00	2000	1	11	23
	166	89	233.437500	35.719532	1.636716e+00	2000	1	12	0
	167	89	234.843750	35.719532	1.651550e+00	2000	1	12	1
	168	89	236.250000	35.719532	1.662993e+00	2000	1	12	2
	168	89	236.250000	35.719532	1.679199e+00	2000	1	12	3
	169	89	237.656250	35.719532	1.665825e+00	2000	1	12	4
	170	90	239.062500	37.120294	1.658914e+00	2000	1	12	5
	171	89	240.468750	35.719532	1.612117e+00	2000	1	12	7
	171	89	240.468750	35.719532	1.566754e+00	2000	1	12	8
	172	89	241.875000	35.719532	1.550558e+00	2000	1	12	9
	171	88	240.468750	34.318770	1.466300e+00	2000	1	12	10
	171	88	240.468750	34.318770	1.424819e+00	2000	1	12	11
	171	88	240.468750	34.318770	1.363955e+00	2000	1	12	12
	172	88	241.875000	34.318770	1.307024e+00	2000	1	12	13
	170	87	239.062500	32.918007	1.254997e+00	2000	1	12	14
	170	87	239.062500	32.918007	1.218946e+00	2000	1	12	15
	171	87	240.468750	32.918007	1.176085e+00	2000	1	12	16
	171	87	240.468750	32.918007	1.130591e+00	2000	1	12	17
	171	87	240.468750	32.918007	1.089492e+00	2000	1	12	18
	173	88	243.281250	34.318770	1.072401e+00	2000	1	12	19
	174	88	244.687500	34.318770	1.049659e+00	2000	1	12	20
	174	88	244.687500	34.318770	1.032712e+00	2000	1	12	21
	174	88	244.687500	34.318770	1.035922e+00	2000	1	12	22
	175	88	246.093750	34.318770	1.026608e+00	2000	1	12	23
	175	88	246.093750	34.318770	9.969320e-01	2000	1	13	0
start	93	2000	1	9	0
	214	92	300.937500	39.921816	5.862346e-01	2000	1	9	0
	214	92	300.937500	39.921816	6.015048e-01	2000	1	9	1
	215	92	302.343750	39.921816	6.209450e-01	2000	1	9	2
	215	92	302.343750	39.921816	6.355290e-01	2000	1	9	3
	216	91	303.750000	38.521056	6.367478e-01	2000	1	9	4
	215	92	302.343750	39.921816	6.577969e-01	2000	1	9	5
	217	91	305.156250	38.521056	6.773663e-01	2000	1	9	6
	218	92	306.562500	39.921816	6.847210e-01	2000	1	9	7
	217	91	305.156250	38.521056	7.074151e-01	2000	1	9	8
	218	92	306.562500	39.921816	7.243514e-01	2000	1	9	9
	218	91	306.562500	38.521056	7.311168e-01	2000	1	9	10
	218	91	306.562500	38.521056	7.504888e-01	2000	1	9	11
	219	91	307.968750	38.521056	7.711415e-01	2000	1	9	12
	219	91	307.968750	38.521056	7.754474e-01	2000	1	9	13
	220	91	309.375000	38.521056	8.063102e-01	2000	1	9	14
	220	91	309.375000	38.521056	8.020835e-01	2000	1	9	15
	221	91	310.781250	38.521056	8.258762e-01	2000	1	9	16
	221	91	310.781250	38.521056	8.361917e-01	2000	1	9	17
	222	92	312.187500	39.921816	8.661094e-01	2000	1	9	18
	222	92	312.187500	39.921816	8.741651e-01	2000	1	9	19
	223	92	313.593750	39.921816	8.842859e-01	2000	1	9	20
	223	92	313.593750	39.921816	9.057269e-01	2000	1	9	21
	224	92	315.000000	39.921816	9.159436e-01	2000	1	9	22
	224	92	315.000000	39.921816	9.469662e-01	2000	1	9	23
	225	91	316.406250	38.521056	9.419289e-01	2000	1	10	0
	224	91	315.000000	38.521056	9.681878e-01	2000	1	10	1
	225	92	316.406250	39.921816	9.834318e-01	2000	1	10	2
	226	92	317.812500	39.921816	9.920044e-01	2000	1	10	3
	226	91	317.812500	38.521056	1.011680e+00	2000	1	10	4
	227	91	319.218750	38.521056	1.029204e+00	2000	1	10	5
	228	92	320.625000	39.921816	1.033490e+00	2000	1	10	6
	228	91	320.625000	38.521056	1.042541e+00	2000	1	10	7
	228	91	320.625000	38.521056	1.079293e+00	2000	1	10	8
	228	91	320.625000	38.521056	1.077288e+00	2000	1	10	9
	230	91	323.437500	38.521056	1.084727e+00	2000	1	10	10
	230	91	323.437500	38.521056	1.097561e+00	2000	1	10	11
	231	91	324.843750	38.521056	1.111072e+00	2000	1	10	12
	231	91	324.843750	38.521056	1.131561e+00	2000	1	10	13
	231	91	324.843750	38.521056	1.128592e+00	2000	1	10	14
	231	91	324.843750	38.521056	1.123894e+00	2000	1	10	15
	232	91	326.250000	38.521056	1.144764e+00	2000	1	10	16
	233	91	327.656250	38.521056	1.147368e+00	2000	1	10	17
	234	91	329.062500	38.521056	1.144455e+00	2000	1	10	18
	234	91	329.062500	38.521056	1.164114e+00	2000	1	10	19
	234	91	329.062500	38.521056	1.179427e+00	2000	1	10	20
	235	91	330.468750	38.521056	1.183272e+00	2000	1	10	21
	236	91	331.875000	38.521056	1.184843e+00	2000	1	10	22
	237	91	333.281250	38.521056	1.185473e+00	2000	1	10	23
	237	92	333.281250	39.921816	1.202706e+00	2000	1	11	0
	238	91	334.687500	38.521056	1.212157e+00	2000	1	11	1
	238	91	334.687500	38.521056	1.220990e+00	2000	1	11	2
	240	92	337.500000	39.921816	1.220808e+00	2000	1	11	3
	239	91	336.093750	38.521056	1.236512e+00	2000	1	11	4
	240	91	337.500000	38.521056	1.225606e+00	2000	1	11	5
	241	90	338.906250	37.120294	1.244750e+00	2000	1	11	6
	242	90	340.312500	37.120294	1.247442e+00	2000	1	11	7
	244	91	343.125000	38.521056	1.269785e+00	2000	1	11	9
	244	90	343.125000	37.120294	1.306515e+00	2000	1	11	10
	245	90	344.531250	37.120294	1.328920e+00	2000	1	11	11
	245	90	344.531250	37.120294	1.358490e+00	2000	1	11	12
	245	89	344.531250	35.719532	1.383097e+00	2000	1	11	13
	247	89	347.343750	35.719532	1.419841e+00	2000	1	11	14
	247	89	347.343750	35.719532	1.455417e+00	2000	1	11	15
	248	89	348.750000	35.719532	1.485776e+00	2000	1	11	16
	248	89	348.750000	35.719532	1.509199e+00	2000	1	11	17
	249	89	350.156250	35.719532	1.521102e+00	2000	1	11	18
	250	89	351.562500	35.719532	1.546048e+00	2000	1	11	19
	250	89	351.562500	35.719532	1.566556e+00	2000	1	11	20
	251	89	352.968750	35.719532	1.578628e+00	2000	1	11	21
	251	89	352.968750	35.719532	1.602977e+00	2000	1	11	22
	252	89	354.375000	35.719532	1.628967e+00	2000	1	11	23
	252	89	354.375000	35.719532	1.649523e+00	2000	1	12	0
	252	89	354.375000	35.719532	1.664641e+00	2000	1	12	1
	253	89	355.781250	35.719532	1.674697e+00	2000	1	12	2
	252	88	354.375000	34.318770	1.674284e+00	2000	1	12	3
	255	90	358.593750	37.120294	1.671497e+00	2000	1	12	4
	0	89	0.000000	35.719532	1.611201e+00	2000	1	12	7
	1	89	1.406250	35.719532	1.572381e+00	2000	1	12	8
	1	89	1.406250	35.719532	1.530816e+00	2000	1	12	9
	0	88	0.000000	34.318770	1.428019e+00	2000	1	12	11
	0	88	0.000000	34.318770	1.359860e+00	2000	1	12	12
	1	88	1.406250	34.318770	1.321743e+00	2000	1	12	13
	0	87	0.000000	32.918007	1.269686e+00	2000	1	12	14
	0	87	0.000000	32.918007	1.231608e+00	2000	1	12	15
	0	87	0.000000	32.918007	1.202788e+00	2000	1	12	16
	0	87	0.000000	32.918007	1.149825e+00	2000	1	12	17
	0	87	0.000000	32.918007	1.102469e+00	2000	1	12	18
	3	88	4.218750	34.318770	1.057302e+00	2000	1	12	19
	3	88	4.218750	34.318770	1.042912e+00	2000	1	12	20
	3	88	4.218750	34.318770	1.026062e+00	2000	1	12	21
	4	88	5.625000	34.318770	1.023027e+00	2000	1	12	22
	4	88	5.625000	34.318770	1.018132e+00	2000	1	12	23
	4	88	5.625000	34.318770	9.937053e-01	2000	1	13	0
start	97	2000	1	9	0
	40	104	56.250000	56.730857	5.190220e-01	2000	1	9	0
	41	104	57.656250	56.730857	5.372372e-01	2000	1	9	1
	42	104	59.062500	56.730857	5.559883e-01	2000	1	9	2
	43	104	60.468750	56.730857	5.717573e-01	2000	1	9	3
	42	105	59.062500	58.131598	5.999889e-01	2000	1	9	4
	43	104	60.468750	56.730857	6.205468e-01	2000	1	9	5
	43	105	60.468750	58.131598	6.498795e-01	2000	1	9	6
	43	104	60.468750	56.730857	6.501875e-01	2000	1	9	7
	43	105	60.468750	58.131598	6.716213e-01	2000	1	9	8
	44	104	61.875000	56.730857	7.000990e-01	2000	1	9	9
	44	104	61.875000	56.730857	6.992102e-01	2000	1	9	10
	46	104	64.687500	56.730857	7.350860e-01	2000	1	9	11
	46	103	64.687500	55.330112	7.459397e-01	2000	1	9	12
	47	104	66.093750	56.730857	7.637181e-01	2000	1	9	13
	47	105	66.093750	58.131598	7.927403e-01	2000	1	9	14
	47	105	66.093750	58.131598	8.074656e-01	2000	1	9	15
	47	105	66.093750	58.131598	8.181419e-01	2000	1	9	16
	49	104	68.906250	56.730857	8.483038e-01	2000	1	9	17
	50	103	70.312500	55.330112	8.571377e-01	2000	1	9	18
	50	104	70.312500	56.730857	8.754106e-01	2000	1	9	19
	50	103	70.312500	55.330112	8.804302e-01	2000	1	9	20
	50	103	70.312500	55.330112	9.152327e-01	2000	1	9	21
	50	104	70.312500	56.730857	9.200654e-01	2000	1	9	22
	52	103	73.125000	55.330112	9.365373e-01	2000	1	9	23
	52	103	73.125000	55.330112	9.507504e-01	2000	1	10	0
	53	103	74.531250	55.330112	9.597497e-01	2000	1	10	1
	53	105	74.531250	58.131598	9.788218e-01	2000	1	10	2
	54	103	75.937500	55.330112	1.026817e+00	2000	1	10	3
	54	104	75.937500	56.730857	1.030015e+00	2000	1	10	4
	55	103	77.343750	55.330112	1.051917e+00	2000	1	10	5
	56	103	78.750000	55.330112	1.093297e+00	2000	1	10	6
	56	103	78.750000	55.330112	1.120747e+00	2000	1	10	7
	56	103	78.750000	55.330112	1.136704e+00	2000	1	10	8
	56	104	78.750000	56.730857	1.160875e+00	2000	1	10	9
	57	103	80.156250	55.330112	1.185356e+00	2000	1	10	10
	58	103	81.562500	55.330112	1.217562e+00	2000	1	10	11
	58	103	81.562500	55.330112	1.257346e+00	2000	1	10	12
	58	104	81.562500	56.730857	1.256129e+00	2000	1	10	13
	60	103	84.375000	55.330112	1.322076e+00	2000	1	10	14
	60	103	84.375000	55.330112	1.331624e+00	2000	1	10	15
	60	103	84.375000	55.330112	1.365593e+00	2000	1	10	16
	62	101	87.187500	52.528617	1.382085e+00	2000	1	10	17
	62	102	87.187500	53.929366	1.407509e+00	2000	1	10	18
	62	102	87.187500	53.929366	1.418542e+00	2000	1	10	19
	63	101	88.593750	52.528617	1.455019e+00	2000	1	10	20
	64	101	90.000000	52.528617	1.494710e+00	2000	1	10	21
	64	101	90.000000	52.528617	1.504503e+00	2000	1	10	22
	64	102	90.000000	53.929366	1.552501e+00	2000	1	10	23
	64	103	90.000000	55.330112	1.566767e+00	2000	1	11	0
	66	100	92.812500	51.127867	1.578399e+00	2000	1	11	1
	67	99	94.218750	49.727115	1.613270e+00	2000	1	11	2
	68	99	95.625000	49.727115	1.634343e+00	2000	1	11	3
	69	97	97.031250	46.925606	1.661105e+00	2000	1	11	4
	70	97	98.437500	46.925606	1.725191e+00	2000	1	11	5
	70	97	98.437500	46.925606	1.729384e+00	2000	1	11	6
	72	97	101.250000	46.925606	1.744907e+00	2000	1	11	7
	72	96	101.250000	45.524850	1.820831e+00	2000	1	11	8
	73	96	102.656250	45.524850	1.804801e+00	2000	1	11	9
	73	96	102.656250	45.524850	1.864667e+00	2000	1	11	10
	73	96	102.656250	45.524850	1.839948e+00	2000	1	11	11
	75	96	105.468750	45.524850	1.914346e+00	2000	1	11	12
	75	96	105.468750	45.524850	1.983855e+00	2000	1	11	13
	76	96	106.875000	45.524850	1.979627e+00	2000	1	11	14
	76	95	106.875000	44.124093	2.007763e+00	2000	1	11	15
	77	95	108.281250	44.124093	2.022008e+00	2000	1	11	16
	78	95	109.687500	44.124093	2.080754e+00	2000	1	11	17
	78	95	109.687500	44.124093	2.136987e+00	2000	1	11	18
	79	95	111.093750	44.124093	2.141346e+00	2000	1	11	19
	80	94	112.500000	42.723335	2.151125e+00	2000	1	11	20
	81	95	113.906250	44.124093	2.187399e+00	2000	1	11	21
	82	94	115.312500	42.723335	2.196562e+00	2000	1	11	22
	82	94	115.312500	42.723335	2.197590e+00	2000	1	11	23
	84	94	118.125000	42.723335	2.276535e+00	2000	1	12	0
	85	94	119.531250	42.723335	2.247714e+00	2000	1	12	1
	86	94	120.937500	42.723335	2.236796e+00	2000	1	12	2
	86	94	120.937500	42.723335	2.261476e+00	2000	1	12	3
	88	94	123.750000	42.723335	2.289606e+00	2000	1	12	4
	88	94	123.750000	42.723335	2.251221e+00	2000	1	12	5
	90	94	126.562500	42.723335	2.256632e+00	2000	1	12	6
	90	94	126.562500	42.723335	2.245422e+00	2000	1	12	7
	92	94	129.375000	42.723335	2.242555e+00	2000	1	12	8
	93	94	130.781250	42.723335	2.226596e+00	2000	1	12	9
	94	94	132.187500	42.723335	2.214285e+00	2000	1	12	10
	95	94	133.593750	42.723335	2.187840e+00	2000	1	12	11
	96	94	135.000000	42.723335	2.171438e+00	2000	1	12	12
	96	94	135.000000	42.723335	2.175346e+00	2000	1	12	13
	97	94	136.406250	42.723335	2.158615e+00	2000	1	12	14
	98	94	137.812500	42.723335	2.095291e+00	2000	1	12	15
	99	94	139.218750	42.723335	2.079616e+00	2000	1	12	16
	100	94	140.625000	42.723335	2.041084e+00	2000	1	12	17
	100	94	140.625000	42.723335	1.995286e+00	2000	1	12	18
	100	94	140.625000	42.723335	1.962213e+00	2000	1	12	19
	102	94	143.437500	42.723335	1.926688e+00	2000	1	12	20
	102	94	143.437500	42.723335	1.873210e+00	2000	1	12	21
	103	95	144.843750	44.124093	1.855292e+00	2000	1	12	22
	105	95	147.656250	44.124093	1.816207e+00	2000	1	12	23
	105	95	147.656250	44.124093	1.813564e+00	2000	1	13	0
start	97	2000	1	9	0
	83	104	116.718750	56.730857	5.119095e-01	2000	1	9	0
	85	104	119.531250	56.730857	5.368757e-01	2000	1	9	1
	85	104	119.531250	56.730857	5.721178e-01	2000	1	9	2
	84	105	118.125000	58.131598	5.705423e-01	2000	1	9	3
	85	104	119.531250	56.730857	6.020932e-01	2000	1	9	4
	86	105	120.937500	58.131598	6.117735e-01	2000	1	9	5
	86	105	120.937500	58.131598	6.536188e-01	2000	1	9	6
	87	104	122.343750	56.730857	6.713676e-01	2000	1	9	7
	87	104	122.343750	56.730857	6.642427e-01	2000	1	9	8
	87	104	122.343750	56.730857	6.932430e-01	2000	1	9	9
	88	104	123.750000	56.730857	7.109594e-01	2000	1	9	10
	88	104	123.750000	56.730857	7.215705e-01	2000	1	9	11
	88	105	123.750000	58.131598	7.448549e-01	2000	1	9	12
	88	105	123.750000	58.131598	7.540174e-01	2000	1	9	13
	89	105	125.156250	58.131598	7.800841e-01	2000	1	9	14
	89	105	125.156250	58.131598	8.042603e-01	2000	1	9	15
	90	104	126.562500	56.730857	8.181067e-01	2000	1	9	16
	90	105	126.562500	58.131598	8.438268e-01	2000	1	9	17
	92	104	129.375000	56.730857	8.554206e-01	2000	1	9	18
	92	103	129.375000	55.330112	8.773613e-01	2000	1	9	19
	93	104	130.781250	56.730857	9.056082e-01	2000	1	9	20
	93	104	130.781250	56.730857	8.939676e-01	2000	1	9	21
	94	103	132.187500	55.330112	9.191489e-01	2000	1	9	22
	94	103	132.187500	55.330112	9.496789e-01	2000	1	9	23
	95	104	133.593750	56.730857	9.632559e-01	2000	1	10	0
	95	104	133.593750	56.730857	9.987860e-01	2000	1	10	1
	95	104	133.593750	56.730857	1.016181e+00	2000	1	10	2
	97	104	136.406250	56.730857	1.020351e+00	2000	1	10	3
	97	104	136.406250	56.730857	1.039690e+00	2000	1	10	4
	97	104	136.406250	56.730857	1.061063e+00	2000	1	10	5
	98	103	137.812500	55.330112	1.077979e+00	2000	1	10	6
	98	103	137.812500	55.330112	1.118162e+00	2000	1	10	7
	99	102	139.218750	53.929366	1.151330e+00	2000	1	10	8
	99	104	139.218750	56.730857	1.154166e+00	2000	1	10	9
	99	104	139.218750	56.730857	1.189128e+00	2000	1	10	10
	100	103	140.625000	55.330112	1.194626e+00	2000	1	10	11
	102	103	143.437500	55.330112	1.245165e+00	2000	1	10	12
	101	104	142.031250	56.730857	1.264842e+00	2000	1	10	13
	101	104	142.031250	56.730857	1.296636e+00	2000	1	10	14
	103	102	144.843750	53.929366	1.316657e+00	2000	1	10	15
	103	102	144.843750	53.929366	1.353924e+00	2000	1	10	16
	104	102	146.250000	53.929366	1.383076e+00	2000	1	10	17
	104	103	146.250000	55.330112	1.396042e+00	2000	1	10	18
	104	103	146.250000	55.330112	1.446386e+00	2000	1	10	19
	104	103	146.250000	55.330112	1.465982e+00	2000	1	10	20
	107	100	150.468750	51.127867	1.468040e+00	2000	1	10	21
	106	103	149.062500	55.330112	1.492805e+00	2000	1	10	22
	106	103	149.062500	55.330112	1.536046e+00	2000	1	10	23
	107	102	150.468750	53.929366	1.547820e+00	2000	1	11	0
	109	100	153.281250	51.127867	1.577531e+00	2000	1	11	1
	110	99	154.687500	49.727115	1.615388e+00	2000	1	11	2
	111	98	156.093750	48.326361	1.630260e+00	2000	1	11	3
	111	98	156.093750	48.326361	1.676589e+00	2000	1	11	4
	112	98	157.500000	48.326361	1.698163e+00	2000	1	11	5
	114	97	160.312500	46.925606	1.725600e+00	2000	1	11	6
	114	97	160.312500	46.925606	1.761837e+00	2000	1	11	7
	114	96	160.312500	45.524850	1.770492e+00	2000	1	11	8
	115	96	161.718750	45.524850	1.815411e+00	2000	1	11	9
	116	97	163.125000	46.925606	1.846718e+00	2000	1	11	10
	116	96	163.125000	45.524850	1.873204e+00	2000	1	11	11
	117	96	164.531250	45.524850	1.941848e+00	2000	1	11	12
	117	96	164.531250	45.524850	1.929576e+00	2000	1	11	13
	119	95	167.343750	44.124093	1.986197e+00	2000	1	11	14
	118	96	165.937500	45.524850	1.994236e+00	2000	1	11	15
	120	95	168.750000	44.124093	2.050952e+00	2000	1	11	16
	120	95	168.750000	44.124093	2.082203e+00	2000	1	11	17
	121	95	170.156250	44.124093	2.111360e+00	2000	1	11	18
	122	95	171.562500	44.124093	2.173555e+00	2000	1	11	19
	123	95	172.968750	44.124093	2.154395e+00	2000	1	11	20
	123	95	172.968750	44.124093	2.174096e+00	2000	1	11	21
	125	94	175.781250	42.723335	2.227224e+00	2000	1	11	22
	125	94	175.781250	42.723335	2.221677e+00	2000	1	11	23
	126	94	177.187500	42.723335	2.214381e+00	2000	1	12	0
	128	94	180.000000	42.723335	2.279900e+00	2000	1	12	1
	129	94	181.406250	42.723335	2.292276e+00	2000	1	12	2
	129	94	181.406250	42.723335	2.265974e+00	2000	1	12	3
	130	94	182.812500	42.723335	2.261060e+00	2000	1	12	4
	132	94	185.625000	42.723335	2.284763e+00	2000	1	12	5
	132	94	185.625000	42.723335	2.250342e+00	2000	1	12	6
	134	94	188.437500	42.723335	2.260570e+00	2000	1	12	7
	134	94	188.437500	42.723335	2.223345e+00	2000	1	12	8
	135	94	189.843750	42.723335	2.225576e+00	2000	1	12	9
	137	94	192.656250	42.723335	2.229339e+00	2000	1	12	10
	137	94	192.656250	42.723335	2.204335e+00	2000	1	12	11
	138	94	194.062500	42.723335	2.172927e+00	2000	1	12	12
	139	94	195.468750	42.723335	2.169827e+00	2000	1	12	13
	140	94	196.875000	42.723335	2.121951e+00	2000	1	12	14
	140	94	196.875000	42.723335	2.104258e+00	2000	1	12	15
	142	94	199.687500	42.723335	2.061646e+00	2000	1	12	16
	142	94	199.687500	42.723335	2.035975e+00	2000	1	12	17
	144	95	202.500000	44.124093	1.999592e+00	2000	1	12	18
	144	95	202.500000	44.124093	1.966155e+00	2000	1	12	19
	145	95	203.906250	44.124093	1.938327e+00	2000	1	12	20
	145	94	203.906250	42.723335	1.878235e+00	2000	1	12	21
	147	95	206.718750	44.124093	1.843115e+00	2000	1	12	22
	147	95	206.718750	44.124093	1.841521e+00	2000	1	12	23
	148	95	208.125000	44.124093	1.790657e+00	2000	1	13	0
start	97	2000	1	9	0
	127	104	178.593750	56.730857	5.240898e-01	2000	1	9	0
	126	105	177.187500	58.131598	5.403390e-01	2000	1	9	1
	126	105	177.187500	58.131598	5.571508e-01	2000	1	9	2
	127	104	178.593750	56.730857	5.812635e-01	2000	1	9	3
	128	105	180.000000	58.131598	6.129503e-01	2000	1	9	4
	128	105	180.000000	58.131598	6.255236e-01	2000	1	9	5
	128	104	180.000000	56.730857	6.642876e-01	2000	1	9	6
	128	105	180.000000	58.131598	6.634870e-01	2000	1	9	7
	128	105	180.000000	58.131598	6.833239e-01	2000	1	9	8
	130	103	182.812500	55.330112	7.034197e-01	2000	1	9	9
	130	105	182.812500	58.131598	7.151136e-01	2000	1	9	10
	131	104	184.218750	56.730857	7.296796e-01	2000	1	9	11
	132	104	185.625000	56.730857	7.445965e-01	2000	1	9	12
	131	105	184.218750	58.131598	7.662501e-01	2000	1	9	13
	132	105	185.625000	58.131598	7.836070e-01	2000	1	9	14
	132	105	185.625000	58.131598	8.127747e-01	2000	1	9	15
	133	104	187.031250	56.730857	8.215475e-01	2000	1	9	16
	134	103	188.437500	55.330112	8.280015e-01	2000	1	9	17
	134	104	188.437500	56.730857	8.401752e-01	2000	1	9	18
	135	105	189.843750	58.131598	8.753285e-01	2000	1	9	19
	134	104	188.437500	56.730857	8.975573e-01	2000	1	9	20
	136	104	191.250000	56.730857	9.152279e-01	2000	1	9	21
	136	104	191.250000	56.730857	9.274602e-01	2000	1	9	22
	136	104	191.250000	56.730857	9.237814e-01	2000	1	9	23
	138	103	194.062500	55.330112	9.692774e-01	2000	1	10	0
	138	103	194.062500	55.330112	9.881091e-01	2000	1	10	1
	139	104	195.468750	56.730857	9.833994e-01	2000	1	10	2
	138	104	194.062500	56.730857	1.003233e+00	2000	1	10	3
	140	104	196.875000	56.730857	1.033154e+00	2000	1	10	4
	140	104	196.875000	56.730857	1.075774e+00	2000	1	10	5
	140	104	196.875000	56.730857	1.095454e+00	2000	1	10	6
	142	103	199.687500	55.330112	1.128971e+00	2000	1	10	7
	142	103	199.687500	55.330112	1.152017e+00	2000	1	10	8
	142	103	199.687500	55.330112	1.197526e+00	2000	1	10	9
	143	103	201.093750	55.330112	1.202024e+00	2000	1	10	10
	143	104	201.093750	56.730857	1.215456e+00	2000	1	10	11
	144	103	202.500000	55.330112	1.256405e+00	2000	1	10	12
	144	103	202.500000	55.330112	1.284399e+00	2000	1	10	13
	145	102	203.906250	53.929366	1.274885e+00	2000	1	10	14
	146	103	205.312500	55.330112	1.325855e+00	2000	1	10	15
	147	101	206.718750	52.528617	1.341429e+00	2000	1	10	16
	147	102	206.718750	53.929366	1.384205e+00	2000	1	10	17
	147	102	206.718750	53.929366	1.405540e+00	2000	1	10	18
	147	102	206.718750	53.929366	1.414048e+00	2000	1	10	19
	148	101	208.125000	52.528617	1.454039e+00	2000	1	10	20
	148	103	208.125000	55.330112	1.462483e+00	2000	1	10	21
	150	100	210.937500	51.127867	1.520826e+00	2000	1	10	22
	150	100	210.937500	51.127867	1.525987e+00	2000	1	10	23
	151	100	212.343750	51.127867	1.536323e+00	2000	1	11	0
	151	100	212.343750	51.127867	1.572624e+00	2000	1	11	1
	153	99	215.156250	49.727115	1.612267e+00	2000	1	11	2
	154	98	216.562500	48.326361	1.638507e+00	2000	1	11	3
	154	98	216.562500	48.326361	1.679620e+00	2000	1	11	4
	156	97	219.375000	46.925606	1.692113e+00	2000	1	11	5
	156	97	219.375000	46.925606	1.734992e+00	2000	1	11	6
	156	97	219.375000	46.925606	1.785480e+00	2000	1	11	7
	156	97	219.375000	46.925606	1.790895e+00	2000	1	11	8
	157	97	220.781250	46.925606	1.818141e+00	2000	1	11	9
	158	97	222.187500	46.925606	1.831103e+00	2000	1	11	10
	159	96	223.593750	45.524850	1.904046e+00	2000	1	11	11
	160	96	225.000000	45.524850	1.881851e+00	2000	1	11	12
	160	96	225.000000	45.524850	1.975677e+00	2000	1	11	13
	160	96	225.000000	45.524850	1.946874e+00	2000	1	11	14
	162	96	227.812500	45.524850	2.007666e+00	2000	1	11	15
	162	95	227.812500	44.124093	2.054641e+00	2000	1	11	16
	163	95	229.218750	44.124093	2.071641e+00	2000	1	11	17
	164	95	230.625000	44.124093	2.127668e+00	2000	1	11	18
	164	95	230.625000	44.124093	2.112691e+00	2000	1	11	19
	166	95	233.437500	44.124093	2.185529e+00	2000	1	11	20
	166	95	233.437500	44.124093	2.168251e+00	2000	1	11	21
	168	95	236.250000	44.124093	2.158999e+00	2000	1	11	22
	169	94	237.656250	42.723335	2.232307e+00	2000	1	11	23
	169	94	237.656250	42.723335	2.243089e+00	2000	1	12	0
	171	94	240.468750	42.723335	2.227694e+00	2000	1	12	1
	171	94	240.468750	42.723335	2.311702e+00	2000	1	12	2
	172	94	241.875000	42.723335	2.317033e+00	2000	1	12	3
	173	94	243.281250	42.723335	2.312567e+00	2000	1	12	4
	173	94	243.281250	42.723335	2.252310e+00	2000	1	12	5
	175	94	246.093750	42.723335	2.295802e+00	2000	1	12	6
	176	94	247.500000	42.723335	2.255660e+00	2000	1	12	7
	177	94	248.906250	42.723335	2.228206e+00	2000	1	12	8
	178	94	250.312500	42.723335	2.191535e+00	2000	1	12	9
	179	94	251.718750	42.723335	2.201737e+00	2000	1	12	10
	180	94	253.125000	42.723335	2.184449e+00	2000	1	12	11
	181	94	254.531250	42.723335	2.191506e+00	2000	1	12	12
	182	94	255.937500	42.723335	2.142798e+00	2000	1	12	13
	183	94	257.343750	42.723335	2.134275e+00	2000	1	12	14
	183	94	257.343750	42.723335	2.105665e+00	2000	1	12	15
	184	94	258.750000	42.723335	2.088649e+00	2000	1	12	16
	185	94	260.156250	42.723335	2.030804e+00	2000	1	12	17
	186	94	261.562500	42.723335	2.002659e+00	2000	1	12	18
	187	95	262.968750	44.124093	1.953949e+00	2000	1	12	19
	188	95	264.375000	44.124093	1.919194e+00	2000	1	12	20
	188	95	264.375000	44.124093	1.890691e+00	2000	1	12	21
	189	95	265.781250	44.124093	1.867527e+00	2000	1	12	22
	190	95	267.187500	44.124093	1.837104e+00	2000	1	12	23
	191	95	268.593750	44.124093	1.788635e+00	2000	1	13	0
start	97	2000	1	9	0
	168	104	236.250000	56.730857	5.188360e-01	2000	1	9	0
	169	104	237.656250	56.730857	5.372372e-01	2000	1	9	1
	170	104	239.062500	56.730857	5.559883e-01	2000	1	9	2
	171	104	240.468750	56.730857	5.717573e-01	2000	1	9	3
	170	105	239.062500	58.131598	5.999889e-01	2000	1	9	4
	171	104	240.468750	56.730857	6.205468e-01	2000	1	9	5
	171	105	240.468750	58.131598	6.498795e-01	2000	1	9	6
	171	104	240.468750	56.730857	6.501875e-01	2000	1	9	7
	171	105	240.468750	58.131598	6.716213e-01	2000	1	9	8
	172	104	241.875000	56.730857	7.000990e-01	2000	1	9	9
	172	104	241.875000	56.730857	6.992102e-01	2000	1	9	10
	174	104	244.687500	56.730857	7.350860e-01	2000	1	9	11
	174	103	244.687500	55.330112	7.459397e-01	2000	1	9	12
	175	104	246.093750	56.730857	7.637181e-01	2000	1	9	13
	175	105	246.093750	58.131598	7.927403e-01	2000	1	9	14
	175	105	246.093750	58.131598	8.074656e-01	2000	1	9	15
	175	105	246.093750	58.131598	8.181419e-01	2000	1	9	16
	177	104	248.906250	56.730857	8.483038e-01	2000	1	9	17
	178	103	250.312500	55.330112	8.571377e-01	2000	1	9	18
	178	104	250.312500	56.730857	8.754106e-01	2000	1	9	19
	178	103	250.312500	55.330112	8.804302e-01	2000	1	9	20
	178	103	250.312500	55.330112	9.152327e-01	2000	1	9	21
	178	104	250.312500	56.730857	9.199100e-01	2000	1	9	22
	180	103	253.125000	55.330112	9.365373e-01	2000	1	9	23
	180	103	253.125000	55.330112	9.507504e-01	2000	1	10	0
	181	103	254.531250	55.330112	9.597497e-01	2000	1	10	1
	181	105	254.531250	58.131598	9.788218e-01	2000	1	10	2
	182	103	255.937500	55.330112	1.026817e+00	2000	1	10	3
	182	104	255.937500	56.730857	1.030015e+00	2000	1	10	4
	183	103	257.343750	55.330112	1.051917e+00	2000	1	10	5
	184	103	258.750000	55.330112	1.093297e+00	2000	1	10	6
	184	103	258.750000	55.330112	1.120747e+00	2000	1	10	7
	184	103	258.750000	55.330112	1.136704e+00	2000	1	10	8
	184	104	258.750000	56.730857	1.160875e+00	2000	1	10	9
	185	103	260.156250	55.330112	1.185356e+00	2000	1	10	10
	186	103	261.562500	55.330112	1.217562e+00	2000	1	10	11
	186	103	261.562500	55.330112	1.257346e+00	2000	1	10	12
	186	104	261.562500	56.730857	1.256129e+00	2000	1	10	13
	188	103	264.375000	55.330112	1.322076e+00	2000	1	10	14
	188	103	264.375000	55.330112	1.331624e+00	2000	1	10	15
	188	103	264.375000	55.330112	1.365593e+00	2000	1	10	16
	190	101	267.187500	52.528617	1.382085e+00	2000	1	10	17
	190	102	267.187500	53.929366	1.407509e+00	2000	1	10	18
	190	102	267.187500	53.929366	1.418542e+00	2000	1	10	19
	191	101	268.593750	52.528617	1.455019e+00	2000	1	10	20
	192	101	270.000000	52.528617	1.494710e+00	2000	1	10	21
	192	101	270.000000	52.528617	1.504236e+00	2000	1	10	22
	192	102	270.000000	53.929366	1.552501e+00	2000	1	10	23
	192	103	270.000000	55.330112	1.566767e+00	2000	1	11	0
	194	100	272.812500	51.127867	1.578399e+00	2000	1	11	1
	195	99	274.218750	49.727115	1.613270e+00	2000	1	11	2
	196	99	275.625000	49.727115	1.634343e+00	2000	1	11	3
	197	97	277.031250	46.925606	1.661105e+00	2000	1	11	4
	198	97	278.437500	46.925606	1.725191e+00	2000	1	11	5
	198	97	278.437500	46.925606	1.729384e+00	2000	1	11	6
	200	97	281.250000	46.925606	1.744907e+00	2000	1	11	7
	200	96	281.250000	45.524850	1.820831e+00	2000	1	11	8
	201	96	282.656250	45.524850	1.804801e+00	2000	1	11	9
	201	96	282.656250	45.524850	1.864667e+00	2000	1	11	10
	201	96	282.656250	45.524850	1.839948e+00	2000	1	11	11
	203	96	285.468750	45.524850	1.914346e+00	2000	1	11	12
	203	96	285.468750	45.524850	1.983855e+00	2000	1	11	13
	204	96	286.875000	45.524850	1.979627e+00	2000	1	11	14
	204	95	286.875000	44.124093	2.007763e+00	2000	1	11	15
	205	95	288.281250	44.124093	2.022008e+00	2000	1	11	16
	206	95	289.687500	44.124093	2.080754e+00	2000	1	11	17
	206	95	289.687500	44.124093	2.136987e+00	2000	1	11	18
	207	95	291.093750	44.124093	2.149243e+00	2000	1	11	19
	208	94	292.500000	42.723335	2.151125e+00	2000	1	11	20
	209	95	293.906250	44.124093	2.187399e+00	2000	1	11	21
	210	94	295.312500	42.723335	2.196562e+00	2000	1	11	22
	210	94	295.312500	42.723335	2.197590e+00	2000	1	11	23
	212	94	298.125000	42.723335	2.276535e+00	2000	1	12	0
	213	94	299.531250	42.723335	2.247714e+00	2000	1	12	1
	214	94	300.937500	42.723335	2.236796e+00	2000	1	12	2
	214	94	300.937500	42.723335	2.261476e+00	2000	1	12	3
	216	94	303.750000	42.723335	2.289606e+00	2000	1	12	4
	216	94	303.750000	42.723335	2.260808e+00	2000	1	12	5
	218	94	306.562500	42.723335	2.273732e+00	2000	1	12	6
	218	94	306.562500	42.723335	2.245422e+00	2000	1	12	7
	220	94	309.375000	42.723335	2.242555e+00	2000	1	12	8
	221	94	310.781250	42.723335	2.226596e+00	2000	1	12	9
	222	94	312.187500	42.723335	2.214285e+00	2000	1	12	10
	223	94	313.593750	42.723335	2.187840e+00	2000	1	12	11
	224	94	315.000000	42.723335	2.171438e+00	2000	1	12	12
	224	94	315.000000	42.723335	2.175346e+00	2000	1	12	13
	225	94	316.406250	42.723335	2.158615e+00	2000	1	12	14
	226	94	317.812500	42.723335	2.095291e+00	2000	1	12	15
	227	94	319.218750	42.723335	2.079616e+00	2000	1	12	16
	228	94	320.625000	42.723335	2.041279e+00	2000	1	12	17
	228	94	320.625000	42.723335	1.995286e+00	2000	1	12	18
	228	94	320.625000	42.723335	1.962271e+00	2000	1	12	19
	230	94	323.437500	42.723335	1.926688e+00	2000	1	12	20
	230	94	323.437500	42.723335	1.873247e+00	2000	1	12	21
	231	95	324.843750	44.124093	1.855292e+00	2000	1	12	22
	233	95	327.656250	44.124093	1.816207e+00	2000	1	12	23
	233	95	327.656250	44.124093	1.813564e+00	2000	1	13	0
start	97	2000	1	9	0
	211	104	296.718750	56.730857	5.119095e-01	2000	1	9	0
	213	104	299.531250	56.730857	5.368757e-01	2000	1	9	1
	213	104	299.531250	56.730857	5.721178e-01	2000	1	9	2
	212	105	298.125000	58.131598	5.705423e-01	2000	1	9	3
	213	104	299.531250	56.730857	6.020932e-01	2000	1	9	4
	214	105	300.937500	58.131598	6.117735e-01	2000	1	9	5
	214	105	300.937500	58.131598	6.536188e-01	2000	1	9	6
	215	104	302.343750	56.730857	6.713676e-01	2000	1	9	7
	215	104	302.343750	56.730857	6.642427e-01	2000	1	9	8
	215	104	302.343750	56.730857	6.932430e-01	2000	1	9	9
	216	104	303.750000	56.730857	7.109594e-01	2000	1	9	10
	216	104	303.750000	56.730857	7.215705e-01	2000	1	9	11
	216	105	303.750000	58.131598	7.448549e-01	2000	1	9	12
	216	105	303.750000	58.131598	7.540174e-01	2000	1	9	13
	217	105	305.156250	58.131598	7.800841e-01	2000	1	9	14
	217	105	305.156250	58.131598	8.042603e-01	2000	1	9	15
	218	104	306.562500	56.730857	8.181067e-01	2000	1	9	16
	218	105	306.562500	58.131598	8.438268e-01	2000	1	9	17
	220	104	309.375000	56.730857	8.554206e-01	2000	1	9	18
	220	103	309.375000	55.330112	8.773613e-01	2000	1	9	19
	221	104	310.781250	56.730857	9.056082e-01	2000	1	9	20
	221	104	310.781250	56.730857	8.939676e-01	2000	1	9	21
	222	103	312.187500	55.330112	9.191489e-01	2000	1	9	22
	222	103	312.187500	55.330112	9.516931e-01	2000	1	9	23
	223	104	313.593750	56.730857	9.632559e-01	2000	1	10	0
	223	104	313.593750	56.730857	9.987860e-01	2000	1	10	1
	223	104	313.593750	56.730857	1.016181e+00	2000	1	10	2
	225	104	316.406250	56.730857	1.020351e+00	2000	1	10	3
	225	104	316.406250	56.730857	1.039690e+00	2000	1	10	4
	225	104	316.406250	56.730857	1.061063e+00	2000	1	10	5
	226	103	317.812500	55.330112	1.077979e+00	2000	1	10	6
	226	103	317.812500	55.330112	1.118162e+00	2000	1	10	7
	227	102	319.218750	53.929366	1.151330e+00	2000	1	10	8
	227	104	319.218750	56.730857	1.154166e+00	2000	1	10	9
	227	104	319.218750	56.730857	1.189128e+00	2000	1	10	10
	228	103	320.625000	55.330112	1.194626e+00	2000	1	10	11
	230	103	323.437500	55.330112	1.245165e+00	2000	1	10	12
	229	104	322.031250	56.730857	1.264842e+00	2000	1	10	13
	229	104	322.031250	56.730857	1.296636e+00	2000	1	10	14
	231	102	324.843750	53.929366	1.316657e+00	2000	1	10	15
	231	102	324.843750	53.929366	1.353924e+00	2000	1	10	16
	232	102	326.250000	53.929366	1.376158e+00	2000	1	10	17
	233	101	327.656250	52.528617	1.391596e+00	2000	1	10	18
	232	103	326.250000	55.330112	1.446386e+00	2000	1	10	19
	232	103	326.250000	55.330112	1.465982e+00	2000	1	10	20
	235	100	330.468750	51.127867	1.468040e+00	2000	1	10	21
	234	103	329.062500	55.330112	1.492805e+00	2000	1	10	22
	234	103	329.062500	55.330112	1.555939e+00	2000	1	10	23
	235	102	330.468750	53.929366	1.547820e+00	2000	1	11	0
	237	100	333.281250	51.127867	1.577531e+00	2000	1	11	1
	238	99	334.687500	49.727115	1.615388e+00	2000	1	11	2
	239	98	336.093750	48.326361	1.630260e+00	2000	1	11	3
	239	98	336.093750	48.326361	1.676589e+00	2000	1	11	4
	240	98	337.500000	48.326361	1.698438e+00	2000	1	11	5
	242	97	340.312500	46.925606	1.725600e+00	2000	1	11	6
	242	97	340.312500	46.925606	1.761837e+00	2000	1	11	7
	242	96	340.312500	45.524850	1.770492e+00	2000	1	11	8
	243	96	341.718750	45.524850	1.815411e+00	2000	1	11	9
	244	97	343.125000	46.925606	1.846718e+00	2000	1	11	10
	244	96	343.125000	45.524850	1.873204e+00	2000	1	11	11
	245	96	344.531250	45.524850	1.941848e+00	2000	1	11	12
	245	96	344.531250	45.524850	1.929576e+00	2000	1	11	13
	247	95	347.343750	44.124093	1.986197e+00	2000	1	11	14
	246	96	345.937500	45.524850	1.994236e+00	2000	1	11	15
	248	95	348.750000	44.124093	2.050952e+00	2000	1	11	16
	248	95	348.750000	44.124093	2.082203e+00	2000	1	11	17
	249	95	350.156250	44.124093	2.111360e+00	2000	1	11	18
	250	95	351.562500	44.124093	2.173555e+00	2000	1	11	19
	251	95	352.968750	44.124093	2.154395e+00	2000	1	11	20
	251	95	352.968750	44.124093	2.174096e+00	2000	1	11	21
	253	94	355.781250	42.723335	2.227224e+00	2000	1	11	22
	253	94	355.781250	42.723335	2.221677e+00	2000	1	11	23
	254	94	357.187500	42.723335	2.214381e+00	2000	1	12	0
	0	94	0.000000	42.723335	2.279900e+00	2000	1	12	1
	1	94	1.406250	42.723335	2.292276e+00	2000	1	12	2
	1	94	1.406250	42.723335	2.265974e+00	2000	1	12	3
	2	94	2.812500	42.723335	2.261060e+00	2000	1	12	4
	4	94	5.625000	42.723335	2.284763e+00	2000	1	12	5
	4	94	5.625000	42.723335	2.250342e+00	2000	1	12	6
	6	94	8.437500	42.723335	2.260570e+00	2000	1	12	7
	6	94	8.437500	42.723335	2.223345e+00	2000	1	12	8
	7	94	9.843750	42.723335	2.225576e+00	2000	1	12	9
	9	94	12.656250	42.723335	2.229339e+00	2000	1	12	10
	9	94	12.656250	42.723335	2.204335e+00	2000	1	12	11
	10	94	14.062500	42.723335	2.172927e+00	2000	1	12	12
	11	94	15.468750	42.723335	2.169827e+00	2000	1	12	13
	12	94	16.875000	42.723335	2.121951e+00	2000	1	12	14
	12	94	16.875000	42.723335	2.117777e+00	2000	1	12	15
	14	94	19.687500	42.723335	2.061646e+00	2000	1	12	16
	14	94	19.687500	42.723335	2.035975e+00	2000	1	12	17
	16	95	22.500000	44.124093	1.999592e+00	2000	1	12	18
	16	95	22.500000	44.124093	1.966155e+00	2000	1	12	19
	17	95	23.906250	44.124093	1.938327e+00	2000	1	12	20
	17	94	23.906250	42.723335	1.878235e+00	2000	1	12	21
	19	95	26.718750	44.124093	1.855142e+00	2000	1	12	22
	19	95	26.718750	44.124093	1.841521e+00	2000	1	12	23
	20	95	28.125000	44.124093	1.790657e+00	2000	1	13	0
start	97	2000	1	9	0
	255	104	358.593750	56.730857	5.240898e-01	2000	1	9	0
	254	105	357.187500	58.131598	5.403390e-01	2000	1	9	1
	254	105	357.187500	58.131598	5.571508e-01	2000	1	9	2
	255	104	358.593750	56.730857	5.812635e-01	2000	1	9	3
	0	105	0.000000	58.131598	6.129503e-01	2000	1	9	4
	0	105	0.000000	58.131598	6.255236e-01	2000	1	9	5
	0	104	0.000000	56.730857	6.642876e-01	2000	1	9	6
	0	105	0.000000	58.131598	6.634870e-01	2000	1	9	7
	0	105	0.000000	58.131598	6.833239e-01	2000	1	9	8
	2	103	2.812500	55.330112	7.034197e-01	2000	1	9	9
	2	105	2.812500	58.131598	7.151136e-01	2000	1	9	10
	3	104	4.218750	56.730857	7.296796e-01	2000	1	9	11
	4	104	5.625000	56.730857	7.445965e-01	2000	1	9	12
	3	105	4.218750	58.131598	7.662501e-01	2000	1	9	13
	4	105	5.625000	58.131598	7.836070e-01	2000	1	9	14
	4	105	5.625000	58.131598	8.127747e-01	2000	1	9	15
	5	104	7.031250	56.730857	8.215475e-01	2000	1	9	16
	6	103	8.437500	55.330112	8.280015e-01	2000	1	9	17
	6	104	8.437500	56.730857	8.401752e-01	2000	1	9	18
	7	105	9.843750	58.131598	8.753285e-01	2000	1	9	19
	6	104	8.437500	56.730857	8.975573e-01	2000	1	9	20
	8	104	11.250000	56.730857	9.152279e-01	2000	1	9	21
	8	104	11.250000	56.730857	9.274602e-01	2000	1	9	22
	8	104	11.250000	56.730857	9.237814e-01	2000	1	9	23
	10	103	14.062500	55.330112	9.692774e-01	2000	1	10	0
	10	103	14.062500	55.330112	9.881091e-01	2000	1	10	1
	11	104	15.468750	56.730857	9.833994e-01	2000	1	10	2
	10	104	14.062500	56.730857	1.003233e+00	2000	1	10	3
	12	104	16.875000	56.730857	1.033154e+00	2000	1	10	4
	12	104	16.875000	56.730857	1.075774e+00	2000	1	10	5
	12	104	16.875000	56.730857	1.095454e+00	2000	1	10	6
	14	103	19.687500	55.330112	1.128971e+00	2000	1	10	7
	14	103	19.687500	55.330112	1.152017e+00	2000	1	10	8
	14	103	19.687500	55.330112	1.197526e+00	2000	1	10	9
	15	103	21.093750	55.330112	1.202024e+00	2000	1	10	10
	15	104	21.093750	56.730857	1.215456e+00	2000	1	10	11
	16	103	22.500000	55.330112	1.256405e+00	2000	1	10	12
	16	103	22.500000	55.330112	1.284399e+00	2000	1	10	13
	17	102	23.906250	53.929366	1.274885e+00	2000	1	10	14
	18	103	25.312500	55.330112	1.325855e+00	2000	1	10	15
	19	101	26.718750	52.528617	1.341429e+00	2000	1	10	16
	19	102	26.718750	53.929366	1.384205e+00	2000	1	10	17
	19	102	26.718750	53.929366	1.405540e+00	2000	1	10	18
	19	102	26.718750	53.929366	1.414048e+00	2000	1	10	19
	20	101	28.125000	52.528617	1.454039e+00	2000	1	10	20
	20	103	28.125000	55.330112	1.462483e+00	2000	1	10	21
	22	100	30.937500	51.127867	1.520826e+00	2000	1	10	22
	22	100	30.937500	51.127867	1.525987e+00	2000	1	10	23
	23	100	32.343750	51.127867	1.536323e+00	2000	1	11	0
	23	100	32.343750	51.127867	1.572624e+00	2000	1	11	1
	25	99	35.156250	49.727115	1.612267e+00	2000	1	11	2
	26	98	36.562500	48.326361	1.638507e+00	2000	1	11	3
	26	98	36.562500	48.326361	1.679620e+00	2000	1	11	4
	28	97	39.375000	46.925606	1.692113e+00	2000	1	11	5
	28	97	39.375000	46.925606	1.734992e+00	2000	1	11	6
	28	97	39.375000	46.925606	1.785480e+00	2000	1	11	7
	28	97	39.375000	46.925606	1.790895e+00	2000	1	11	8
	29	97	40.781250	46.925606	1.818141e+00	2000	1	11	9
	30	97	42.187500	46.925606	1.831103e+00	2000	1	11	10
	31	96	43.593750	45.524850	1.904046e+00	2000	1	11	11
	32	96	45.000000	45.524850	1.881851e+00	2000	1	11	12
	32	96	45.000000	45.524850	1.975677e+00	2000	1	11	13
	32	96	45.000000	45.524850	1.946874e+00	2000	1	11	14
	34	96	47.812500	45.524850	2.007666e+00	2000	1	11	15
	34	95	47.812500	44.124093	2.054641e+00	2000	1	11	16
	35	95	49.218750	44.124093	2.071641e+00	2000	1	11	17
	36	95	50.625000	44.124093	2.127668e+00	2000	1	11	18
	36	95	50.625000	44.124093	2.112953e+00	2000	1	11	19
	38	95	53.437500	44.124093	2.185529e+00	2000	1	11	20
	38	95	53.437500	44.124093	2.168251e+00	2000	1	11	21
	40	95	56.250000	44.124093	2.158999e+00	2000	1	11	22
	41	94	57.656250	42.723335	2.232307e+00	2000	1	11	23
	41	94	57.656250	42.723335	2.243089e+00	2000	1	12	0
	43	94	60.468750	42.723335	2.227694e+00	2000	1	12	1
	43	94	60.468750	42.723335	2.311702e+00	2000	1	12	2
	44	94	61.875000	42.723335	2.317033e+00	2000	1	12	3
	45	94	63.281250	42.723335	2.312567e+00	2000	1	12	4
	45	94	63.281250	42.723335	2.252310e+00	2000	1	12	5
	47	94	66.093750	42.723335	2.295802e+00	2000	1	12	6
	48	94	67.500000	42.723335	2.255660e+00	2000	1	12	7
	49	94	68.906250	42.723335	2.228206e+00	2000	1	12	8
	50	94	70.312500	42.723335	2.191535e+00	2000	1	12	9
	51	94	71.718750	42.723335	2.201737e+00	2000	1	12	10
	52	94	73.125000	42.723335	2.184449e+00	2000	1	12	11
	53	94	74.531250	42.723335	2.191506e+00	2000	1	12	12
	54	94	75.937500	42.723335	2.142798e+00	2000	1	12	13
	55	94	77.343750	42.723335	2.134275e+00	2000	1	12	14
	55	94	77.343750	42.723335	2.105665e+00	2000	1	12	15
	56	94	78.750000	42.723335	2.088649e+00	2000	1	12	16
	56	94	78.750000	42.723335	2.031942e+00	2000	1	12	17
	58	94	81.562500	42.723335	2.002659e+00	2000	1	12	18
	59	95	82.968750	44.124093	1.953949e+00	2000	1	12	19
	60	95	84.375000	44.124093	1.919194e+00	2000	1	12	20
	60	95	84.375000	44.124093	1.890691e+00	2000	1	12	21
	61	95	85.781250	44.124093	1.867527e+00	2000	1	12	22
	62	95	87.187500	44.124093	1.837104e+00	2000	1	12	23
	63	95	88.593750	44.124093	1.788673e+00	2000	1	13	0
start	43	2000	1	11	2
	64	105	90.000000	58.131598	1.543529e+00	2000	1	11	2
	66	106	92.812500	59.532337	1.589312e+00	2000	1	11	5
	66	106	92.812500	59.532337	1.591393e+00	2000	1	11	6
	68	106	95.625000	59.532337	1.641180e+00	2000	1	11	9
	69	106	97.031250	59.532337	1.618715e+00	2000	1	11	10
	69	106	97.031250	59.532337	1.610081e+00	2000	1	11	11
	70	105	98.437500	58.131598	1.633698e+00	2000	1	11	12
	71	106	99.843750	59.532337	1.649058e+00	2000	1	11	13
	71	106	99.843750	59.532337	1.635423e+00	2000	1	11	14
	71	106	99.843750	59.532337	1.618406e+00	2000	1	11	15
	73	106	102.656250	59.532337	1.614157e+00	2000	1	11	16
	73	106	102.656250	59.532337	1.658718e+00	2000	1	11	17
	73	106	102.656250	59.532337	1.621481e+00	2000	1	11	18
	74	106	104.062500	59.532337	1.578283e+00	2000	1	11	19
	75	106	105.468750	59.532337	1.619360e+00	2000	1	11	20
	75	106	105.468750	59.532337	1.605133e+00	2000	1	11	21
	76	108	106.875000	62.333803	1.608094e+00	2000	1	11	22
	77	109	108.281250	63.734530	1.592044e+00	2000	1	11	23
	77	109	108.281250	63.734530	1.581203e+00	2000	1	12	0
	78	108	109.687500	62.333803	1.571538e+00	2000	1	12	1
	79	109	111.093750	63.734530	1.601138e+00	2000	1	12	2
	79	109	111.093750	63.734530	1.606667e+00	2000	1	12	3
	80	110	112.500000	65.135251	1.605483e+00	2000	1	12	4
	80	110	112.500000	65.135251	1.595044e+00	2000	1	12	5
	81	109	113.906250	63.734530	1.606586e+00	2000	1	12	6
	82	109	115.312500	63.734530	1.624602e+00	2000	1	12	7
	82	109	115.312500	63.734530	1.606610e+00	2000	1	12	8
	83	110	116.718750	65.135251	1.601724e+00	2000	1	12	9
	84	109	118.125000	63.734530	1.600384e+00	2000	1	12	10
	84	109	118.125000	63.734530	1.635474e+00	2000	1	12	11
	85	110	119.531250	65.135251	1.638113e+00	2000	1	12	12
	85	110	119.531250	65.135251	1.642003e+00	2000	1	12	13
	86	111	120.937500	66.535966	1.595689e+00	2000	1	12	14
	87	110	122.343750	65.135251	1.618149e+00	2000	1	12	15
	88	110	123.750000	65.135251	1.635088e+00	2000	1	12	16
	88	110	123.750000	65.135251	1.651227e+00	2000	1	12	17
	89	111	125.156250	66.535966	1.631873e+00	2000	1	12	18
	89	111	125.156250	66.535966	1.613118e+00	2000	1	12	19
	90	111	126.562500	66.535966	1.582639e+00	2000	1	12	20
	91	110	127.968750	65.135251	1.606750e+00	2000	1	12	21
	92	111	129.375000	66.535966	1.630990e+00	2000	1	12	22
	92	111	129.375000	66.535966	1.632671e+00	2000	1	12	23
	93	110	130.781250	65.135251	1.599662e+00	2000	1	13	0
start	43	2000	1	11	2
	192	105	270.000000	58.131598	1.543529e+00	2000	1	11	2
	194	106	272.812500	59.532337	1.589312e+00	2000	1	11	5
	194	106	272.812500	59.532337	1.591393e+00	2000	1	11	6
	196	106	275.625000	59.532337	1.641180e+00	2000	1	11	9
	197	106	277.031250	59.532337	1.618715e+00	2000	1	11	10
	197	106	277.031250	59.532337	1.610081e+00	2000	1	11	11
	198	105	278.437500	58.131598	1.633698e+00	2000	1	11	12
	199	106	279.843750	59.532337	1.649058e+00	2000	1	11	13
	199	106	279.843750	59.532337	1.635423e+00	2000	1	11	14
	200	106	281.250000	59.532337	1.618444e+00	2000	1	11	15
	201	106	282.656250	59.532337	1.614157e+00	2000	1	11	16
	201	106	282.656250	59.532337	1.658718e+00	2000	1	11	17
	201	106	282.656250	59.532337	1.621481e+00	2000	1	11	18
	202	106	284.062500	59.532337	1.578283e+00	2000	1	11	19
	203	106	285.468750	59.532337	1.637750e+00	2000	1	11	20
	203	106	285.468750	59.532337	1.605133e+00	2000	1	11	21
	204	108	286.875000	62.333803	1.608094e+00	2000	1	11	22
	205	109	288.281250	63.734530	1.589538e+00	2000	1	11	23
	205	109	288.281250	63.734530	1.581203e+00	2000	1	12	0
	206	108	289.687500	62.333803	1.571538e+00	2000	1	12	1
	207	109	291.093750	63.734530	1.601138e+00	2000	1	12	2
	207	109	291.093750	63.734530	1.606667e+00	2000	1	12	3
	208	110	292.500000	65.135251	1.605483e+00	2000	1	12	4
	208	110	292.500000	65.135251	1.595044e+00	2000	1	12	5
	209	109	293.906250	63.734530	1.606487e+00	2000	1	12	6
	210	109	295.312500	63.734530	1.624602e+00	2000	1	12	7
	210	109	295.312500	63.734530	1.606610e+00	2000	1	12	8
	211	110	296.718750	65.135251	1.601562e+00	2000	1	12	9
	212	109	298.125000	63.734530	1.600384e+00	2000	1	12	10
	212	109	298.125000	63.734530	1.635474e+00	2000	1	12	11
	213	110	299.531250	65.135251	1.637950e+00	2000	1	12	12
	213	110	299.531250	65.135251	1.642003e+00	2000	1	12	13
	214	111	300.937500	66.535966	1.595689e+00	2000	1	12	14
	215	110	302.343750	65.135251	1.618149e+00	2000	1	12	15
	216	110	303.750000	65.135251	1.635088e+00	2000	1	12	16
	216	110	303.750000	65.135251	1.651227e+00	2000	1	12	17
	217	111	305.156250	66.535966	1.631873e+00	2000	1	12	18
	217	111	305.156250	66.535966	1.600622e+00	2000	1	12	19
	218	110	306.562500	65.135251	1.601110e+00	2000	1	12	20
	219	110	307.968750	65.135251	1.606750e+00	2000	1	12	21
	220	111	309.375000	66.535966	1.630990e+00	2000	1	12	22
	220	111	309.375000	66.535966	1.632671e+00	2000	1	12	23
	221	110	310.781250	65.135251	1.584091e+00	2000	1	13	0
start	23	2000	1	11	8
	197	100	277.031250	51.127867	1.634661e+00	2000	1	11	8
	198	101	278.437500	52.528617	1.641376e+00	2000	1	11	10
	201	100	282.656250	51.127867	1.648911e+00	2000	1	11	15
	202	101	284.062500	52.528617	1.562208e+00	2000	1	11	17
	205	100	288.281250	51.127867	1.581222e+00	2000	1	11	21
	208	99	292.500000	49.727115	1.587771e+00	2000	1	12	1
	208	100	292.500000	51.127867	1.476432e+00	2000	1	12	2
	210	100	295.312500	51.127867	1.485775e+00	2000	1	12	4
	211	99	296.718750	49.727115	1.533392e+00	2000	1	12	5
	212	100	298.125000	51.127867	1.433641e+00	2000	1	12	7
	214	98	300.937500	48.326361	1.571015e+00	2000	1	12	8
	214	100	300.937500	51.127867	1.319966e+00	2000	1	12	10
	214	101	300.937500	52.528617	1.237978e+00	2000	1	12	11
	216	99	303.750000	49.727115	1.273938e+00	2000	1	12	12
	217	99	305.156250	49.727115	1.265110e+00	2000	1	12	13
	217	100	305.156250	51.127867	1.124346e+00	2000	1	12	14
	216	103	303.750000	55.330112	1.098403e+00	2000	1	12	15
	218	101	306.562500	52.528617	1.049056e+00	2000	1	12	16
	220	99	309.375000	49.727115	1.119799e+00	2000	1	12	17
	221	101	310.781250	52.528617	8.628931e-01	2000	1	12	20
	222	101	312.187500	52.528617	8.364644e-01	2000	1	12	21
	222	103	312.187500	55.330112	7.184606e-01	2000	1	12	22
	223	104	313.593750	56.730857	7.071466e-01	2000	1	13	0
start	33	2000	1	11	8
	25	106	35.156250	59.532337	1.605669e+00	2000	1	11	8
	25	106	35.156250	59.532337	1.606417e+00	2000	1	11	9
	27	106	37.968750	59.532337	1.631382e+00	2000	1	11	12
	28	105	39.375000	58.131598	1.640438e+00	2000	1	11	13
	29	106	40.781250	59.532337	1.651085e+00	2000	1	11	14
	29	106	40.781250	59.532337	1.637170e+00	2000	1	11	15
	30	105	42.187500	58.131598	1.644735e+00	2000	1	11	16
	30	105	42.187500	58.131598	1.637671e+00	2000	1	11	17
	31	106	43.593750	59.532337	1.638078e+00	2000	1	11	18
	32	105	45.000000	58.131598	1.625051e+00	2000	1	11	19
	32	105	45.000000	58.131598	1.637254e+00	2000	1	11	20
	33	104	46.406250	56.730857	1.582600e+00	2000	1	11	21
	33	106	46.406250	59.532337	1.577438e+00	2000	1	11	22
	34	105	47.812500	58.131598	1.583035e+00	2000	1	11	23
	35	104	49.218750	56.730857	1.504591e+00	2000	1	12	0
	38	101	53.437500	52.528617	1.451040e+00	2000	1	12	3
	39	100	54.843750	51.127867	1.463090e+00	2000	1	12	4
	38	103	53.437500	55.330112	1.406203e+00	2000	1	12	5
	39	104	54.843750	56.730857	1.405842e+00	2000	1	12	6
	40	103	56.250000	55.330112	1.383370e+00	2000	1	12	7
	42	100	59.062500	51.127867	1.393270e+00	2000	1	12	8
	42	101	59.062500	52.528617	1.327482e+00	2000	1	12	9
	42	103	59.062500	55.330112	1.346445e+00	2000	1	12	10
	44	100	61.875000	51.127867	1.264127e+00	2000	1	12	11
	44	103	61.875000	55.330112	1.204555e+00	2000	1	12	13
	46	100	64.687500	51.127867	1.153600e+00	2000	1	12	14
	48	99	67.500000	49.727115	1.210342e+00	2000	1	12	15
	47	102	66.093750	53.929366	9.524565e-01	2000	1	12	17
	49	101	68.906250	52.528617	9.697227e-01	2000	1	12	18
	51	100	71.718750	51.127867	9.036450e-01	2000	1	12	20
	53	99	74.531250	49.727115	9.862542e-01	2000	1	12	21
	53	100	74.531250	51.127867	8.629541e-01	2000	1	12	22
	54	101	75.937500	52.528617	6.386685e-01	2000	1	13	0
start	40	2000	1	11	8
	110	106	154.687500	59.532337	1.620351e+00	2000	1	11	8
	111	106	156.093750	59.532337	1.626182e+00	2000	1	11	9
	111	105	156.093750	58.131598	1.635363e+00	2000	1	11	10
	112	106	157.500000	59.532337	1.645977e+00	2000	1	11	11
	113	105	158.906250	58.131598	1.638921e+00	2000	1	11	12
	113	105	158.906250	58.131598	1.657155e+00	2000	1	11	13
	115	106	161.718750	59.532337	1.635720e+00	2000	1	11	15
	115	105	161.718750	58.131598	1.671163e+00	2000	1	11	16
	115	105	161.718750	58.131598	1.631732e+00	2000	1	11	17
	116	105	163.125000	58.131598	1.586010e+00	2000	1	11	18
	117	106	164.531250	59.532337	1.665281e+00	2000	1	11	19
	117	106	164.531250	59.532337	1.642232e+00	2000	1	11	20
	118	108	165.937500	62.333803	1.595744e+00	2000	1	11	21
	119	106	167.343750	59.532337	1.571564e+00	2000	1	11	22
	119	106	167.343750	59.532337	1.588678e+00	2000	1	11	23
	120	109	168.750000	63.734530	1.585547e+00	2000	1	12	0
	121	108	170.156250	62.333803	1.591387e+00	2000	1	12	1
	121	108	170.156250	62.333803	1.586984e+00	2000	1	12	2
	122	109	171.562500	63.734530	1.580295e+00	2000	1	12	3
	123	109	172.968750	63.734530	1.625418e+00	2000	1	12	4
	123	109	172.968750	63.734530	1.665683e+00	2000	1	12	5
	123	109	172.968750	63.734530	1.632290e+00	2000	1	12	6
	125	110	175.781250	65.135251	1.588246e+00	2000	1	12	7
	125	110	175.781250	65.135251	1.612224e+00	2000	1	12	8
	126	109	177.187500	63.734530	1.604419e+00	2000	1	12	9
	126	110	177.187500	65.135251	1.603149e+00	2000	1	12	10
	128	110	180.000000	65.135251	1.623580e+00	2000	1	12	11
	128	110	180.000000	65.135251	1.679068e+00	2000	1	12	12
	128	109	180.000000	63.734530	1.677697e+00	2000	1	12	13
	128	110	180.000000	65.135251	1.650548e+00	2000	1	12	14
	130	110	182.812500	65.135251	1.611954e+00	2000	1	12	15
	131	111	184.218750	66.535966	1.613729e+00	2000	1	12	16
	131	111	184.218750	66.535966	1.637431e+00	2000	1	12	17
	131	111	184.218750	66.535966	1.603491e+00	2000	1	12	18
	133	110	187.031250	65.135251	1.592983e+00	2000	1	12	19
	133	110	187.031250	65.135251	1.621726e+00	2000	1	12	20
	133	110	187.031250	65.135251	1.635420e+00	2000	1	12	21
	134	111	188.437500	66.535966	1.595410e+00	2000	1	12	22
	135	111	189.843750	66.535966	1.575872e+00	2000	1	12	23
	136	110	191.250000	65.135251	1.640145e+00	2000	1	13	0
start	33	2000	1	11	8
	153	106	215.156250	59.532337	1.605669e+00	2000	1	11	8
	153	106	215.156250	59.532337	1.606417e+00	2000	1	11	9
	155	106	217.968750	59.532337	1.631382e+00	2000	1	11	12
	156	105	219.375000	58.131598	1.640438e+00	2000	1	11	13
	157	106	220.781250	59.532337	1.651085e+00	2000	1	11	14
	157	106	220.781250	59.532337	1.637170e+00	2000	1	11	15
	158	105	222.187500	58.131598	1.644735e+00	2000	1	11	16
	158	105	222.187500	58.131598	1.637671e+00	2000	1	11	17
	159	106	223.593750	59.532337	1.638078e+00	2000	1	11	18
	160	105	225.000000	58.131598	1.625051e+00	2000	1	11	19
	160	105	225.000000	58.131598	1.637254e+00	2000	1	11	20
	161	104	226.406250	56.730857	1.582623e+00	2000	1	11	21
	161	106	226.406250	59.532337	1.577438e+00	2000	1	11	22
	162	105	227.812500	58.131598	1.583035e+00	2000	1	11	23
	163	104	229.218750	56.730857	1.523094e+00	2000	1	12	0
	166	101	233.437500	52.528617	1.451040e+00	2000	1	12	3
	167	100	234.843750	51.127867	1.463090e+00	2000	1	12	4
	166	103	233.437500	55.330112	1.406203e+00	2000	1	12	5
	167	104	234.843750	56.730857	1.405842e+00	2000	1	12	6
	168	103	236.250000	55.330112	1.395854e+00	2000	1	12	7
	170	100	239.062500	51.127867	1.393270e+00	2000	1	12	8
	171	99	240.468750	49.727115	1.394125e+00	2000	1	12	9
	172	100	241.875000	51.127867	1.264127e+00	2000	1	12	11
	172	103	241.875000	55.330112	1.204555e+00	2000	1	12	13
	174	100	244.687500	51.127867	1.153600e+00	2000	1	12	14
	176	99	247.500000	49.727115	1.209639e+00	2000	1	12	15
	175	102	246.093750	53.929366	9.524565e-01	2000	1	12	17
	178	99	250.312500	49.727115	1.086143e+00	2000	1	12	18
	179	100	251.718750	51.127867	9.036450e-01	2000	1	12	20
	181	99	254.531250	49.727115	9.862542e-01	2000	1	12	21
	181	100	254.531250	51.127867	8.629541e-01	2000	1	12	22
	181	101	254.531250	52.528617	7.320585e-01	2000	1	12	23
	182	101	255.937500	52.528617	6.386685e-01	2000	1	13	0
start	40	2000	1	11	8
	238	106	334.687500	59.532337	1.620351e+00	2000	1	11	8
	239	106	336.093750	59.532337	1.626182e+00	2000	1	11	9
	239	105	336.093750	58.131598	1.635363e+00	2000	1	11	10
	240	106	337.500000	59.532337	1.645977e+00	2000	1	11	11
	241	105	338.906250	58.131598	1.638921e+00	2000	1	11	12
	241	105	338.906250	58.131598	1.657155e+00	2000	1	11	13
	243	106	341.718750	59.532337	1.635720e+00	2000	1	11	15
	243	105	341.718750	58.131598	1.671163e+00	2000	1	11	16
	243	105	341.718750	58.131598	1.631732e+00	2000	1	11	17
	244	105	343.125000	58.131598	1.586010e+00	2000	1	11	18
	245	106	344.531250	59.532337	1.665281e+00	2000	1	11	19
	245	106	344.531250	59.532337	1.642232e+00	2000	1	11	20
	246	108	345.937500	62.333803	1.595832e+00	2000	1	11	21
	247	106	347.343750	59.532337	1.571564e+00	2000	1	11	22
	247	106	347.343750	59.532337	1.588678e+00	2000	1	11	23
	248	109	348.750000	63.734530	1.585547e+00	2000	1	12	0
	249	108	350.156250	62.333803	1.591387e+00	2000	1	12	1
	249	108	350.156250	62.333803	1.586984e+00	2000	1	12	2
	250	109	351.562500	63.734530	1.580384e+00	2000	1	12	3
	251	109	352.968750	63.734530	1.625418e+00	2000	1	12	4
	251	109	352.968750	63.734530	1.665683e+00	2000	1	12	5
	251	109	352.968750	63.734530	1.632290e+00	2000	1	12	6
	253	110	355.781250	65.135251	1.588246e+00	2000	1	12	7
	253	109	355.781250	63.734530	1.608425e+00	2000	1	12	8
	254	109	357.187500	63.734530	1.604498e+00	2000	1	12	9
	254	110	357.187500	65.135251	1.603326e+00	2000	1	12	10
	0	110	0.000000	65.135251	1.623580e+00	2000	1	12	11
	0	110	0.000000	65.135251	1.679247e+00	2000	1	12	12
	0	109	0.000000	63.734530	1.677697e+00	2000	1	12	13
	0	110	0.000000	65.135251	1.650548e+00	2000	1	12	14
	2	110	2.812500	65.135251	1.612077e+00	2000	1	12	15
	3	111	4.218750	66.535966	1.613729e+00	2000	1	12	16
	3	111	4.218750	66.535966	1.637431e+00	2000	1	12	17
	3	111	4.218750	66.535966	1.603491e+00	2000	1	12	18
	5	110	7.031250	65.135251	1.592983e+00	2000	1	12	19
	5	110	7.031250	65.135251	1.621726e+00	2000	1	12	20
	5	110	7.031250	65.135251	1.635420e+00	2000	1	12	21
	6	111	8.437500	66.535966	1.595410e+00	2000	1	12	22
	6	111	8.437500	66.535966	1.582689e+00	2000	1	12	23
	8	110	11.250000	65.135251	1.640145e+00	2000	1	13	0
start	22	2000	1	11	10
	70	101	98.437500	52.528617	1.641376e+00	2000	1	11	10
	73	100	102.656250	51.127867	1.648911e+00	2000	1	11	15
	74	101	104.062500	52.528617	1.562208e+00	2000	1	11	17
	77	100	108.281250	51.127867	1.581222e+00	2000	1	11	21
	80	99	112.500000	49.727115	1.587771e+00	2000	1	12	1
	80	100	112.500000	51.127867	1.476432e+00	2000	1	12	2
	82	100	115.312500	51.127867	1.485775e+00	2000	1	12	4
	83	99	116.718750	49.727115	1.533392e+00	2000	1	12	5
	84	100	118.125000	51.127867	1.433641e+00	2000	1	12	7
	86	98	120.937500	48.326361	1.571015e+00	2000	1	12	8
	86	100	120.937500	51.127867	1.319966e+00	2000	1	12	10
	86	101	120.937500	52.528617	1.237978e+00	2000	1	12	11
	86	103	120.937500	55.330112	1.291065e+00	2000	1	12	12
	89	100	125.156250	51.127867	1.124346e+00	2000	1	12	14
	88	103	123.750000	55.330112	1.098403e+00	2000	1	12	15
	90	101	126.562500	52.528617	1.049056e+00	2000	1	12	16
	92	99	129.375000	49.727115	1.119799e+00	2000	1	12	17
	92	101	129.375000	52.528617	9.201465e-01	2000	1	12	19
	93	101	130.781250	52.528617	8.628931e-01	2000	1	12	20
	94	101	132.187500	52.528617	8.364644e-01	2000	1	12	21
	94	103	132.187500	55.330112	7.184606e-01	2000	1	12	22
	95	104	133.593750	56.730857	7.071466e-01	2000	1	13	0
