start	95	2000	1	7	0
	5	99	7.031250	49.727115	9.332396e-06	2000	1	7	0
	5	100	7.031250	51.127867	9.690005e-06	2000	1	7	1
	6	99	8.437500	49.727115	1.002169e-05	2000	1	7	2
	6	99	8.437500	49.727115	1.032606e-05	2000	1	7	3
	7	99	9.843750	49.727115	1.069599e-05	2000	1	7	4
	8	99	11.250000	49.727115	1.088985e-05	2000	1	7	5
	8	99	11.250000	49.727115	1.120268e-05	2000	1	7	6
	8	99	11.250000	49.727115	1.144734e-05	2000	1	7	7
	10	100	14.062500	51.127867	1.223415e-05	2000	1	7	9
	10	100	14.062500	51.127867	1.269206e-05	2000	1	7	10
	11	99	15.468750	49.727115	1.313549e-05	2000	1	7	11
	12	100	16.875000	51.127867	1.364138e-05	2000	1	7	12
	11	99	15.468750	49.727115	1.406016e-05	2000	1	7	13
	13	100	18.281250	51.127867	1.457990e-05	2000	1	7	14
	13	99	18.281250	49.727115	1.498946e-05	2000	1	7	15
	14	99	19.687500	49.727115	1.542741e-05	2000	1	7	16
	15	99	21.093750	49.727115	1.638597e-05	2000	1	7	18
	15	99	21.093750	49.727115	1.657348e-05	2000	1	7	19
	16	99	22.500000	49.727115	1.730329e-05	2000	1	7	20
	17	100	23.906250	51.127867	1.786543e-05	2000	1	7	21
	16	100	22.500000	51.127867	1.852751e-05	2000	1	7	22
	17	99	23.906250	49.727115	1.907877e-05	2000	1	7	23
	18	99	25.312500	49.727115	1.980702e-05	2000	1	8	0
	18	99	25.312500	49.727115	2.050297e-05	2000	1	8	1
	19	99	26.718750	49.727115	2.086153e-05	2000	1	8	2
	19	99	26.718750	49.727115	2.154523e-05	2000	1	8	3
	20	100	28.125000	51.127867	2.220511e-05	2000	1	8	4
	21	99	29.531250	49.727115	2.285522e-05	2000	1	8	5
	22	99	30.937500	49.727115	2.334872e-05	2000	1	8	6
	22	99	30.937500	49.727115	2.422632e-05	2000	1	8	7
	23	99	32.343750	49.727115	2.458855e-05	2000	1	8	8
	23	99	32.343750	49.727115	2.555955e-05	2000	1	8	9
	24	99	33.750000	49.727115	2.620834e-05	2000	1	8	10
	24	98	33.750000	48.326361	2.671902e-05	2000	1	8	11
	25	100	35.156250	51.127867	2.723938e-05	2000	1	8	12
	26	99	36.562500	49.727115	2.832322e-05	2000	1	8	13
	26	99	36.562500	49.727115	2.876758e-05	2000	1	8	14
	27	99	37.968750	49.727115	2.946260e-05	2000	1	8	15
	28	99	39.375000	49.727115	3.013695e-05	2000	1	8	16
	29	100	40.781250	51.127867	3.108203e-05	2000	1	8	17
	29	99	40.781250	49.727115	3.170809e-05	2000	1	8	18
	30	99	42.187500	49.727115	3.247913e-05	2000	1	8	19
	30	99	42.187500	49.727115	3.324234e-05	2000	1	8	20
	31	99	43.593750	49.727115	3.370464e-05	2000	1	8	21
	32	99	45.000000	49.727115	3.445716e-05	2000	1	8	22
	32	99	45.000000	49.727115	3.448176e-05	2000	1	8	23
	34	100	47.812500	51.127867	3.491207e-05	2000	1	9	0
	34	100	47.812500	51.127867	3.559468e-05	2000	1	9	1
	36	100	50.625000	51.127867	3.609115e-05	2000	1	9	2
	37	100	52.031250	51.127867	3.637668e-05	2000	1	9	3
	37	100	52.031250	51.127867	3.634467e-05	2000	1	9	4
	38	100	53.437500	51.127867	3.670051e-05	2000	1	9	5
	39	100	54.843750	51.127867	3.737926e-05	2000	1	9	6
	40	101	56.250000	52.528617	3.749856e-05	2000	1	9	7
	41	101	57.656250	52.528617	3.782089e-05	2000	1	9	8
	42	101	59.062500	52.528617	3.816941e-05	2000	1	9	9
	43	101	60.468750	52.528617	3.802281e-05	2000	1	9	10
	44	101	61.875000	52.528617	3.834109e-05	2000	1	9	11
	45	101	63.281250	52.528617	3.864230e-05	2000	1	9	12
	46	101	64.687500	52.528617	3.819774e-05	2000	1	9	13
	47	101	66.093750	52.528617	3.841481e-05	2000	1	9	14
	49	101	68.906250	52.528617	3.784672e-05	2000	1	9	15
	49	101	68.906250	52.528617	3.797192e-05	2000	1	9	16
	51	101	71.718750	52.528617	3.739314e-05	2000	1	9	17
	53	102	74.531250	53.929366	3.716320e-05	2000	1	9	18
	54	102	75.937500	53.929366	3.723666e-05	2000	1	9	19
	55	102	77.343750	53.929366	3.691332e-05	2000	1	9	20
	56	102	78.750000	53.929366	3.672535e-05	2000	1	9	21
	58	102	81.562500	53.929366	3.609499e-05	2000	1	9	22
	58	102	81.562500	53.929366	3.505844e-05	2000	1	9	23
	60	102	84.375000	53.929366	3.434769e-05	2000	1	10	0
	62	103	87.187500	55.330112	3.372660e-05	2000	1	10	1
	62	102	87.187500	53.929366	3.298799e-05	2000	1	10	2
	64	102	90.000000	53.929366	3.228290e-05	2000	1	10	3
	65	102	91.406250	53.929366	3.160766e-05	2000	1	10	4
	68	103	95.625000	55.330112	3.081983e-05	2000	1	10	5
	68	102	95.625000	53.929366	2.973579e-05	2000	1	10	6
	70	102	98.437500	53.929366	2.888260e-05	2000	1	10	7
	70	102	98.437500	53.929366	2.779835e-05	2000	1	10	8
	70	101	98.437500	52.528617	2.697729e-05	2000	1	10	9
	74	102	104.062500	53.929366	2.622663e-05	2000	1	10	10
	73	101	102.656250	52.528617	2.580507e-05	2000	1	10	11
	74	101	104.062500	52.528617	2.573639e-05	2000	1	10	12
	75	101	105.468750	52.528617	2.568828e-05	2000	1	10	13
	77	101	108.281250	52.528617	2.552361e-05	2000	1	10	14
	78	101	109.687500	52.528617	2.549885e-05	2000	1	10	15
	79	101	111.093750	52.528617	2.554542e-05	2000	1	10	16
	81	101	113.906250	52.528617	2.543570e-05	2000	1	10	17
	82	101	115.312500	52.528617	2.525986e-05	2000	1	10	18
	83	101	116.718750	52.528617	2.534195e-05	2000	1	10	19
	85	101	119.531250	52.528617	2.534187e-05	2000	1	10	20
	86	101	120.937500	52.528617	2.545313e-05	2000	1	10	21
	87	101	122.343750	52.528617	2.574063e-05	2000	1	10	22
	87	100	122.343750	51.127867	2.630869e-05	2000	1	10	23
	88	100	123.750000	51.127867	2.692591e-05	2000	1	11	0
start	95	2000	1	7	0
	133	99	187.031250	49.727115	9.332396e-06	2000	1	7	0
	133	100	187.031250	51.127867	9.690005e-06	2000	1	7	1
	134	99	188.437500	49.727115	1.002169e-05	2000	1	7	2
	134	99	188.437500	49.727115	1.032606e-05	2000	1	7	3
	135	99	189.843750	49.727115	1.069599e-05	2000	1	7	4
	136	99	191.250000	49.727115	1.088985e-05	2000	1	7	5
	136	99	191.250000	49.727115	1.120268e-05	2000	1	7	6
	136	99	191.250000	49.727115	1.144734e-05	2000	1	7	7
	138	100	194.062500	51.127867	1.223415e-05	2000	1	7	9
	138	100	194.062500	51.127867	1.269206e-05	2000	1	7	10
	139	99	195.468750	49.727115	1.313549e-05	2000	1	7	11
	140	100	196.875000	51.127867	1.364138e-05	2000	1	7	12
	139	99	195.468750	49.727115	1.406016e-05	2000	1	7	13
	141	100	198.281250	51.127867	1.457990e-05	2000	1	7	14
	141	99	198.281250	49.727115	1.498946e-05	2000	1	7	15
	142	99	199.687500	49.727115	1.542741e-05	2000	1	7	16
	143	99	201.093750	49.727115	1.638597e-05	2000	1	7	18
	143	99	201.093750	49.727115	1.657348e-05	2000	1	7	19
	144	99	202.500000	49.727115	1.730329e-05	2000	1	7	20
	145	100	203.906250	51.127867	1.786543e-05	2000	1	7	21
	144	100	202.500000	51.127867	1.852751e-05	2000	1	7	22
	145	99	203.906250	49.727115	1.907877e-05	2000	1	7	23
	146	99	205.312500	49.727115	1.980702e-05	2000	1	8	0
	146	99	205.312500	49.727115	2.050297e-05	2000	1	8	1
	147	99	206.718750	49.727115	2.086153e-05	2000	1	8	2
	147	99	206.718750	49.727115	2.154523e-05	2000	1	8	3
	148	100	208.125000	51.127867	2.220511e-05	2000	1	8	4
	149	99	209.531250	49.727115	2.285522e-05	2000	1	8	5
	150	99	210.937500	49.727115	2.334872e-05	2000	1	8	6
	150	99	210.937500	49.727115	2.422632e-05	2000	1	8	7
	151	99	212.343750	49.727115	2.458855e-05	2000	1	8	8
	151	99	212.343750	49.727115	2.555955e-05	2000	1	8	9
	152	99	213.750000	49.727115	2.620834e-05	2000	1	8	10
	152	98	213.750000	48.326361	2.671902e-05	2000	1	8	11
	153	100	215.156250	51.127867	2.723938e-05	2000	1	8	12
	154	99	216.562500	49.727115	2.832322e-05	2000	1	8	13
	154	99	216.562500	49.727115	2.876758e-05	2000	1	8	14
	155	99	217.968750	49.727115	2.946260e-05	2000	1	8	15
	156	99	219.375000	49.727115	3.013695e-05	2000	1	8	16
	157	100	220.781250	51.127867	3.108203e-05	2000	1	8	17
	157	99	220.781250	49.727115	3.170809e-05	2000	1	8	18
	158	99	222.187500	49.727115	3.247913e-05	2000	1	8	19
	158	99	222.187500	49.727115	3.324234e-05	2000	1	8	20
	159	99	223.593750	49.727115	3.370464e-05	2000	1	8	21
	160	99	225.000000	49.727115	3.445716e-05	2000	1	8	22
	160	99	225.000000	49.727115	3.448176e-05	2000	1	8	23
	162	100	227.812500	51.127867	3.491207e-05	2000	1	9	0
	162	100	227.812500	51.127867	3.559468e-05	2000	1	9	1
	164	100	230.625000	51.127867	3.609115e-05	2000	1	9	2
	165	100	232.031250	51.127867	3.637668e-05	2000	1	9	3
	165	100	232.031250	51.127867	3.634467e-05	2000	1	9	4
	166	100	233.437500	51.127867	3.670051e-05	2000	1	9	5
	167	100	234.843750	51.127867	3.737926e-05	2000	1	9	6
	168	101	236.250000	52.528617	3.749856e-05	2000	1	9	7
	169	101	237.656250	52.528617	3.782089e-05	2000	1	9	8
	170	101	239.062500	52.528617	3.816941e-05	2000	1	9	9
	171	101	240.468750	52.528617	3.802281e-05	2000	1	9	10
	172	101	241.875000	52.528617	3.834109e-05	2000	1	9	11
	173	101	243.281250	52.528617	3.864230e-05	2000	1	9	12
	174	101	244.687500	52.528617	3.819774e-05	2000	1	9	13
	175	101	246.093750	52.528617	3.841481e-05	2000	1	9	14
	177	101	248.906250	52.528617	3.784672e-05	2000	1	9	15
	177	101	248.906250	52.528617	3.797192e-05	2000	1	9	16
	179	101	251.718750	52.528617	3.739314e-05	2000	1	9	17
	181	102	254.531250	53.929366	3.716320e-05	2000	1	9	18
	182	102	255.937500	53.929366	3.723666e-05	2000	1	9	19
	183	102	257.343750	53.929366	3.691332e-05	2000	1	9	20
	184	102	258.750000	53.929366	3.672535e-05	2000	1	9	21
	186	102	261.562500	53.929366	3.609499e-05	2000	1	9	22
	186	102	261.562500	53.929366	3.505844e-05	2000	1	9	23
	188	102	264.375000	53.929366	3.434769e-05	2000	1	10	0
	190	103	267.187500	55.330112	3.372660e-05	2000	1	10	1
	190	102	267.187500	53.929366	3.298799e-05	2000	1	10	2
	192	102	270.000000	53.929366	3.228290e-05	2000	1	10	3
	193	102	271.406250	53.929366	3.160766e-05	2000	1	10	4
	196	103	275.625000	55.330112	3.081983e-05	2000	1	10	5
	196	102	275.625000	53.929366	2.973579e-05	2000	1	10	6
	198	102	278.437500	53.929366	2.888260e-05	2000	1	10	7
	198	102	278.437500	53.929366	2.779835e-05	2000	1	10	8
	198	101	278.437500	52.528617	2.697729e-05	2000	1	10	9
	202	102	284.062500	53.929366	2.622663e-05	2000	1	10	10
	201	101	282.656250	52.528617	2.580507e-05	2000	1	10	11
	202	101	284.062500	52.528617	2.573639e-05	2000	1	10	12
	203	101	285.468750	52.528617	2.568828e-05	2000	1	10	13
	205	101	288.281250	52.528617	2.552361e-05	2000	1	10	14
	206	101	289.687500	52.528617	2.549885e-05	2000	1	10	15
	207	101	291.093750	52.528617	2.554542e-05	2000	1	10	16
	209	101	293.906250	52.528617	2.543570e-05	2000	1	10	17
	210	101	295.312500	52.528617	2.525986e-05	2000	1	10	18
	211	101	296.718750	52.528617	2.534195e-05	2000	1	10	19
	212	101	298.125000	52.528617	2.532341e-05	2000	1	10	20
	214	101	300.937500	52.528617	2.545313e-05	2000	1	10	21
	215	101	302.343750	52.528617	2.574063e-05	2000	1	10	22
	215	100	302.343750	51.127867	2.630869e-05	2000	1	10	23
	216	100	303.750000	51.127867	2.692591e-05	2000	1	11	0
start	94	2000	1	7	0
	48	100	67.500000	51.127867	9.290507e-06	2000	1	7	0
	48	100	67.500000	51.127867	9.694812e-06	2000	1	7	1
	49	100	68.906250	51.127867	9.960726e-06	2000	1	7	2
	48	99	67.500000	49.727115	1.031407e-05	2000	1	7	3
	49	99	68.906250	49.727115	1.068252e-05	2000	1	7	4
	50	99	70.312500	49.727115	1.087246e-05	2000	1	7	5
	50	99	70.312500	49.727115	1.142812e-05	2000	1	7	7
	53	100	74.531250	51.127867	1.224434e-05	2000	1	7	9
	53	100	74.531250	51.127867	1.284565e-05	2000	1	7	10
	53	100	74.531250	51.127867	1.326571e-05	2000	1	7	11
	55	100	77.343750	51.127867	1.365451e-05	2000	1	7	12
	55	100	77.343750	51.127867	1.413821e-05	2000	1	7	13
	55	100	77.343750	51.127867	1.461059e-05	2000	1	7	14
	55	99	77.343750	49.727115	1.496234e-05	2000	1	7	15
	57	99	80.156250	49.727115	1.544113e-05	2000	1	7	16
	57	99	80.156250	49.727115	1.634893e-05	2000	1	7	18
	58	99	81.562500	49.727115	1.659200e-05	2000	1	7	19
	59	99	82.968750	49.727115	1.732185e-05	2000	1	7	20
	59	100	82.968750	51.127867	1.802338e-05	2000	1	7	21
	60	100	84.375000	51.127867	1.855231e-05	2000	1	7	22
	60	99	84.375000	49.727115	1.910226e-05	2000	1	7	23
	61	99	85.781250	49.727115	1.982923e-05	2000	1	8	0
	61	99	85.781250	49.727115	2.052645e-05	2000	1	8	1
	62	100	87.187500	51.127867	2.094834e-05	2000	1	8	2
	62	99	87.187500	49.727115	2.157488e-05	2000	1	8	3
	62	99	87.187500	49.727115	2.199910e-05	2000	1	8	4
	64	99	90.000000	49.727115	2.289216e-05	2000	1	8	5
	64	99	90.000000	49.727115	2.341612e-05	2000	1	8	6
	64	99	90.000000	49.727115	2.415639e-05	2000	1	8	7
	66	99	92.812500	49.727115	2.462856e-05	2000	1	8	8
	66	100	92.812500	51.127867	2.536436e-05	2000	1	8	9
	66	99	92.812500	49.727115	2.612041e-05	2000	1	8	10
	67	99	94.218750	49.727115	2.681909e-05	2000	1	8	11
	68	100	95.625000	51.127867	2.729193e-05	2000	1	8	12
	68	99	95.625000	49.727115	2.814282e-05	2000	1	8	13
	69	99	97.031250	49.727115	2.882770e-05	2000	1	8	14
	70	100	98.437500	51.127867	2.942084e-05	2000	1	8	15
	71	100	99.843750	51.127867	3.027219e-05	2000	1	8	16
	71	99	99.843750	49.727115	3.112974e-05	2000	1	8	17
	72	99	101.250000	49.727115	3.177778e-05	2000	1	8	18
	73	99	102.656250	49.727115	3.255841e-05	2000	1	8	19
	73	99	102.656250	49.727115	3.337486e-05	2000	1	8	20
	74	99	104.062500	49.727115	3.378937e-05	2000	1	8	21
	74	99	104.062500	49.727115	3.415838e-05	2000	1	8	22
	75	99	105.468750	49.727115	3.456620e-05	2000	1	8	23
	76	99	106.875000	49.727115	3.517158e-05	2000	1	9	0
	77	100	108.281250	51.127867	3.569070e-05	2000	1	9	1
	79	101	111.093750	52.528617	3.563176e-05	2000	1	9	2
	79	100	111.093750	51.127867	3.614230e-05	2000	1	9	3
	80	100	112.500000	51.127867	3.678359e-05	2000	1	9	4
	81	101	113.906250	52.528617	3.693932e-05	2000	1	9	5
	82	100	115.312500	51.127867	3.749336e-05	2000	1	9	6
	82	100	115.312500	51.127867	3.759002e-05	2000	1	9	7
	84	101	118.125000	52.528617	3.795488e-05	2000	1	9	8
	85	101	119.531250	52.528617	3.819892e-05	2000	1	9	9
	86	101	120.937500	52.528617	3.815718e-05	2000	1	9	10
	87	101	122.343750	52.528617	3.846141e-05	2000	1	9	11
	88	101	123.750000	52.528617	3.800345e-05	2000	1	9	12
	89	101	125.156250	52.528617	3.821303e-05	2000	1	9	13
	90	101	126.562500	52.528617	3.815659e-05	2000	1	9	14
	91	101	127.968750	52.528617	3.770252e-05	2000	1	9	15
	92	101	129.375000	52.528617	3.759003e-05	2000	1	9	16
	95	102	133.593750	53.929366	3.754940e-05	2000	1	9	17
	95	102	133.593750	53.929366	3.771665e-05	2000	1	9	18
	97	102	136.406250	53.929366	3.732502e-05	2000	1	9	19
	97	102	136.406250	53.929366	3.644138e-05	2000	1	9	20
	99	102	139.218750	53.929366	3.646684e-05	2000	1	9	21
	100	102	140.625000	53.929366	3.570727e-05	2000	1	9	22
	101	102	142.031250	53.929366	3.559120e-05	2000	1	9	23
	103	102	144.843750	53.929366	3.439427e-05	2000	1	10	0
	104	102	146.250000	53.929366	3.351467e-05	2000	1	10	1
	106	103	149.062500	55.330112	3.296749e-05	2000	1	10	2
	107	102	150.468750	53.929366	3.230256e-05	2000	1	10	3
	109	103	153.281250	55.330112	3.131493e-05	2000	1	10	4
	109	102	153.281250	53.929366	3.073809e-05	2000	1	10	5
	111	102	156.093750	53.929366	2.993292e-05	2000	1	10	6
	112	102	157.500000	53.929366	2.883983e-05	2000	1	10	7
	113	102	158.906250	53.929366	2.781614e-05	2000	1	10	8
	115	102	161.718750	53.929366	2.698875e-05	2000	1	10	9
	116	102	163.125000	53.929366	2.631310e-05	2000	1	10	10
	116	101	163.125000	52.528617	2.577895e-05	2000	1	10	11
	117	101	164.531250	52.528617	2.584580e-05	2000	1	10	12
	118	101	165.937500	52.528617	2.548641e-05	2000	1	10	13
	119	101	167.343750	52.528617	2.562575e-05	2000	1	10	14
	120	101	168.750000	52.528617	2.551021e-05	2000	1	10	15
	122	101	171.562500	52.528617	2.550074e-05	2000	1	10	16
	123	101	172.968750	52.528617	2.543052e-05	2000	1	10	17
	124	101	174.375000	52.528617	2.523079e-05	2000	1	10	18
	126	101	177.187500	52.528617	2.545983e-05	2000	1	10	19
	128	101	180.000000	52.528617	2.536211e-05	2000	1	10	20
	128	101	180.000000	52.528617	2.575145e-05	2000	1	10	21
	128	100	180.000000	51.127867	2.602647e-05	2000	1	10	22
	130	100	182.812500	51.127867	2.626530e-05	2000	1	10	23
	130	100	182.812500	51.127867	2.671970e-05	2000	1	11	0
start	93	2000	1	7	0
	90	100	126.562500	51.127867	9.281020e-06	2000	1	7	0
	91	100	127.968750	51.127867	9.698818e-06	2000	1	7	1
	91	99	127.968750	49.727115	1.031952e-05	2000	1	7	3
	92	99	129.375000	49.727115	1.068925e-05	2000	1	7	4
	93	99	130.781250	49.727115	1.088116e-05	2000	1	7	5
	93	99	130.781250	49.727115	1.121991e-05	2000	1	7	6
	96	100	135.000000	51.127867	1.225454e-05	2000	1	7	9
	96	100	135.000000	51.127867	1.285874e-05	2000	1	7	10
	97	100	136.406250	51.127867	1.310014e-05	2000	1	7	11
	97	100	136.406250	51.127867	1.362991e-05	2000	1	7	12
	97	99	136.406250	49.727115	1.404460e-05	2000	1	7	13
	97	100	136.406250	51.127867	1.458878e-05	2000	1	7	14
	98	99	137.812500	49.727115	1.497680e-05	2000	1	7	15
	98	99	137.812500	49.727115	1.545219e-05	2000	1	7	16
	100	99	140.625000	49.727115	1.636744e-05	2000	1	7	18
	101	99	142.031250	49.727115	1.661054e-05	2000	1	7	19
	101	99	142.031250	49.727115	1.728476e-05	2000	1	7	20
	103	100	144.843750	51.127867	1.791012e-05	2000	1	7	21
	103	100	144.843750	51.127867	1.857462e-05	2000	1	7	22
	103	99	144.843750	49.727115	1.912579e-05	2000	1	7	23
	103	99	144.843750	49.727115	1.978483e-05	2000	1	8	0
	103	99	144.843750	49.727115	2.047951e-05	2000	1	8	1
	104	99	146.250000	49.727115	2.083331e-05	2000	1	8	2
	105	99	147.656250	49.727115	2.160161e-05	2000	1	8	3
	106	100	149.062500	51.127867	2.210269e-05	2000	1	8	4
	106	99	149.062500	49.727115	2.268085e-05	2000	1	8	5
	107	99	150.468750	49.727115	2.345599e-05	2000	1	8	6
	107	99	150.468750	49.727115	2.419300e-05	2000	1	8	7
	109	99	153.281250	49.727115	2.466862e-05	2000	1	8	8
	108	99	151.875000	49.727115	2.545445e-05	2000	1	8	9
	109	99	153.281250	49.727115	2.616435e-05	2000	1	8	10
	110	99	154.687500	49.727115	2.687065e-05	2000	1	8	11
	111	99	156.093750	49.727115	2.718463e-05	2000	1	8	12
	111	99	156.093750	49.727115	2.819472e-05	2000	1	8	13
	112	99	157.500000	49.727115	2.888789e-05	2000	1	8	14
	113	100	158.906250	51.127867	2.948620e-05	2000	1	8	15
	113	99	158.906250	49.727115	3.006716e-05	2000	1	8	16
	114	100	160.312500	51.127867	3.101214e-05	2000	1	8	17
	115	99	161.718750	49.727115	3.184760e-05	2000	1	8	18
	115	99	161.718750	49.727115	3.226109e-05	2000	1	8	19
	116	99	163.125000	49.727115	3.345423e-05	2000	1	8	20
	117	100	164.531250	51.127867	3.389439e-05	2000	1	8	21
	117	99	164.531250	49.727115	3.423752e-05	2000	1	8	22
	119	100	167.343750	51.127867	3.484190e-05	2000	1	8	23
	119	100	167.343750	51.127867	3.554204e-05	2000	1	9	0
	119	99	167.343750	49.727115	3.558890e-05	2000	1	9	1
	121	100	170.156250	51.127867	3.597060e-05	2000	1	9	2
	121	99	170.156250	49.727115	3.644592e-05	2000	1	9	3
	122	100	171.562500	51.127867	3.664292e-05	2000	1	9	4
	124	101	174.375000	52.528617	3.696653e-05	2000	1	9	5
	124	100	174.375000	51.127867	3.727174e-05	2000	1	9	6
	126	101	177.187500	52.528617	3.772152e-05	2000	1	9	7
	126	101	177.187500	52.528617	3.808100e-05	2000	1	9	8
	128	101	180.000000	52.528617	3.796131e-05	2000	1	9	9
	128	101	180.000000	52.528617	3.837265e-05	2000	1	9	10
	130	101	182.812500	52.528617	3.811936e-05	2000	1	9	11
	130	101	182.812500	52.528617	3.851511e-05	2000	1	9	12
	132	101	185.625000	52.528617	3.796699e-05	2000	1	9	13
	132	101	185.625000	52.528617	3.802240e-05	2000	1	9	14
	133	101	187.031250	52.528617	3.759359e-05	2000	1	9	15
	136	102	191.250000	53.929366	3.782304e-05	2000	1	9	16
	137	102	192.656250	53.929366	3.740805e-05	2000	1	9	17
	138	102	194.062500	53.929366	3.765266e-05	2000	1	9	18
	139	102	195.468750	53.929366	3.680751e-05	2000	1	9	19
	140	102	196.875000	53.929366	3.684733e-05	2000	1	9	20
	141	102	198.281250	53.929366	3.630488e-05	2000	1	9	21
	143	102	201.093750	53.929366	3.602820e-05	2000	1	9	22
	144	102	202.500000	53.929366	3.516093e-05	2000	1	9	23
	145	102	203.906250	53.929366	3.428123e-05	2000	1	10	0
	147	102	206.718750	53.929366	3.380650e-05	2000	1	10	1
	149	103	209.531250	55.330112	3.286832e-05	2000	1	10	2
	149	102	209.531250	53.929366	3.223656e-05	2000	1	10	3
	151	102	212.343750	53.929366	3.166176e-05	2000	1	10	4
	154	103	216.562500	55.330112	3.064006e-05	2000	1	10	5
	153	102	215.156250	53.929366	2.985838e-05	2000	1	10	6
	155	102	217.968750	53.929366	2.895554e-05	2000	1	10	7
	156	102	219.375000	53.929366	2.773703e-05	2000	1	10	8
	157	102	220.781250	53.929366	2.706072e-05	2000	1	10	9
	159	102	223.593750	53.929366	2.621881e-05	2000	1	10	10
	158	101	222.187500	52.528617	2.583089e-05	2000	1	10	11
	159	101	223.593750	52.528617	2.552342e-05	2000	1	10	12
	161	101	226.406250	52.528617	2.548641e-05	2000	1	10	13
	162	101	227.812500	52.528617	2.562258e-05	2000	1	10	14
	163	101	229.218750	52.528617	2.550453e-05	2000	1	10	15
	164	101	230.625000	52.528617	2.545291e-05	2000	1	10	16
	166	101	233.437500	52.528617	2.524302e-05	2000	1	10	17
	167	101	234.843750	52.528617	2.530933e-05	2000	1	10	18
	169	101	237.656250	52.528617	2.517264e-05	2000	1	10	19
	170	101	239.062500	52.528617	2.539095e-05	2000	1	10	20
	171	101	240.468750	52.528617	2.550333e-05	2000	1	10	21
	171	100	240.468750	51.127867	2.572403e-05	2000	1	10	22
	172	100	241.875000	51.127867	2.633321e-05	2000	1	10	23
	173	100	243.281250	51.127867	2.669386e-05	2000	1	11	0
start	94	2000	1	7	0
	176	100	247.500000	51.127867	9.290507e-06	2000	1	7	0
	176	100	247.500000	51.127867	9.694812e-06	2000	1	7	1
	177	100	248.906250	51.127867	9.960726e-06	2000	1	7	2
	176	99	247.500000	49.727115	1.031407e-05	2000	1	7	3
	177	99	248.906250	49.727115	1.068252e-05	2000	1	7	4
	178	99	250.312500	49.727115	1.087246e-05	2000	1	7	5
	178	99	250.312500	49.727115	1.142812e-05	2000	1	7	7
	181	100	254.531250	51.127867	1.224434e-05	2000	1	7	9
	181	100	254.531250	51.127867	1.284565e-05	2000	1	7	10
	181	100	254.531250	51.127867	1.326571e-05	2000	1	7	11
	183	100	257.343750	51.127867	1.365451e-05	2000	1	7	12
	183	100	257.343750	51.127867	1.413821e-05	2000	1	7	13
	183	100	257.343750	51.127867	1.461059e-05	2000	1	7	14
	183	99	257.343750	49.727115	1.496234e-05	2000	1	7	15
	185	99	260.156250	49.727115	1.544113e-05	2000	1	7	16
	185	99	260.156250	49.727115	1.634893e-05	2000	1	7	18
	186	99	261.562500	49.727115	1.659200e-05	2000	1	7	19
	187	99	262.968750	49.727115	1.732185e-05	2000	1	7	20
	187	100	262.968750	51.127867	1.802338e-05	2000	1	7	21
	188	100	264.375000	51.127867	1.855231e-05	2000	1	7	22
	188	99	264.375000	49.727115	1.910226e-05	2000	1	7	23
	189	99	265.781250	49.727115	1.982923e-05	2000	1	8	0
	189	99	265.781250	49.727115	2.052645e-05	2000	1	8	1
	190	100	267.187500	51.127867	2.094834e-05	2000	1	8	2
	190	99	267.187500	49.727115	2.157488e-05	2000	1	8	3
	190	99	267.187500	49.727115	2.199910e-05	2000	1	8	4
	192	99	270.000000	49.727115	2.289216e-05	2000	1	8	5
	192	99	270.000000	49.727115	2.341612e-05	2000	1	8	6
	192	99	270.000000	49.727115	2.415639e-05	2000	1	8	7
	194	99	272.812500	49.727115	2.462856e-05	2000	1	8	8
	194	100	272.812500	51.127867	2.536436e-05	2000	1	8	9
	194	99	272.812500	49.727115	2.612041e-05	2000	1	8	10
	195	99	274.218750	49.727115	2.682338e-05	2000	1	8	11
	196	100	275.625000	51.127867	2.729193e-05	2000	1	8	12
	196	99	275.625000	49.727115	2.814282e-05	2000	1	8	13
	197	99	277.031250	49.727115	2.882770e-05	2000	1	8	14
	198	100	278.437500	51.127867	2.942084e-05	2000	1	8	15
	199	100	279.843750	51.127867	3.027219e-05	2000	1	8	16
	199	99	279.843750	49.727115	3.112974e-05	2000	1	8	17
	200	99	281.250000	49.727115	3.177778e-05	2000	1	8	18
	201	99	282.656250	49.727115	3.255841e-05	2000	1	8	19
	201	99	282.656250	49.727115	3.337486e-05	2000	1	8	20
	202	99	284.062500	49.727115	3.378937e-05	2000	1	8	21
	202	99	284.062500	49.727115	3.415838e-05	2000	1	8	22
	203	99	285.468750	49.727115	3.456620e-05	2000	1	8	23
	204	99	286.875000	49.727115	3.517158e-05	2000	1	9	0
	205	100	288.281250	51.127867	3.569070e-05	2000	1	9	1
	207	101	291.093750	52.528617	3.563176e-05	2000	1	9	2
	207	100	291.093750	51.127867	3.614230e-05	2000	1	9	3
	208	100	292.500000	51.127867	3.678359e-05	2000	1	9	4
	209	101	293.906250	52.528617	3.693932e-05	2000	1	9	5
	210	100	295.312500	51.127867	3.749336e-05	2000	1	9	6
	210	100	295.312500	51.127867	3.759002e-05	2000	1	9	7
	212	101	298.125000	52.528617	3.795488e-05	2000	1	9	8
	213	101	299.531250	52.528617	3.819892e-05	2000	1	9	9
	214	101	300.937500	52.528617	3.815718e-05	2000	1	9	10
	215	101	302.343750	52.528617	3.846141e-05	2000	1	9	11
	216	101	303.750000	52.528617	3.800345e-05	2000	1	9	12
	217	101	305.156250	52.528617	3.821303e-05	2000	1	9	13
	218	101	306.562500	52.528617	3.815659e-05	2000	1	9	14
	219	101	307.968750	52.528617	3.770252e-05	2000	1	9	15
	220	101	309.375000	52.528617	3.759003e-05	2000	1	9	16
	223	102	313.593750	53.929366	3.754940e-05	2000	1	9	17
	223	102	313.593750	53.929366	3.771665e-05	2000	1	9	18
	225	102	316.406250	53.929366	3.732502e-05	2000	1	9	19
	225	102	316.406250	53.929366	3.644138e-05	2000	1	9	20
	227	102	319.218750	53.929366	3.646684e-05	2000	1	9	21
	228	102	320.625000	53.929366	3.570727e-05	2000	1	9	22
	229	102	322.031250	53.929366	3.559120e-05	2000	1	9	23
	231	102	324.843750	53.929366	3.439427e-05	2000	1	10	0
	232	102	326.250000	53.929366	3.351467e-05	2000	1	10	1
	234	103	329.062500	55.330112	3.296749e-05	2000	1	10	2
	235	102	330.468750	53.929366	3.230256e-05	2000	1	10	3
	237	103	333.281250	55.330112	3.131493e-05	2000	1	10	4
	237	102	333.281250	53.929366	3.073809e-05	2000	1	10	5
	239	102	336.093750	53.929366	2.993292e-05	2000	1	10	6
	240	102	337.500000	53.929366	2.883983e-05	2000	1	10	7
	241	102	338.906250	53.929366	2.781614e-05	2000	1	10	8
	243	102	341.718750	53.929366	2.698875e-05	2000	1	10	9
	244	102	343.125000	53.929366	2.631310e-05	2000	1	10	10
	244	101	343.125000	52.528617	2.577895e-05	2000	1	10	11
	245	101	344.531250	52.528617	2.584580e-05	2000	1	10	12
	246	101	345.937500	52.528617	2.548641e-05	2000	1	10	13
	247	101	347.343750	52.528617	2.562575e-05	2000	1	10	14
	248	101	348.750000	52.528617	2.551021e-05	2000	1	10	15
	250	101	351.562500	52.528617	2.550074e-05	2000	1	10	16
	251	101	352.968750	52.528617	2.543052e-05	2000	1	10	17
	252	101	354.375000	52.528617	2.523079e-05	2000	1	10	18
	254	101	357.187500	52.528617	2.545983e-05	2000	1	10	19
	0	101	0.000000	52.528617	2.536211e-05	2000	1	10	20
	0	101	0.000000	52.528617	2.575145e-05	2000	1	10	21
	0	100	0.000000	51.127867	2.602824e-05	2000	1	10	22
	2	100	2.812500	51.127867	2.626530e-05	2000	1	10	23
	2	100	2.812500	51.127867	2.671970e-05	2000	1	11	0
start	92	2000	1	7	0
	218	100	306.562500	51.127867	9.281020e-06	2000	1	7	0
	219	100	307.968750	51.127867	9.698818e-06	2000	1	7	1
	219	99	307.968750	49.727115	1.031952e-05	2000	1	7	3
	220	99	309.375000	49.727115	1.068925e-05	2000	1	7	4
	221	99	310.781250	49.727115	1.088116e-05	2000	1	7	5
	221	99	310.781250	49.727115	1.121991e-05	2000	1	7	6
	224	100	315.000000	51.127867	1.225454e-05	2000	1	7	9
	224	100	315.000000	51.127867	1.285874e-05	2000	1	7	10
	225	100	316.406250	51.127867	1.310014e-05	2000	1	7	11
	225	100	316.406250	51.127867	1.362991e-05	2000	1	7	12
	225	99	316.406250	49.727115	1.404460e-05	2000	1	7	13
	225	100	316.406250	51.127867	1.458878e-05	2000	1	7	14
	226	99	317.812500	49.727115	1.497680e-05	2000	1	7	15
	226	99	317.812500	49.727115	1.545219e-05	2000	1	7	16
	229	99	322.031250	49.727115	1.661054e-05	2000	1	7	19
	229	99	322.031250	49.727115	1.728476e-05	2000	1	7	20
	231	100	324.843750	51.127867	1.791012e-05	2000	1	7	21
	231	100	324.843750	51.127867	1.857462e-05	2000	1	7	22
	231	99	324.843750	49.727115	1.912579e-05	2000	1	7	23
	231	99	324.843750	49.727115	1.978483e-05	2000	1	8	0
	231	99	324.843750	49.727115	2.047951e-05	2000	1	8	1
	232	99	326.250000	49.727115	2.083331e-05	2000	1	8	2
	233	99	327.656250	49.727115	2.160161e-05	2000	1	8	3
	234	100	329.062500	51.127867	2.210269e-05	2000	1	8	4
	234	99	329.062500	49.727115	2.268085e-05	2000	1	8	5
	235	99	330.468750	49.727115	2.345599e-05	2000	1	8	6
	235	99	330.468750	49.727115	2.419300e-05	2000	1	8	7
	237	99	333.281250	49.727115	2.466862e-05	2000	1	8	8
	236	99	331.875000	49.727115	2.545445e-05	2000	1	8	9
	237	99	333.281250	49.727115	2.616435e-05	2000	1	8	10
	238	99	334.687500	49.727115	2.687065e-05	2000	1	8	11
	239	99	336.093750	49.727115	2.718463e-05	2000	1	8	12
	239	99	336.093750	49.727115	2.819472e-05	2000	1	8	13
	240	99	337.500000	49.727115	2.888789e-05	2000	1	8	14
	241	100	338.906250	51.127867	2.948620e-05	2000	1	8	15
	241	99	338.906250	49.727115	3.006716e-05	2000	1	8	16
	242	100	340.312500	51.127867	3.101214e-05	2000	1	8	17
	243	99	341.718750	49.727115	3.184760e-05	2000	1	8	18
	243	99	341.718750	49.727115	3.226109e-05	2000	1	8	19
	244	99	343.125000	49.727115	3.345423e-05	2000	1	8	20
	245	100	344.531250	51.127867	3.389439e-05	2000	1	8	21
	245	99	344.531250	49.727115	3.423752e-05	2000	1	8	22
	247	100	347.343750	51.127867	3.484190e-05	2000	1	8	23
	247	100	347.343750	51.127867	3.554204e-05	2000	1	9	0
	247	99	347.343750	49.727115	3.558890e-05	2000	1	9	1
	249	100	350.156250	51.127867	3.597060e-05	2000	1	9	2
	249	99	350.156250	49.727115	3.644592e-05	2000	1	9	3
	250	100	351.562500	51.127867	3.664292e-05	2000	1	9	4
	252	101	354.375000	52.528617	3.696653e-05	2000	1	9	5
	252	100	354.375000	51.127867	3.727174e-05	2000	1	9	6
	254	101	357.187500	52.528617	3.772152e-05	2000	1	9	7
	254	101	357.187500	52.528617	3.808100e-05	2000	1	9	8
	0	101	0.000000	52.528617	3.796131e-05	2000	1	9	9
	0	101	0.000000	52.528617	3.837265e-05	2000	1	9	10
	2	101	2.812500	52.528617	3.811936e-05	2000	1	9	11
	2	101	2.812500	52.528617	3.851511e-05	2000	1	9	12
	4	101	5.625000	52.528617	3.796699e-05	2000	1	9	13
	4	101	5.625000	52.528617	3.802240e-05	2000	1	9	14
	5	101	7.031250	52.528617	3.759359e-05	2000	1	9	15
	8	102	11.250000	53.929366	3.782304e-05	2000	1	9	16
	9	102	12.656250	53.929366	3.740805e-05	2000	1	9	17
	10	102	14.062500	53.929366	3.765266e-05	2000	1	9	18
	11	102	15.468750	53.929366	3.680751e-05	2000	1	9	19
	12	102	16.875000	53.929366	3.684733e-05	2000	1	9	20
	13	102	18.281250	53.929366	3.630488e-05	2000	1	9	21
	15	102	21.093750	53.929366	3.602820e-05	2000	1	9	22
	16	102	22.500000	53.929366	3.516093e-05	2000	1	9	23
	17	102	23.906250	53.929366	3.428123e-05	2000	1	10	0
	19	102	26.718750	53.929366	3.380650e-05	2000	1	10	1
	21	103	29.531250	55.330112	3.286832e-05	2000	1	10	2
	21	102	29.531250	53.929366	3.223656e-05	2000	1	10	3
	23	102	32.343750	53.929366	3.166176e-05	2000	1	10	4
	26	103	36.562500	55.330112	3.064006e-05	2000	1	10	5
	25	102	35.156250	53.929366	2.985838e-05	2000	1	10	6
	27	102	37.968750	53.929366	2.895554e-05	2000	1	10	7
	28	102	39.375000	53.929366	2.773703e-05	2000	1	10	8
	29	102	40.781250	53.929366	2.706072e-05	2000	1	10	9
	31	102	43.593750	53.929366	2.621881e-05	2000	1	10	10
	30	101	42.187500	52.528617	2.583089e-05	2000	1	10	11
	31	101	43.593750	52.528617	2.552342e-05	2000	1	10	12
	33	101	46.406250	52.528617	2.548641e-05	2000	1	10	13
	34	101	47.812500	52.528617	2.562258e-05	2000	1	10	14
	35	101	49.218750	52.528617	2.550453e-05	2000	1	10	15
	36	101	50.625000	52.528617	2.545291e-05	2000	1	10	16
	38	101	53.437500	52.528617	2.524302e-05	2000	1	10	17
	39	101	54.843750	52.528617	2.530933e-05	2000	1	10	18
	41	101	57.656250	52.528617	2.517264e-05	2000	1	10	19
	42	101	59.062500	52.528617	2.539095e-05	2000	1	10	20
	43	101	60.468750	52.528617	2.550333e-05	2000	1	10	21
	43	100	60.468750	51.127867	2.572403e-05	2000	1	10	22
	44	100	61.875000	51.127867	2.633321e-05	2000	1	10	23
	45	100	63.281250	51.127867	2.669386e-05	2000	1	11	0
