start	165	2000	1	7	0
	105	96	146.810858	47.342798	1.426396e-01	2000	1	7	0
	107	99	147.655759	47.313843	1.462107e-01	2000	1	7	1
	108	98	148.344145	47.373341	1.478024e-01	2000	1	7	2
	107	98	149.225238	47.304054	1.529484e-01	2000	1	7	3
	108	98	149.859020	47.516932	1.565175e-01	2000	1	7	4
	110	99	150.881230	47.497621	1.670098e-01	2000	1	7	5
	110	100	151.708765	47.445558	1.737113e-01	2000	1	7	6
	110	98	152.568189	47.606849	1.791873e-01	2000	1	7	7
	111	99	153.489937	47.607422	1.845179e-01	2000	1	7	8
	110	97	154.281458	47.594372	1.923656e-01	2000	1	7	9
	112	98	155.111764	47.535074	2.004223e-01	2000	1	7	10
	113	97	155.859844	47.585744	2.026114e-01	2000	1	7	11
	111	96	156.662478	47.540094	2.154164e-01	2000	1	7	12
	113	98	157.452259	47.568738	2.161164e-01	2000	1	7	13
	113	98	158.208334	47.656955	2.238765e-01	2000	1	7	14
	114	99	159.108224	47.737824	2.302418e-01	2000	1	7	15
	109	91	159.979376	47.841256	2.333174e-01	2000	1	7	16
	116	99	160.817609	47.922044	2.448034e-01	2000	1	7	17
	116	98	161.734828	47.960905	2.526340e-01	2000	1	7	18
	117	99	162.689082	47.949062	2.578602e-01	2000	1	7	19
	117	97	163.550210	47.962803	2.677531e-01	2000	1	7	20
	117	97	164.492856	48.018160	2.748427e-01	2000	1	7	21
	117	98	165.367069	47.981213	2.765913e-01	2000	1	7	22
	115	92	166.178799	48.010220	2.875013e-01	2000	1	7	23
	120	97	167.038618	48.039260	2.944255e-01	2000	1	8	0
	121	99	167.892771	48.133602	2.983356e-01	2000	1	8	1
	121	99	168.741928	48.117859	3.086481e-01	2000	1	8	2
	122	100	169.663237	48.197321	3.180213e-01	2000	1	8	3
	122	98	170.562450	48.230178	3.206511e-01	2000	1	8	4
	123	96	171.449909	48.311918	3.306279e-01	2000	1	8	5
	123	96	172.452738	48.370581	3.376641e-01	2000	1	8	6
	124	98	173.432205	48.342332	3.476439e-01	2000	1	8	7
	126	98	174.371900	48.401485	3.507123e-01	2000	1	8	8
	126	97	175.304863	48.392838	3.568559e-01	2000	1	8	9
	126	98	176.230980	48.437770	3.656292e-01	2000	1	8	10
	128	97	177.134948	48.437860	3.784118e-01	2000	1	8	11
	128	96	178.078851	48.443846	3.852572e-01	2000	1	8	12
	123	91	179.006983	48.471227	3.941822e-01	2000	1	8	13
	128	95	179.959403	48.472276	4.072847e-01	2000	1	8	14
	130	97	180.934076	48.503718	4.153948e-01	2000	1	8	15
	130	96	181.901889	48.527446	4.226861e-01	2000	1	8	16
	131	97	182.903639	48.535021	4.349241e-01	2000	1	8	17
	133	97	183.928535	48.550737	4.481058e-01	2000	1	8	18
	133	97	184.900773	48.581898	4.575195e-01	2000	1	8	19
	135	98	185.948545	48.556232	4.669123e-01	2000	1	8	20
	135	98	186.947834	48.562672	4.746423e-01	2000	1	8	21
	136	98	187.950303	48.537663	4.875369e-01	2000	1	8	22
	135	97	188.957393	48.502912	4.893589e-01	2000	1	8	23
	139	99	189.949925	48.484608	4.956703e-01	2000	1	9	0
	140	100	190.997550	48.491967	5.042033e-01	2000	1	9	1
	140	99	192.018318	48.496300	5.129948e-01	2000	1	9	2
	140	99	193.079835	48.512438	5.212302e-01	2000	1	9	3
	140	98	194.195068	48.521320	5.283251e-01	2000	1	9	4
	141	99	195.300338	48.521788	5.340877e-01	2000	1	9	5
	142	99	196.447459	48.509457	5.443273e-01	2000	1	9	6
	143	99	197.621561	48.491309	5.395031e-01	2000	1	9	7
	143	98	198.748658	48.471059	5.472345e-01	2000	1	9	8
	144	99	199.918296	48.443815	5.491796e-01	2000	1	9	9
	145	99	201.035523	48.455096	5.492263e-01	2000	1	9	10
	144	98	202.182417	48.428428	5.570159e-01	2000	1	9	11
	145	98	203.340561	48.406639	5.556030e-01	2000	1	9	12
	146	98	204.464777	48.419229	5.560050e-01	2000	1	9	13
	146	97	205.671887	48.437556	5.446525e-01	2000	1	9	14
	148	98	206.889037	48.467676	5.408044e-01	2000	1	9	15
	146	97	208.097970	48.443922	5.359130e-01	2000	1	9	16
	146	95	209.389283	48.483505	5.285406e-01	2000	1	9	17
	154	99	210.674160	48.477701	5.295935e-01	2000	1	9	18
	139	89	211.976812	48.489958	5.468798e-01	2000	1	9	19
	140	89	213.296570	48.503386	5.740824e-01	2000	1	9	20
	141	89	214.595619	48.519325	6.040406e-01	2000	1	9	21
	143	89	215.987473	48.556886	6.189017e-01	2000	1	9	22
	143	89	217.385261	48.578211	6.361866e-01	2000	1	9	23
	144	89	218.830511	48.672125	6.501050e-01	2000	1	10	0
	144	89	220.347890	48.746302	6.620483e-01	2000	1	10	1
	149	91	221.891279	48.843345	6.608796e-01	2000	1	10	2
	162	100	223.554704	48.942833	6.698232e-01	2000	1	10	3
	147	89	225.232857	49.040163	6.735449e-01	2000	1	10	4
	164	100	227.011375	49.147712	6.605492e-01	2000	1	10	5
	163	99	228.797108	49.268002	6.381640e-01	2000	1	10	6
	164	99	230.656031	49.407909	6.293750e-01	2000	1	10	7
	166	99	232.565837	49.559675	6.021652e-01	2000	1	10	8
	151	89	234.456697	49.701366	5.761681e-01	2000	1	10	9
	177	102	236.367842	49.857045	5.772967e-01	2000	1	10	10
	177	101	238.267491	49.976614	6.143274e-01	2000	1	10	11
	165	96	240.147585	50.091525	6.435213e-01	2000	1	10	12
	154	89	242.007389	50.151886	6.857834e-01	2000	1	10	13
	155	89	243.855152	50.226778	7.105255e-01	2000	1	10	14
	179	100	245.757340	50.283999	7.218909e-01	2000	1	10	15
	159	90	247.562016	50.275367	7.413621e-01	2000	1	10	16
	161	90	249.406456	50.305846	7.436109e-01	2000	1	10	17
	162	90	251.196567	50.309407	7.412457e-01	2000	1	10	18
	163	90	252.932824	50.287566	7.386241e-01	2000	1	10	19
	183	100	254.663165	50.282042	7.268062e-01	2000	1	10	20
	166	90	256.378854	50.227303	7.038922e-01	2000	1	10	21
	183	99	258.007025	50.132029	6.870766e-01	2000	1	10	22
	165	89	259.638618	50.016827	6.798625e-01	2000	1	10	23
	184	98	261.226374	49.899244	6.647463e-01	2000	1	11	0
	185	98	262.788450	49.768964	6.656656e-01	2000	1	11	1
	187	98	264.350464	49.656333	6.593518e-01	2000	1	11	2
	186	97	265.836334	49.526671	6.673422e-01	2000	1	11	3
	187	97	267.317638	49.437910	6.785264e-01	2000	1	11	4
	188	97	268.794068	49.365741	6.773777e-01	2000	1	11	5
	190	97	270.201560	49.277897	6.840353e-01	2000	1	11	6
	177	92	271.689948	49.223363	6.854801e-01	2000	1	11	7
	189	96	273.138856	49.121707	6.812930e-01	2000	1	11	8
	191	96	274.602584	49.013302	6.797647e-01	2000	1	11	9
	189	95	276.201033	48.953108	6.671867e-01	2000	1	11	10
	177	90	277.760271	48.854484	6.615243e-01	2000	1	11	11
	192	95	279.434218	48.789592	6.463895e-01	2000	1	11	12
	178	90	281.071108	48.731033	6.369019e-01	2000	1	11	13
	177	89	282.728511	48.685015	6.410465e-01	2000	1	11	14
	178	89	284.387822	48.638682	6.241093e-01	2000	1	11	15
	178	89	285.999015	48.600848	6.541443e-01	2000	1	11	16
	179	89	287.696527	48.579111	7.180662e-01	2000	1	11	17
	180	89	289.406634	48.602117	7.110758e-01	2000	1	11	18
	181	89	291.195439	48.616291	7.266312e-01	2000	1	11	19
	189	91	292.976822	48.645154	6.764145e-01	2000	1	11	20
	189	91	294.893430	48.701708	6.379557e-01	2000	1	11	21
	190	91	296.762303	48.725025	6.045332e-01	2000	1	11	22
	191	91	298.679303	48.789392	5.950418e-01	2000	1	11	23
	189	90	300.612220	48.839546	5.940399e-01	2000	1	12	0
	190	90	302.596764	48.902772	5.878549e-01	2000	1	12	1
	191	90	304.533219	48.967909	5.983353e-01	2000	1	12	2
	191	90	306.498087	49.027600	6.498361e-01	2000	1	12	3
	191	90	308.489774	49.077007	6.644979e-01	2000	1	12	4
	192	90	310.450790	49.154281	6.929698e-01	2000	1	12	5
	191	89	312.427718	49.237793	6.873913e-01	2000	1	12	6
	192	89	314.217966	49.252594	6.832180e-01	2000	1	12	7
	192	89	315.800416	49.240362	7.285366e-01	2000	1	12	8
	192	89	317.074638	49.175194	7.079887e-01	2000	1	12	9
	192	89	317.994242	49.032350	7.290001e-01	2000	1	12	10
	206	90	311.813361	43.895823	7.740369e-01	2000	1	12	15
	206	90	309.890894	50.147879	7.808590e-01	2000	1	12	16
	207	90	311.801542	50.196321	7.816000e-01	2000	1	12	17
	205	89	313.664364	50.253176	7.815251e-01	2000	1	12	18
	206	89	315.609509	50.303294	7.900057e-01	2000	1	12	19
	207	89	317.612190	50.314486	8.026085e-01	2000	1	12	20
	206	89	319.592655	50.313673	7.932243e-01	2000	1	12	21
	226	94	323.115713	50.854302	8.092041e-01	2000	1	12	22
	231	95	324.829427	50.698491	7.922893e-01	2000	1	12	23
	231	95	326.480178	50.549541	7.634878e-01	2000	1	13	0
	233	95	328.088534	50.398663	7.772937e-01	2000	1	13	1
	232	94	329.707663	50.014491	7.661543e-01	2000	1	13	2
	232	94	331.216440	49.897130	7.765870e-01	2000	1	13	3
	233	94	332.594635	49.802867	7.872515e-01	2000	1	13	4
	233	94	333.983524	49.690931	7.770081e-01	2000	1	13	5
	235	94	335.352715	49.564291	7.798276e-01	2000	1	13	6
	226	91	336.709757	49.414720	7.764492e-01	2000	1	13	7
	227	91	337.975790	49.242585	7.820601e-01	2000	1	13	8
	228	91	339.186720	49.026601	7.861419e-01	2000	1	13	9
	228	91	340.313978	48.792491	7.898707e-01	2000	1	13	10
	230	91	341.221656	48.476605	7.933736e-01	2000	1	13	11
	227	90	342.000769	48.169760	8.042855e-01	2000	1	13	12
	228	90	342.598743	47.765604	8.000040e-01	2000	1	13	13
	229	90	343.028334	47.264557	8.029141e-01	2000	1	13	14
	240	93	343.303013	46.740092	7.859864e-01	2000	1	13	15
	227	89	343.434852	46.133685	7.866549e-01	2000	1	13	16
	228	89	343.496973	45.431068	7.904630e-01	2000	1	13	17
	229	89	343.431000	44.624174	7.774215e-01	2000	1	13	18
	230	89	343.367976	43.837173	7.684226e-01	2000	1	13	19
	231	89	343.126614	40.919972	7.693911e-01	2000	1	13	20
	242	92	342.474997	39.635495	7.433314e-01	2000	1	13	21
	243	92	342.814986	39.402621	7.454319e-01	2000	1	13	22
	243	92	343.183035	39.178697	7.124467e-01	2000	1	13	23
	242	91	343.522296	38.956673	7.110233e-01	2000	1	14	0
start	162	2000	1	7	0
	64	97	86.809426	47.282001	1.455545e-01	2000	1	7	0
	63	96	87.643076	47.313666	1.444016e-01	2000	1	7	1
	64	99	88.326322	47.447998	1.544142e-01	2000	1	7	2
	66	99	89.223320	47.305865	1.554432e-01	2000	1	7	3
	66	98	90.953623	47.537384	1.670780e-01	2000	1	7	5
	65	99	91.688545	47.580622	1.676550e-01	2000	1	7	6
	67	98	92.605150	47.497733	1.825471e-01	2000	1	7	7
	68	98	93.507006	47.552532	1.884193e-01	2000	1	7	8
	68	97	94.289825	47.608930	1.953397e-01	2000	1	7	9
	69	97	95.101159	47.596304	2.052765e-01	2000	1	7	10
	69	98	95.896928	47.564674	2.047615e-01	2000	1	7	11
	70	98	96.647925	47.644534	2.108760e-01	2000	1	7	12
	70	96	97.450049	47.657778	2.160163e-01	2000	1	7	13
	71	100	98.194442	47.653690	2.260523e-01	2000	1	7	14
	71	99	99.110450	47.782400	2.296052e-01	2000	1	7	15
	72	98	99.974583	47.798809	2.354770e-01	2000	1	7	16
	73	99	100.817713	47.888100	2.448092e-01	2000	1	7	17
	74	100	101.746678	47.939413	2.488484e-01	2000	1	7	18
	74	98	102.718337	47.915090	2.614880e-01	2000	1	7	19
	75	99	103.579018	47.978947	2.695866e-01	2000	1	7	20
	76	98	104.468442	48.020399	2.762027e-01	2000	1	7	21
	76	98	105.331987	48.019867	2.757907e-01	2000	1	7	22
	76	97	106.168380	48.022359	2.851748e-01	2000	1	7	23
	69	89	107.030505	48.072625	2.920165e-01	2000	1	8	0
	78	100	107.874651	48.100212	2.986360e-01	2000	1	8	1
	78	99	108.748048	48.156710	3.077688e-01	2000	1	8	2
	78	98	109.632718	48.225272	3.146205e-01	2000	1	8	3
	80	100	110.565616	48.269392	3.220592e-01	2000	1	8	4
	80	96	111.488565	48.297377	3.309836e-01	2000	1	8	5
	75	89	112.439894	48.365752	3.354988e-01	2000	1	8	6
	82	97	113.429642	48.362470	3.471775e-01	2000	1	8	7
	84	97	114.373227	48.381246	3.519983e-01	2000	1	8	8
	83	96	115.293633	48.403372	3.585186e-01	2000	1	8	9
	83	96	116.214216	48.399885	3.694568e-01	2000	1	8	10
	85	97	117.162119	48.419500	3.738775e-01	2000	1	8	11
	85	96	118.050767	48.436011	3.851976e-01	2000	1	8	12
	86	96	119.020433	48.470920	3.935027e-01	2000	1	8	13
	87	97	119.939936	48.471934	4.008923e-01	2000	1	8	14
	86	95	120.927648	48.514046	4.137154e-01	2000	1	8	15
	88	96	121.893483	48.534020	4.276485e-01	2000	1	8	16
	89	97	122.892630	48.561137	4.400544e-01	2000	1	8	17
	91	98	123.918490	48.568148	4.503474e-01	2000	1	8	18
	91	98	124.922964	48.586800	4.549718e-01	2000	1	8	19
	90	97	125.953763	48.571890	4.656630e-01	2000	1	8	20
	92	97	126.941218	48.543490	4.755044e-01	2000	1	8	21
	92	97	127.938896	48.530991	4.854093e-01	2000	1	8	22
	94	98	128.957792	48.507920	4.932337e-01	2000	1	8	23
	95	99	129.948064	48.500428	4.996057e-01	2000	1	9	0
	93	96	130.969830	48.503765	5.069895e-01	2000	1	9	1
	96	98	132.024933	48.494202	5.180597e-01	2000	1	9	2
	89	91	133.084566	48.521395	5.223622e-01	2000	1	9	3
	98	99	134.167473	48.498271	5.245113e-01	2000	1	9	4
	97	98	135.320218	48.505928	5.340176e-01	2000	1	9	5
	99	99	136.468144	48.504171	5.424852e-01	2000	1	9	6
	101	99	137.611379	48.510574	5.385609e-01	2000	1	9	7
	100	98	138.754956	48.477154	5.447969e-01	2000	1	9	8
	100	98	139.898106	48.455661	5.501046e-01	2000	1	9	9
	99	96	141.041190	48.429804	5.455523e-01	2000	1	9	10
	103	99	142.181391	48.428219	5.525551e-01	2000	1	9	11
	103	98	143.309204	48.420974	5.574894e-01	2000	1	9	12
	103	97	144.481511	48.422965	5.526299e-01	2000	1	9	13
	103	97	145.654579	48.424850	5.479841e-01	2000	1	9	14
	103	97	146.867154	48.451656	5.450478e-01	2000	1	9	15
	103	96	148.102301	48.456881	5.404940e-01	2000	1	9	16
	105	97	149.376167	48.472748	5.339584e-01	2000	1	9	17
	113	100	150.659633	48.484083	5.312748e-01	2000	1	9	18
	96	89	151.971297	48.481190	5.536785e-01	2000	1	9	19
	99	90	153.296756	48.499098	5.762253e-01	2000	1	9	20
	99	89	154.622177	48.515153	5.944433e-01	2000	1	9	21
	100	90	155.979655	48.534035	6.131291e-01	2000	1	9	22
	100	89	157.386863	48.592968	6.388431e-01	2000	1	9	23
	104	91	158.834048	48.670226	6.553822e-01	2000	1	10	0
	119	100	160.320517	48.735915	6.606259e-01	2000	1	10	1
	108	92	161.904880	48.853730	6.688199e-01	2000	1	10	2
	111	94	163.530684	48.920692	6.781397e-01	2000	1	10	3
	104	89	165.240542	49.043509	6.767960e-01	2000	1	10	4
	107	90	167.014406	49.168700	6.635218e-01	2000	1	10	5
	111	92	168.797126	49.282186	6.607471e-01	2000	1	10	6
	107	89	170.636223	49.403827	6.307406e-01	2000	1	10	7
	123	99	172.544459	49.535467	6.041827e-01	2000	1	10	8
	108	89	174.449418	49.699342	5.765872e-01	2000	1	10	9
	114	92	176.351983	49.835210	5.717716e-01	2000	1	10	10
	116	93	178.246056	49.966125	6.060648e-01	2000	1	10	11
	111	89	180.152749	50.113887	6.392117e-01	2000	1	10	12
	118	93	182.027870	50.161617	6.864562e-01	2000	1	10	13
	119	93	183.873677	50.244912	7.003989e-01	2000	1	10	14
	119	92	185.732504	50.272106	7.238631e-01	2000	1	10	15
	115	89	187.558107	50.292884	7.395325e-01	2000	1	10	16
	118	90	189.376998	50.311842	7.411809e-01	2000	1	10	17
	120	90	191.201973	50.304344	7.513318e-01	2000	1	10	18
	121	90	192.956541	50.302393	7.432733e-01	2000	1	10	19
	119	89	194.650194	50.262494	7.240567e-01	2000	1	10	20
	120	89	196.338764	50.215633	7.065749e-01	2000	1	10	21
	122	89	197.982802	50.117210	6.894207e-01	2000	1	10	22
	125	90	199.623856	50.009104	6.744123e-01	2000	1	10	23
	141	98	201.238269	49.896981	6.717916e-01	2000	1	11	0
	125	89	202.800545	49.790444	6.698632e-01	2000	1	11	1
	142	97	204.350269	49.650968	6.594019e-01	2000	1	11	2
	143	97	205.827239	49.531767	6.641850e-01	2000	1	11	3
	144	97	207.329102	49.437156	6.723185e-01	2000	1	11	4
	128	89	208.789442	49.355778	6.751685e-01	2000	1	11	5
	147	97	210.256221	49.297011	6.840758e-01	2000	1	11	6
	146	96	211.682323	49.213004	6.855121e-01	2000	1	11	7
	135	92	213.155030	49.127452	6.756859e-01	2000	1	11	8
	135	91	214.666323	49.054793	6.783619e-01	2000	1	11	9
	135	91	216.184237	48.946222	6.676750e-01	2000	1	11	10
	135	90	217.781743	48.848625	6.573420e-01	2000	1	11	11
	135	90	219.385802	48.775051	6.393542e-01	2000	1	11	12
	136	90	221.112114	48.744741	6.402621e-01	2000	1	11	13
	135	89	222.722658	48.676448	6.347051e-01	2000	1	11	14
	135	89	224.381715	48.629526	6.295896e-01	2000	1	11	15
	136	89	226.048201	48.628387	6.588364e-01	2000	1	11	16
	136	89	227.644976	48.580914	6.934166e-01	2000	1	11	17
	146	92	229.418785	48.605892	6.909032e-01	2000	1	11	18
	145	91	231.178189	48.610294	7.061419e-01	2000	1	11	19
	146	91	233.042080	48.650515	6.616082e-01	2000	1	11	20
	147	91	234.920432	48.693280	6.541138e-01	2000	1	11	21
	147	91	236.778090	48.749422	6.057749e-01	2000	1	11	22
	147	90	238.689602	48.804020	6.022911e-01	2000	1	11	23
	147	90	240.689163	48.871748	5.935788e-01	2000	1	12	0
	148	90	242.561225	48.912526	5.920568e-01	2000	1	12	1
	148	90	244.550651	48.986018	5.975819e-01	2000	1	12	2
	147	89	246.531683	49.033505	6.332955e-01	2000	1	12	3
	149	90	248.467377	49.068605	6.673064e-01	2000	1	12	4
	148	89	250.466676	49.168972	6.788025e-01	2000	1	12	5
	148	89	252.493143	49.241103	6.759286e-01	2000	1	12	6
	150	89	254.632596	49.339333	7.042103e-01	2000	1	12	7
	149	89	256.777532	49.445609	6.999726e-01	2000	1	12	8
	150	89	258.939861	49.575537	7.177997e-01	2000	1	12	9
	164	90	249.815315	50.160091	7.899494e-01	2000	1	12	16
	162	89	251.738384	50.221248	7.852297e-01	2000	1	12	17
	163	89	253.681255	50.257965	7.772055e-01	2000	1	12	18
	163	89	255.607171	50.298869	7.854271e-01	2000	1	12	19
	164	89	257.672345	50.322574	7.954669e-01	2000	1	12	20
	164	89	259.625410	50.335674	8.034453e-01	2000	1	12	21
	164	89	261.596247	50.286772	8.045001e-01	2000	1	12	22
	189	95	264.899449	50.677900	7.874365e-01	2000	1	12	23
	189	95	266.477033	50.561514	7.923303e-01	2000	1	13	0
	190	95	268.147331	50.151971	7.780156e-01	2000	1	13	1
	189	94	269.698360	50.019181	7.712235e-01	2000	1	13	2
	190	94	271.171280	49.888287	7.821827e-01	2000	1	13	3
	190	94	272.598653	49.797399	7.766318e-01	2000	1	13	4
	192	94	273.987302	49.675577	7.892089e-01	2000	1	13	5
	192	94	275.383364	49.540327	7.917891e-01	2000	1	13	6
	184	91	276.725581	49.409708	7.791557e-01	2000	1	13	7
	185	91	278.104168	49.252365	7.839885e-01	2000	1	13	8
	185	91	279.459712	49.063595	7.972851e-01	2000	1	13	9
	197	94	280.870991	48.895649	7.859907e-01	2000	1	13	10
	197	94	282.238294	48.735183	7.955732e-01	2000	1	13	11
	185	90	283.659624	48.624173	8.036537e-01	2000	1	13	12
	185	90	285.075671	48.539232	7.957301e-01	2000	1	13	13
	186	90	286.492842	48.505371	7.964878e-01	2000	1	13	14
	198	93	287.932855	48.500297	7.905831e-01	2000	1	13	15
	195	92	289.397387	48.470413	7.850742e-01	2000	1	13	16
	196	92	290.823182	48.423548	7.904801e-01	2000	1	13	17
	197	92	292.295688	48.396609	7.765741e-01	2000	1	13	18
	198	92	293.774879	48.327582	7.897186e-01	2000	1	13	19
	188	89	295.274007	48.286145	7.781663e-01	2000	1	13	20
	199	92	296.763306	48.244534	7.916684e-01	2000	1	13	21
	199	92	298.362599	48.231783	7.848458e-01	2000	1	13	22
	199	91	299.962061	48.243320	7.835374e-01	2000	1	13	23
	200	91	301.688629	48.337754	7.794299e-01	2000	1	14	0
start	96	2000	1	7	0
	192	97	266.812448	47.284981	1.455545e-01	2000	1	7	0
	191	96	267.640057	47.314330	1.444016e-01	2000	1	7	1
	192	99	268.326306	47.447946	1.544142e-01	2000	1	7	2
	194	99	269.223844	47.306425	1.554432e-01	2000	1	7	3
	194	98	270.953648	47.537293	1.670780e-01	2000	1	7	5
	193	99	271.688575	47.580401	1.676550e-01	2000	1	7	6
	195	98	272.605116	47.497712	1.825471e-01	2000	1	7	7
	196	98	273.507278	47.552210	1.884193e-01	2000	1	7	8
	196	97	274.289849	47.608825	1.953397e-01	2000	1	7	9
	197	97	275.099604	47.595730	2.052765e-01	2000	1	7	10
	197	98	275.896923	47.564481	2.047615e-01	2000	1	7	11
	198	98	276.648558	47.644466	2.108760e-01	2000	1	7	12
	198	96	277.450421	47.659104	2.160230e-01	2000	1	7	13
	199	100	278.195695	47.653346	2.260523e-01	2000	1	7	14
	199	99	279.111979	47.782184	2.296052e-01	2000	1	7	15
	200	98	279.973438	47.797829	2.354770e-01	2000	1	7	16
	201	99	280.818766	47.888377	2.448092e-01	2000	1	7	17
	202	100	281.748104	47.937917	2.488484e-01	2000	1	7	18
	202	98	282.718357	47.915073	2.614880e-01	2000	1	7	19
	203	99	283.579914	47.979772	2.695866e-01	2000	1	7	20
	204	98	284.468747	48.019778	2.762027e-01	2000	1	7	21
	204	98	285.332067	48.019867	2.757907e-01	2000	1	7	22
	204	97	286.168611	48.022413	2.851748e-01	2000	1	7	23
	197	89	287.028209	48.072176	2.920165e-01	2000	1	8	0
	206	100	287.875313	48.101299	2.986360e-01	2000	1	8	1
	206	99	288.748155	48.156665	3.077688e-01	2000	1	8	2
	206	98	289.633438	48.225244	3.146205e-01	2000	1	8	3
	208	100	290.565159	48.271510	3.220592e-01	2000	1	8	4
	208	96	291.489011	48.297185	3.309836e-01	2000	1	8	5
	203	89	292.440026	48.365447	3.354988e-01	2000	1	8	6
	210	97	293.429526	48.361985	3.471775e-01	2000	1	8	7
	212	97	294.373101	48.383058	3.519983e-01	2000	1	8	8
	211	96	295.292409	48.401088	3.585186e-01	2000	1	8	9
	211	96	296.214337	48.398812	3.694568e-01	2000	1	8	10
	213	97	297.161563	48.419014	3.738775e-01	2000	1	8	11
	213	96	298.050715	48.436130	3.851976e-01	2000	1	8	12
	214	96	299.020527	48.470956	3.935027e-01	2000	1	8	13
	215	97	299.939435	48.472530	4.008923e-01	2000	1	8	14
	214	95	300.927084	48.513653	4.137154e-01	2000	1	8	15
	216	96	301.893016	48.533434	4.276485e-01	2000	1	8	16
	217	97	302.892770	48.561241	4.400544e-01	2000	1	8	17
	219	98	303.917014	48.569964	4.503474e-01	2000	1	8	18
	219	98	304.922572	48.586329	4.549718e-01	2000	1	8	19
	218	97	305.953571	48.570423	4.656630e-01	2000	1	8	20
	220	97	306.942330	48.544218	4.755044e-01	2000	1	8	21
	220	97	307.938677	48.531871	4.854093e-01	2000	1	8	22
	222	98	308.957756	48.507898	4.932337e-01	2000	1	8	23
	223	99	309.949187	48.499856	4.996057e-01	2000	1	9	0
	221	96	310.969634	48.503219	5.069895e-01	2000	1	9	1
	224	98	312.025069	48.493904	5.180597e-01	2000	1	9	2
	217	91	313.084410	48.521669	5.223622e-01	2000	1	9	3
	226	99	314.166984	48.497437	5.245113e-01	2000	1	9	4
	225	98	315.320309	48.505935	5.340176e-01	2000	1	9	5
	227	99	316.469157	48.503205	5.424852e-01	2000	1	9	6
	229	99	317.611662	48.510220	5.385609e-01	2000	1	9	7
	228	98	318.754945	48.477149	5.447969e-01	2000	1	9	8
	228	98	319.897011	48.454352	5.501046e-01	2000	1	9	9
	227	96	321.042097	48.430627	5.455523e-01	2000	1	9	10
	231	99	322.181837	48.428132	5.525551e-01	2000	1	9	11
	231	98	323.310676	48.422487	5.574894e-01	2000	1	9	12
	231	97	324.482272	48.424314	5.526299e-01	2000	1	9	13
	231	97	325.654928	48.424536	5.479841e-01	2000	1	9	14
	231	97	326.866860	48.449887	5.450478e-01	2000	1	9	15
	231	96	328.101896	48.455749	5.404940e-01	2000	1	9	16
	233	97	329.376758	48.476252	5.339584e-01	2000	1	9	17
	241	100	330.659402	48.486079	5.312748e-01	2000	1	9	18
	224	89	331.973188	48.480884	5.536785e-01	2000	1	9	19
	227	90	333.300035	48.502536	5.762253e-01	2000	1	9	20
	227	89	334.596365	48.502191	5.944433e-01	2000	1	9	21
	228	90	335.852878	48.477637	6.131291e-01	2000	1	9	22
	228	89	337.065377	48.448304	6.388431e-01	2000	1	9	23
	232	91	338.204573	48.385497	6.553822e-01	2000	1	10	0
	247	100	339.292941	48.273437	6.606259e-01	2000	1	10	1
	236	92	340.327579	48.131177	6.688199e-01	2000	1	10	2
	239	94	341.314977	47.894971	6.781397e-01	2000	1	10	3
	232	89	342.249680	47.635138	6.767960e-01	2000	1	10	4
	235	90	343.117395	47.304034	6.635218e-01	2000	1	10	5
	239	92	343.930675	46.923824	6.548233e-01	2000	1	10	6
	235	89	344.693082	46.479621	6.307406e-01	2000	1	10	7
	251	99	345.359764	45.902972	6.041827e-01	2000	1	10	8
	236	89	346.004503	45.336795	5.765872e-01	2000	1	10	9
	242	92	346.524248	44.630918	5.498419e-01	2000	1	10	10
	244	93	347.008143	43.893454	5.262165e-01	2000	1	10	11
	239	89	347.481797	43.137365	5.208449e-01	2000	1	10	12
	246	93	347.914495	42.208847	5.292573e-01	2000	1	10	13
	247	93	348.540921	41.738093	5.193114e-01	2000	1	10	14
	247	92	349.161610	41.279961	5.103869e-01	2000	1	10	15
	243	89	349.775770	40.836157	4.875135e-01	2000	1	10	16
	246	90	350.390799	40.390426	4.819317e-01	2000	1	10	17
	248	90	350.980175	39.938133	4.528780e-01	2000	1	10	18
	249	90	351.530455	39.488214	4.396601e-01	2000	1	10	19
	247	89	352.092202	39.073206	4.283834e-01	2000	1	10	20
	248	89	352.626753	38.683522	4.085541e-01	2000	1	10	21
	250	89	353.111749	38.326533	4.067702e-01	2000	1	10	22
	253	90	353.599973	38.003151	3.967161e-01	2000	1	10	23
	253	89	354.467286	37.454044	3.852940e-01	2000	1	11	1
start	162	2000	1	7	0
	20	98	26.759077	47.287221	1.472955e-01	2000	1	7	0
	20	97	27.664805	47.207995	1.465335e-01	2000	1	7	1
	20	96	28.375502	47.367716	1.513052e-01	2000	1	7	2
	20	97	29.220792	47.390936	1.532569e-01	2000	1	7	3
	23	99	30.869778	47.520834	1.686230e-01	2000	1	7	5
	23	97	31.685296	47.593867	1.747775e-01	2000	1	7	6
	24	99	32.604724	47.561283	1.784468e-01	2000	1	7	7
	19	90	33.480513	47.623147	1.858845e-01	2000	1	7	8
	25	98	34.306352	47.602353	1.949058e-01	2000	1	7	9
	26	99	35.113669	47.600824	1.955876e-01	2000	1	7	10
	28	98	35.898254	47.564997	2.063408e-01	2000	1	7	11
	27	96	36.610193	47.624140	2.128768e-01	2000	1	7	12
	27	97	37.479708	47.601311	2.181458e-01	2000	1	7	13
	29	99	38.232610	47.690581	2.220821e-01	2000	1	7	14
	29	97	39.071117	47.777517	2.306848e-01	2000	1	7	15
	30	99	39.974679	47.851163	2.400198e-01	2000	1	7	16
	30	98	40.835655	47.936172	2.490444e-01	2000	1	7	17
	32	99	41.770308	47.927524	2.525930e-01	2000	1	7	18
	32	99	42.716283	47.964058	2.602315e-01	2000	1	7	19
	33	99	43.590898	47.964970	2.629285e-01	2000	1	7	20
	32	99	44.488724	48.003688	2.731996e-01	2000	1	7	21
	33	98	45.360411	48.028790	2.738247e-01	2000	1	7	22
	29	92	46.185814	48.046146	2.895784e-01	2000	1	7	23
	29	90	47.013088	48.083234	2.938194e-01	2000	1	8	0
	35	99	47.872302	48.112370	2.988701e-01	2000	1	8	1
	35	95	48.756942	48.158401	3.039560e-01	2000	1	8	2
	30	90	49.628768	48.184603	3.105550e-01	2000	1	8	3
	37	99	50.533984	48.210553	3.212614e-01	2000	1	8	4
	38	99	51.479310	48.302130	3.291888e-01	2000	1	8	5
	37	99	52.442251	48.360248	3.353457e-01	2000	1	8	6
	39	99	53.418554	48.404697	3.458929e-01	2000	1	8	7
	39	97	54.391876	48.379090	3.543458e-01	2000	1	8	8
	40	96	55.288082	48.434286	3.614507e-01	2000	1	8	9
	37	92	56.226224	48.402430	3.668351e-01	2000	1	8	10
	41	96	57.138643	48.446945	3.711705e-01	2000	1	8	11
	41	96	58.060863	48.437234	3.795791e-01	2000	1	8	12
	42	95	59.012543	48.425595	3.940783e-01	2000	1	8	13
	44	97	59.937475	48.460178	4.033012e-01	2000	1	8	14
	45	96	60.933410	48.482402	4.158726e-01	2000	1	8	15
	45	96	61.902752	48.524464	4.232049e-01	2000	1	8	16
	46	97	62.893978	48.569194	4.365983e-01	2000	1	8	17
	47	98	63.920901	48.562275	4.452310e-01	2000	1	8	18
	47	97	64.921150	48.584274	4.557848e-01	2000	1	8	19
	42	91	65.935709	48.545459	4.658947e-01	2000	1	8	20
	43	92	66.936594	48.552051	4.730253e-01	2000	1	8	21
	48	96	67.953275	48.535883	4.857864e-01	2000	1	8	22
	51	98	68.957711	48.537863	4.884982e-01	2000	1	8	23
	50	96	69.960005	48.494677	4.977293e-01	2000	1	9	0
	54	99	70.997838	48.492456	5.085225e-01	2000	1	9	1
	52	97	72.021181	48.521472	5.144138e-01	2000	1	9	2
	54	98	73.092722	48.500547	5.178137e-01	2000	1	9	3
	56	99	74.183630	48.500167	5.299077e-01	2000	1	9	4
	54	97	75.322015	48.531145	5.309777e-01	2000	1	9	5
	57	99	76.467449	48.515967	5.506916e-01	2000	1	9	6
	57	99	77.630030	48.505069	5.456324e-01	2000	1	9	7
	58	99	78.749641	48.491049	5.474305e-01	2000	1	9	8
	58	98	79.893760	48.454180	5.499649e-01	2000	1	9	9
	58	98	81.057389	48.436724	5.485859e-01	2000	1	9	10
	59	98	82.167254	48.412724	5.504541e-01	2000	1	9	11
	59	97	83.322230	48.443499	5.550494e-01	2000	1	9	12
	60	98	84.464674	48.403027	5.476828e-01	2000	1	9	13
	51	89	85.662204	48.431057	5.478873e-01	2000	1	9	14
	60	96	86.866845	48.435387	5.464745e-01	2000	1	9	15
	62	97	88.129932	48.474062	5.336041e-01	2000	1	9	16
	60	95	89.387441	48.453211	5.300369e-01	2000	1	9	17
	57	92	90.653066	48.448227	5.285172e-01	2000	1	9	18
	56	90	91.963525	48.472946	5.521207e-01	2000	1	9	19
	72	100	93.286087	48.492148	5.732131e-01	2000	1	9	20
	56	89	94.615180	48.505800	5.967250e-01	2000	1	9	21
	57	89	95.960679	48.538810	6.226249e-01	2000	1	9	22
	57	89	97.398872	48.604682	6.303101e-01	2000	1	9	23
	58	89	98.818188	48.669183	6.554294e-01	2000	1	10	0
	60	89	100.340748	48.740438	6.587796e-01	2000	1	10	1
	76	100	101.900919	48.833166	6.695728e-01	2000	1	10	2
	60	89	103.528627	48.935678	6.729527e-01	2000	1	10	3
	78	100	105.240448	49.038663	6.717224e-01	2000	1	10	4
	62	89	107.006028	49.157823	6.580944e-01	2000	1	10	5
	80	100	108.808400	49.254532	6.473093e-01	2000	1	10	6
	80	100	110.653539	49.399269	6.290407e-01	2000	1	10	7
	80	99	112.548506	49.551825	6.104107e-01	2000	1	10	8
	81	99	114.434367	49.684751	5.700221e-01	2000	1	10	9
	70	91	116.310753	49.803969	5.697494e-01	2000	1	10	10
	67	89	118.237322	49.963757	6.118736e-01	2000	1	10	11
	76	94	120.153327	50.124867	6.425552e-01	2000	1	10	12
	69	89	122.018795	50.151732	6.738586e-01	2000	1	10	13
	69	89	123.888106	50.250634	7.066636e-01	2000	1	10	14
	73	90	125.745599	50.286131	7.156286e-01	2000	1	10	15
	76	91	127.598971	50.306974	7.343130e-01	2000	1	10	16
	73	89	129.382241	50.311151	7.467666e-01	2000	1	10	17
	77	90	131.179523	50.298581	7.415404e-01	2000	1	10	18
	75	89	132.959905	50.288038	7.374735e-01	2000	1	10	19
	76	89	134.679401	50.274960	7.247214e-01	2000	1	10	20
	78	89	136.351716	50.205011	7.102942e-01	2000	1	10	21
	79	89	137.981463	50.128130	6.921883e-01	2000	1	10	22
	99	99	139.644776	50.027907	6.712866e-01	2000	1	10	23
	83	90	141.230491	49.892853	6.669283e-01	2000	1	11	0
	100	98	142.783444	49.776655	6.665311e-01	2000	1	11	1
	99	97	144.316408	49.640257	6.651082e-01	2000	1	11	2
	100	97	145.839932	49.533058	6.644011e-01	2000	1	11	3
	102	97	147.301206	49.421488	6.727815e-01	2000	1	11	4
	103	97	148.794261	49.371862	6.721778e-01	2000	1	11	5
	104	97	150.262045	49.311384	6.867313e-01	2000	1	11	6
	105	97	151.693066	49.200712	6.901817e-01	2000	1	11	7
	91	91	153.118899	49.114777	6.873751e-01	2000	1	11	8
	105	96	154.640533	49.029936	6.837797e-01	2000	1	11	9
	107	96	156.192093	48.946171	6.667023e-01	2000	1	11	10
	92	90	157.799707	48.857323	6.555476e-01	2000	1	11	11
	106	95	159.419995	48.783862	6.467280e-01	2000	1	11	12
	93	90	161.040943	48.720998	6.429300e-01	2000	1	11	13
	92	89	162.751842	48.700817	6.412258e-01	2000	1	11	14
	93	89	164.322495	48.618242	6.266060e-01	2000	1	11	15
	93	89	165.983927	48.595815	6.560082e-01	2000	1	11	16
	94	89	167.689259	48.594486	6.892104e-01	2000	1	11	17
	95	89	169.404704	48.603244	7.028165e-01	2000	1	11	18
	103	91	171.145272	48.589246	7.285142e-01	2000	1	11	19
	104	91	173.013991	48.645478	6.916518e-01	2000	1	11	20
	104	91	174.904532	48.705598	6.371164e-01	2000	1	11	21
	105	91	176.808322	48.744371	6.172609e-01	2000	1	11	22
	104	90	178.775923	48.820278	6.003447e-01	2000	1	11	23
	104	90	180.649939	48.849802	5.951762e-01	2000	1	12	0
	105	90	182.611151	48.926065	5.905352e-01	2000	1	12	1
	105	90	184.535816	48.973474	5.965972e-01	2000	1	12	2
	106	90	186.458395	49.024115	6.282320e-01	2000	1	12	3
	107	90	188.493006	49.087553	6.733470e-01	2000	1	12	4
	105	89	190.436561	49.157694	6.621752e-01	2000	1	12	5
	106	89	192.511322	49.231338	6.813440e-01	2000	1	12	6
	106	89	194.627807	49.332293	7.043781e-01	2000	1	12	7
	106	89	196.769211	49.451278	7.123790e-01	2000	1	12	8
	106	89	198.877011	49.564504	7.050366e-01	2000	1	12	9
	121	90	189.819656	50.170590	7.800140e-01	2000	1	12	16
	120	89	191.755228	50.198302	7.950020e-01	2000	1	12	17
	119	89	193.677405	50.247436	7.874622e-01	2000	1	12	18
	120	89	195.648126	50.297508	7.827897e-01	2000	1	12	19
	120	89	197.618522	50.323757	7.911491e-01	2000	1	12	20
	143	95	199.608269	50.320591	7.993112e-01	2000	1	12	21
	144	95	201.647953	50.286722	7.895012e-01	2000	1	12	22
	145	95	204.834288	50.697844	7.964044e-01	2000	1	12	23
	147	95	206.494748	50.541748	7.677097e-01	2000	1	13	0
	147	95	208.097512	50.397951	7.585268e-01	2000	1	13	1
	148	95	209.722654	50.026192	7.643957e-01	2000	1	13	2
	147	94	211.162128	49.901534	7.852678e-01	2000	1	13	3
	148	94	212.542967	49.816802	7.960763e-01	2000	1	13	4
	149	94	213.978385	49.699774	7.894845e-01	2000	1	13	5
	150	94	215.335315	49.565728	7.844601e-01	2000	1	13	6
	141	91	216.718975	49.417096	7.790918e-01	2000	1	13	7
	142	91	218.079324	49.249395	7.910781e-01	2000	1	13	8
	142	91	219.467061	49.082710	7.870903e-01	2000	1	13	9
	154	94	220.852667	48.896011	7.914286e-01	2000	1	13	10
	141	90	222.249090	48.756456	7.893405e-01	2000	1	13	11
	142	90	223.643293	48.628219	7.997479e-01	2000	1	13	12
	143	90	225.081512	48.555849	8.011012e-01	2000	1	13	13
	143	90	226.496834	48.505727	8.001399e-01	2000	1	13	14
	144	90	227.925689	48.497614	7.902021e-01	2000	1	13	15
	142	89	229.364848	48.465524	7.861962e-01	2000	1	13	16
	143	89	230.841618	48.450206	7.828569e-01	2000	1	13	17
	154	92	232.272565	48.405718	7.786641e-01	2000	1	13	18
	144	89	233.790123	48.353759	7.712574e-01	2000	1	13	19
	156	92	235.263305	48.294658	7.889628e-01	2000	1	13	20
	157	92	236.759034	48.237240	7.947130e-01	2000	1	13	21
	158	92	238.342248	48.222118	7.798648e-01	2000	1	13	22
	155	91	239.920240	48.247237	7.834826e-01	2000	1	13	23
	157	91	241.689183	48.311948	7.784367e-01	2000	1	14	0
start	140	2000	1	7	0
	148	98	206.731093	47.309326	1.472955e-01	2000	1	7	0
	148	97	207.667342	47.210958	1.465335e-01	2000	1	7	1
	148	96	208.309887	47.418841	1.513052e-01	2000	1	7	2
	148	97	209.219567	47.393767	1.532569e-01	2000	1	7	3
	151	99	210.868313	47.524752	1.686230e-01	2000	1	7	5
	151	97	211.670563	47.605037	1.747775e-01	2000	1	7	6
	152	99	212.604707	47.561246	1.784468e-01	2000	1	7	7
	147	90	213.477918	47.622315	1.858845e-01	2000	1	7	8
	153	98	214.305071	47.602214	1.949058e-01	2000	1	7	9
	154	99	215.113622	47.600794	1.955876e-01	2000	1	7	10
	156	98	215.895669	47.563890	2.063408e-01	2000	1	7	11
	155	96	216.609277	47.623130	2.128901e-01	2000	1	7	12
	155	97	217.478252	47.601404	2.181458e-01	2000	1	7	13
	157	99	218.232973	47.689689	2.220821e-01	2000	1	7	14
	157	97	219.069160	47.777281	2.306848e-01	2000	1	7	15
	158	99	219.973045	47.855583	2.400198e-01	2000	1	7	16
	158	98	220.835593	47.936139	2.490444e-01	2000	1	7	17
	160	99	221.770284	47.927511	2.525930e-01	2000	1	7	18
	160	99	222.716006	47.964088	2.602315e-01	2000	1	7	19
	161	99	223.589167	47.964929	2.629285e-01	2000	1	7	20
	160	99	224.488020	48.003074	2.731996e-01	2000	1	7	21
	161	98	225.359630	48.027604	2.738247e-01	2000	1	7	22
	157	92	226.185241	48.045935	2.895784e-01	2000	1	7	23
	157	90	227.011352	48.085671	2.938194e-01	2000	1	8	0
	163	99	227.872186	48.113097	2.988701e-01	2000	1	8	1
	163	95	228.756030	48.159255	3.039560e-01	2000	1	8	2
	158	90	229.627892	48.183873	3.105550e-01	2000	1	8	3
	165	99	230.531162	48.210466	3.212614e-01	2000	1	8	4
	166	99	231.480501	48.300954	3.291888e-01	2000	1	8	5
	165	99	232.442204	48.360238	3.353457e-01	2000	1	8	6
	167	99	233.418313	48.403998	3.458929e-01	2000	1	8	7
	167	97	234.391942	48.379071	3.543458e-01	2000	1	8	8
	168	96	235.288558	48.433418	3.614507e-01	2000	1	8	9
	165	92	236.226388	48.403089	3.668351e-01	2000	1	8	10
	169	96	237.138657	48.446966	3.711705e-01	2000	1	8	11
	169	96	238.061547	48.438804	3.795791e-01	2000	1	8	12
	170	95	239.011953	48.425114	3.940783e-01	2000	1	8	13
	172	97	239.937536	48.460143	4.033012e-01	2000	1	8	14
	173	96	240.935213	48.485073	4.158726e-01	2000	1	8	15
	173	96	241.902199	48.525549	4.232049e-01	2000	1	8	16
	174	97	242.893095	48.570087	4.365983e-01	2000	1	8	17
	175	98	243.920596	48.561892	4.452310e-01	2000	1	8	18
	175	97	244.920586	48.583050	4.557848e-01	2000	1	8	19
	170	91	245.936038	48.546035	4.658947e-01	2000	1	8	20
	171	92	246.936592	48.551919	4.730253e-01	2000	1	8	21
	176	96	247.954243	48.536235	4.857864e-01	2000	1	8	22
	179	98	248.958035	48.537685	4.884982e-01	2000	1	8	23
	178	96	249.960966	48.497412	4.977293e-01	2000	1	9	0
	182	99	250.996137	48.491525	5.085225e-01	2000	1	9	1
	180	97	252.022061	48.522301	5.144138e-01	2000	1	9	2
	182	98	253.093372	48.500999	5.178137e-01	2000	1	9	3
	184	99	254.185283	48.501913	5.299077e-01	2000	1	9	4
	182	97	255.322059	48.531129	5.309777e-01	2000	1	9	5
	185	99	256.466932	48.514618	5.506916e-01	2000	1	9	6
	185	99	257.629547	48.505087	5.456324e-01	2000	1	9	7
	186	99	258.749897	48.490619	5.474305e-01	2000	1	9	8
	186	98	259.893465	48.453618	5.499649e-01	2000	1	9	9
	186	98	261.057112	48.436156	5.485859e-01	2000	1	9	10
	187	98	262.166351	48.411441	5.504541e-01	2000	1	9	11
	187	97	263.324453	48.445240	5.550494e-01	2000	1	9	12
	188	98	264.464561	48.402949	5.476828e-01	2000	1	9	13
	179	89	265.662265	48.430959	5.478873e-01	2000	1	9	14
	188	96	266.864896	48.435006	5.464745e-01	2000	1	9	15
	190	97	268.129658	48.476514	5.336041e-01	2000	1	9	16
	188	95	269.387402	48.453070	5.300369e-01	2000	1	9	17
	185	92	270.652259	48.447009	5.285172e-01	2000	1	9	18
	184	90	271.964881	48.474007	5.521207e-01	2000	1	9	19
	200	100	273.286244	48.495074	5.732131e-01	2000	1	9	20
	184	89	274.616653	48.506578	5.967250e-01	2000	1	9	21
	185	89	275.962295	48.541685	6.226249e-01	2000	1	9	22
	185	89	277.400522	48.605711	6.303101e-01	2000	1	9	23
	186	89	278.819813	48.670268	6.554294e-01	2000	1	10	0
	188	89	280.339142	48.740009	6.587796e-01	2000	1	10	1
	204	100	281.903263	48.834089	6.695728e-01	2000	1	10	2
	188	89	283.527992	48.934411	6.729527e-01	2000	1	10	3
	206	100	285.239305	49.037721	6.717224e-01	2000	1	10	4
	190	89	287.005571	49.158017	6.580944e-01	2000	1	10	5
	208	100	288.808394	49.253976	6.473093e-01	2000	1	10	6
	208	100	290.653103	49.398688	6.290407e-01	2000	1	10	7
	208	99	292.548403	49.552365	6.104107e-01	2000	1	10	8
	209	99	294.434135	49.683732	5.700221e-01	2000	1	10	9
	198	91	296.315432	49.807922	5.697494e-01	2000	1	10	10
	195	89	298.234409	49.962584	6.118736e-01	2000	1	10	11
	196	89	300.151314	50.125524	6.425552e-01	2000	1	10	12
	197	89	302.018327	50.151377	6.738586e-01	2000	1	10	13
	197	89	303.886565	50.251019	7.066636e-01	2000	1	10	14
	201	90	305.743356	50.284271	7.156286e-01	2000	1	10	15
	204	91	307.597166	50.306235	7.343130e-01	2000	1	10	16
	201	89	309.380654	50.309744	7.467666e-01	2000	1	10	17
	205	90	311.177728	50.297367	7.415404e-01	2000	1	10	18
	203	89	312.954136	50.286623	7.374735e-01	2000	1	10	19
	204	89	314.676942	50.273394	7.247214e-01	2000	1	10	20
	206	89	316.351978	50.203666	7.102942e-01	2000	1	10	21
	207	89	317.981945	50.129578	6.921883e-01	2000	1	10	22
	227	99	319.643624	50.027158	6.712866e-01	2000	1	10	23
	226	98	321.231409	49.892995	6.669283e-01	2000	1	11	0
	228	98	322.785179	49.777213	6.665311e-01	2000	1	11	1
	227	97	324.317249	49.641119	6.651082e-01	2000	1	11	2
	228	97	325.839914	49.532811	6.644011e-01	2000	1	11	3
	230	97	327.258881	49.408796	6.727815e-01	2000	1	11	4
	231	97	328.593138	49.305750	6.721778e-01	2000	1	11	5
	232	97	329.730891	49.135508	6.867313e-01	2000	1	11	6
	233	97	330.662178	48.845031	6.901817e-01	2000	1	11	7
	219	91	331.345381	48.496744	6.873751e-01	2000	1	11	8
	233	96	331.897117	48.061397	6.837797e-01	2000	1	11	9
	220	91	332.226310	47.530623	6.626716e-01	2000	1	11	10
	220	90	332.420741	46.918108	6.555476e-01	2000	1	11	11
	234	95	332.559752	46.285957	6.467280e-01	2000	1	11	12
	221	90	332.669116	45.640660	6.429300e-01	2000	1	11	13
	220	89	332.910877	45.056833	6.412258e-01	2000	1	11	14
	221	89	332.520153	43.564349	6.266060e-01	2000	1	11	15
	221	89	333.228240	43.277484	6.250081e-01	2000	1	11	16
	222	89	333.972775	43.014135	6.229506e-01	2000	1	11	17
	223	89	334.630930	42.737229	6.228189e-01	2000	1	11	18
	231	91	335.340417	42.480117	6.172276e-01	2000	1	11	19
	232	91	335.996130	42.221629	6.138573e-01	2000	1	11	20
	232	91	336.582832	41.955917	6.084261e-01	2000	1	11	21
	233	91	337.172806	41.702271	5.991869e-01	2000	1	11	22
	232	90	337.700048	41.427987	6.003447e-01	2000	1	11	23
	232	90	338.201399	41.148524	5.951762e-01	2000	1	12	0
	233	90	338.688903	40.871224	5.905352e-01	2000	1	12	1
	233	90	339.155306	40.579878	5.855384e-01	2000	1	12	2
	234	90	339.591522	40.293313	5.769596e-01	2000	1	12	3
	235	90	340.000089	40.013078	5.673923e-01	2000	1	12	4
	233	89	340.371771	39.717853	5.382600e-01	2000	1	12	5
	234	89	340.671868	39.434388	5.206475e-01	2000	1	12	6
	234	89	340.934563	39.146150	5.203505e-01	2000	1	12	7
	234	89	341.106276	38.845235	5.177150e-01	2000	1	12	8
	234	89	341.257655	38.570794	5.113134e-01	2000	1	12	9
	235	89	341.254192	38.266785	5.163937e-01	2000	1	12	10
	254	93	341.190048	37.968659	5.119238e-01	2000	1	12	11
	249	91	341.155458	37.676971	4.826307e-01	2000	1	12	12
	250	91	341.066253	37.414189	4.827623e-01	2000	1	12	13
	248	90	340.891980	37.152072	4.564233e-01	2000	1	12	14
	248	90	340.767145	36.923153	4.423766e-01	2000	1	12	15
	249	90	340.589353	36.693575	4.247980e-01	2000	1	12	16
	248	89	340.477330	36.517286	4.137440e-01	2000	1	12	17
	247	89	340.118145	36.339266	3.914762e-01	2000	1	12	18
	248	89	339.874886	36.220320	3.633356e-01	2000	1	12	19
	248	89	339.234491	36.091626	3.451724e-01	2000	1	12	20
start	128	2000	1	8	11
	0	97	4.840308	51.354846	3.784118e-01	2000	1	8	11
	0	96	5.236931	51.236853	3.852572e-01	2000	1	8	12
	1	96	5.638371	51.135520	3.941822e-01	2000	1	8	13
	0	95	6.062780	50.979361	4.072847e-01	2000	1	8	14
	2	97	6.526374	50.896240	4.153948e-01	2000	1	8	15
	2	96	7.005670	50.772324	4.226861e-01	2000	1	8	16
	3	97	7.507320	50.643684	4.349241e-01	2000	1	8	17
	5	97	8.021859	50.537795	4.481058e-01	2000	1	8	18
	5	97	8.575506	50.400168	4.575195e-01	2000	1	8	19
	7	98	9.171029	50.236985	4.669123e-01	2000	1	8	20
	7	98	9.756223	50.106744	4.746423e-01	2000	1	8	21
	8	98	10.384147	49.946840	4.875369e-01	2000	1	8	22
	7	97	11.053956	49.776223	4.893589e-01	2000	1	8	23
	11	99	11.748193	49.610139	4.956703e-01	2000	1	9	0
	12	100	12.531299	49.462198	5.042033e-01	2000	1	9	1
	12	99	13.341717	49.323423	5.129948e-01	2000	1	9	2
	12	99	14.212182	49.189100	5.212302e-01	2000	1	9	3
	12	98	15.119008	49.075196	5.283251e-01	2000	1	9	4
	13	99	16.069731	48.963155	5.340877e-01	2000	1	9	5
	14	99	17.057568	48.860185	5.443273e-01	2000	1	9	6
	15	99	18.086839	48.753481	5.395031e-01	2000	1	9	7
	15	98	19.116339	48.663230	5.472345e-01	2000	1	9	8
	16	99	20.178583	48.582795	5.491796e-01	2000	1	9	9
	17	99	21.215204	48.544801	5.492263e-01	2000	1	9	10
	16	98	22.302764	48.491027	5.570159e-01	2000	1	9	11
	17	98	23.411470	48.441854	5.556030e-01	2000	1	9	12
	18	98	24.502510	48.437837	5.560050e-01	2000	1	9	13
	18	97	25.684886	48.443344	5.446525e-01	2000	1	9	14
	20	98	26.890013	48.467854	5.408044e-01	2000	1	9	15
	18	97	28.098549	48.447446	5.359130e-01	2000	1	9	16
	18	95	29.387228	48.482366	5.285406e-01	2000	1	9	17
	26	99	30.674920	48.478060	5.295935e-01	2000	1	9	18
	11	89	31.978084	48.491514	5.468798e-01	2000	1	9	19
	12	89	33.296117	48.502994	5.740824e-01	2000	1	9	20
	13	89	34.596422	48.519593	6.040406e-01	2000	1	9	21
	15	89	35.988013	48.556749	6.189017e-01	2000	1	9	22
	15	89	37.387715	48.580671	6.361866e-01	2000	1	9	23
	16	89	38.832246	48.672808	6.501050e-01	2000	1	10	0
	16	89	40.347822	48.747087	6.620483e-01	2000	1	10	1
	21	91	41.895552	48.845540	6.608796e-01	2000	1	10	2
	34	100	43.558454	48.946363	6.698232e-01	2000	1	10	3
	19	89	45.234939	49.041409	6.735449e-01	2000	1	10	4
	36	100	47.013647	49.149095	6.605492e-01	2000	1	10	5
	35	99	48.797551	49.269241	6.381640e-01	2000	1	10	6
	36	99	50.657177	49.407153	6.293750e-01	2000	1	10	7
	38	99	52.567580	49.560230	6.021652e-01	2000	1	10	8
	23	89	54.458792	49.704659	5.761681e-01	2000	1	10	9
	49	102	56.369085	49.857736	5.772967e-01	2000	1	10	10
	49	101	58.265609	49.976189	6.143274e-01	2000	1	10	11
	37	96	60.148878	50.092395	6.435213e-01	2000	1	10	12
	26	89	62.009114	50.152955	6.857834e-01	2000	1	10	13
	27	89	63.855566	50.227073	7.105255e-01	2000	1	10	14
	51	100	65.754714	50.282585	7.218909e-01	2000	1	10	15
	31	90	67.563401	50.275929	7.413621e-01	2000	1	10	16
	33	90	69.404891	50.305546	7.436109e-01	2000	1	10	17
	34	90	71.197809	50.310354	7.412457e-01	2000	1	10	18
	35	90	72.934789	50.288159	7.386241e-01	2000	1	10	19
	55	100	74.662877	50.282150	7.268062e-01	2000	1	10	20
	38	90	76.378889	50.226938	7.038922e-01	2000	1	10	21
	55	99	78.008482	50.133050	6.870766e-01	2000	1	10	22
	37	89	79.641012	50.017794	6.798625e-01	2000	1	10	23
	56	98	81.224566	49.898850	6.647463e-01	2000	1	11	0
	57	98	82.789994	49.770699	6.656656e-01	2000	1	11	1
	59	98	84.353830	49.659250	6.593518e-01	2000	1	11	2
	58	97	85.836896	49.526760	6.673422e-01	2000	1	11	3
	59	97	87.318115	49.436738	6.785264e-01	2000	1	11	4
	60	97	88.795162	49.366459	6.773777e-01	2000	1	11	5
	62	97	90.201765	49.278174	6.840353e-01	2000	1	11	6
	49	92	91.692602	49.223500	6.854801e-01	2000	1	11	7
	61	96	93.143243	49.123408	6.812930e-01	2000	1	11	8
	63	96	94.602334	49.014176	6.797647e-01	2000	1	11	9
	61	95	96.200256	48.952419	6.671867e-01	2000	1	11	10
	49	90	97.762268	48.856450	6.615243e-01	2000	1	11	11
	64	95	99.435888	48.789902	6.463895e-01	2000	1	11	12
	50	90	101.073936	48.732624	6.369019e-01	2000	1	11	13
	49	89	102.728975	48.685020	6.410465e-01	2000	1	11	14
	50	89	104.388868	48.638790	6.269107e-01	2000	1	11	15
	50	89	106.001773	48.600700	6.541443e-01	2000	1	11	16
	51	89	107.697203	48.580397	7.180662e-01	2000	1	11	17
	52	89	109.407318	48.601185	7.110758e-01	2000	1	11	18
	53	89	111.197154	48.616908	7.266312e-01	2000	1	11	19
	61	91	112.980316	48.643738	6.764145e-01	2000	1	11	20
	61	91	114.891271	48.701507	6.379557e-01	2000	1	11	21
	62	91	116.764832	48.725689	6.045332e-01	2000	1	11	22
	63	91	118.681129	48.789794	5.950418e-01	2000	1	11	23
	61	90	120.609506	48.838092	5.940399e-01	2000	1	12	0
	62	90	122.590659	48.899861	5.878549e-01	2000	1	12	1
	63	90	124.538618	48.971699	5.983353e-01	2000	1	12	2
	63	90	126.499380	49.029280	6.498361e-01	2000	1	12	3
	63	90	128.493782	49.077821	6.644979e-01	2000	1	12	4
	64	90	130.467925	49.157273	6.929698e-01	2000	1	12	5
	63	89	132.524826	49.259840	6.873913e-01	2000	1	12	6
	64	89	134.651300	49.345457	6.832180e-01	2000	1	12	7
	64	89	136.748782	49.437755	7.285366e-01	2000	1	12	8
	64	89	138.943238	49.569353	7.079887e-01	2000	1	12	9
	64	89	141.151276	49.699446	7.290001e-01	2000	1	12	10
	79	90	131.803396	50.196812	7.816000e-01	2000	1	12	17
	77	89	133.666800	50.254071	7.815251e-01	2000	1	12	18
	78	89	135.609891	50.305136	7.900057e-01	2000	1	12	19
	79	89	137.611511	50.316350	8.026085e-01	2000	1	12	20
	78	89	139.607320	50.306099	7.932243e-01	2000	1	12	21
	98	94	143.116802	50.855359	8.095188e-01	2000	1	12	22
	103	95	144.835751	50.698891	7.922893e-01	2000	1	12	23
	103	95	146.483182	50.549205	7.634878e-01	2000	1	13	0
	105	95	148.097651	50.396764	7.772937e-01	2000	1	13	1
	104	94	149.717055	50.012600	7.661543e-01	2000	1	13	2
	104	94	151.217257	49.898024	7.765870e-01	2000	1	13	3
	105	94	152.597507	49.803863	7.872515e-01	2000	1	13	4
	105	94	153.985722	49.692669	7.770081e-01	2000	1	13	5
	107	94	155.353936	49.564026	7.798276e-01	2000	1	13	6
	98	91	156.732410	49.416928	7.764492e-01	2000	1	13	7
	99	91	158.058181	49.249414	7.820601e-01	2000	1	13	8
	100	91	159.448677	49.064277	7.865939e-01	2000	1	13	9
	100	91	160.874785	48.905977	7.898660e-01	2000	1	13	10
	102	91	162.254144	48.737688	7.933736e-01	2000	1	13	11
	99	90	163.655032	48.650271	8.042855e-01	2000	1	13	12
	100	90	165.083166	48.567632	8.000040e-01	2000	1	13	13
	101	90	166.502370	48.491994	8.029141e-01	2000	1	13	14
	112	93	167.931740	48.472708	7.859864e-01	2000	1	13	15
	99	89	169.375517	48.471159	7.866549e-01	2000	1	13	16
	100	89	170.841435	48.440304	7.904630e-01	2000	1	13	17
	101	89	172.300022	48.387761	7.774215e-01	2000	1	13	18
	102	89	173.770283	48.344574	7.684226e-01	2000	1	13	19
	103	89	175.262852	48.290350	7.924776e-01	2000	1	13	20
	114	92	176.808271	48.251009	7.992425e-01	2000	1	13	21
	115	92	178.337841	48.238692	7.816405e-01	2000	1	13	22
	115	92	179.971133	48.274606	7.713704e-01	2000	1	13	23
	114	91	181.671001	48.310886	7.838521e-01	2000	1	14	0
start	86	2000	1	10	3
	0	108	3.207571	58.001623	3.876805e-01	2000	1	10	3
	2	109	5.050792	57.175888	4.674859e-01	2000	1	10	6
	4	102	5.718354	56.845672	4.852881e-01	2000	1	10	7
	4	102	6.445029	56.594443	5.080914e-01	2000	1	10	8
	6	102	7.169151	56.305324	5.416350e-01	2000	1	10	9
	6	102	7.957337	56.020485	5.717716e-01	2000	1	10	10
	6	101	8.788158	55.701681	6.060648e-01	2000	1	10	11
	7	101	9.698133	55.413153	6.396933e-01	2000	1	10	12
	8	101	10.689166	55.017526	6.864562e-01	2000	1	10	13
	9	101	11.788762	54.621044	7.003989e-01	2000	1	10	14
	10	101	12.951946	54.190167	7.238631e-01	2000	1	10	15
	9	100	14.106538	53.791555	7.395325e-01	2000	1	10	16
	11	101	15.244571	53.401598	7.411809e-01	2000	1	10	17
	11	100	16.435155	53.014942	7.513318e-01	2000	1	10	18
	11	100	17.586268	52.663304	7.432733e-01	2000	1	10	19
	12	100	18.737340	52.309072	7.240567e-01	2000	1	10	20
	12	99	19.902738	51.967700	7.065749e-01	2000	1	10	21
	13	99	21.084817	51.608331	6.894207e-01	2000	1	10	22
	12	98	22.312753	51.267903	6.744123e-01	2000	1	10	23
	13	98	23.547794	50.949438	6.717916e-01	2000	1	11	0
	12	97	24.781746	50.665941	6.698632e-01	2000	1	11	1
	14	97	26.015055	50.364831	6.594019e-01	2000	1	11	2
	15	97	27.213772	50.110027	6.641850e-01	2000	1	11	3
	16	97	28.461715	49.897720	6.723185e-01	2000	1	11	4
	0	89	29.688046	49.711836	6.751685e-01	2000	1	11	5
	19	97	30.956110	49.567664	6.840758e-01	2000	1	11	6
	18	96	32.224261	49.419202	6.855121e-01	2000	1	11	7
	7	92	33.557926	49.275023	6.756859e-01	2000	1	11	8
	7	91	34.949246	49.157389	6.783619e-01	2000	1	11	9
	7	91	36.375472	49.012180	6.676750e-01	2000	1	11	10
	7	90	37.899230	48.886859	6.573420e-01	2000	1	11	11
	7	90	39.457516	48.798263	6.393542e-01	2000	1	11	12
	8	90	41.140916	48.751986	6.402621e-01	2000	1	11	13
	7	89	42.736009	48.680305	6.347051e-01	2000	1	11	14
	7	89	44.381107	48.628763	6.295896e-01	2000	1	11	15
	8	89	46.044157	48.626677	6.588364e-01	2000	1	11	16
	8	89	47.645417	48.581947	6.934166e-01	2000	1	11	17
	18	92	49.420165	48.606013	6.909032e-01	2000	1	11	18
	17	91	51.181759	48.611026	7.061419e-01	2000	1	11	19
	18	91	53.041114	48.650308	6.616082e-01	2000	1	11	20
	19	91	54.919798	48.693060	6.541138e-01	2000	1	11	21
	19	91	56.777871	48.749240	6.057749e-01	2000	1	11	22
	20	91	58.680810	48.801737	6.022911e-01	2000	1	11	23
	19	90	60.686589	48.871059	5.935621e-01	2000	1	12	0
	20	90	62.562348	48.912421	5.920568e-01	2000	1	12	1
	20	90	64.548072	48.985546	5.975819e-01	2000	1	12	2
	19	89	66.529476	49.031371	6.332955e-01	2000	1	12	3
	21	90	68.464294	49.068255	6.673064e-01	2000	1	12	4
	20	89	70.459747	49.166581	6.788025e-01	2000	1	12	5
	20	89	72.485652	49.238785	6.759286e-01	2000	1	12	6
	22	89	74.625424	49.337046	7.042103e-01	2000	1	12	7
	21	89	76.772094	49.445242	6.999726e-01	2000	1	12	8
	22	89	78.948080	49.577408	7.177997e-01	2000	1	12	9
	36	90	69.806297	50.160244	7.899494e-01	2000	1	12	16
	34	89	71.737536	50.223173	7.852297e-01	2000	1	12	17
	35	89	73.680967	50.260142	7.772055e-01	2000	1	12	18
	35	89	75.601351	50.301829	7.854271e-01	2000	1	12	19
	36	89	77.669398	50.321265	7.954669e-01	2000	1	12	20
	36	89	79.623239	50.336375	8.031344e-01	2000	1	12	21
	36	89	81.583806	50.288966	8.045001e-01	2000	1	12	22
	61	95	84.899641	50.679680	7.874365e-01	2000	1	12	23
	61	95	86.482080	50.561230	7.923303e-01	2000	1	13	0
	62	95	88.147303	50.151504	7.780156e-01	2000	1	13	1
	61	94	89.697034	50.020229	7.712235e-01	2000	1	13	2
	62	94	91.170123	49.889590	7.821827e-01	2000	1	13	3
	62	94	92.596792	49.798428	7.766318e-01	2000	1	13	4
	64	94	93.987981	49.678009	7.892089e-01	2000	1	13	5
	64	94	95.377394	49.544911	7.917891e-01	2000	1	13	6
	56	91	96.725079	49.407717	7.791557e-01	2000	1	13	7
	57	91	98.102209	49.252288	7.839885e-01	2000	1	13	8
	57	91	99.454040	49.066142	7.972851e-01	2000	1	13	9
	69	94	100.872699	48.895988	7.859907e-01	2000	1	13	10
	69	94	102.239669	48.737885	7.955732e-01	2000	1	13	11
	57	90	103.655730	48.627011	8.036537e-01	2000	1	13	12
	57	90	105.074641	48.538901	7.957301e-01	2000	1	13	13
	58	90	106.489496	48.507643	7.964878e-01	2000	1	13	14
	70	93	107.935074	48.498879	7.905831e-01	2000	1	13	15
	67	92	109.392108	48.474037	7.850742e-01	2000	1	13	16
	68	92	110.823431	48.426489	7.904801e-01	2000	1	13	17
	69	92	112.295991	48.396757	7.765741e-01	2000	1	13	18
	70	92	113.772848	48.326505	7.897186e-01	2000	1	13	19
	71	92	115.275879	48.289570	7.781663e-01	2000	1	13	20
	71	92	116.763741	48.249507	7.916684e-01	2000	1	13	21
	71	92	118.362461	48.232183	7.848458e-01	2000	1	13	22
	71	91	119.955635	48.245214	7.835374e-01	2000	1	13	23
	72	91	121.692512	48.343574	7.796788e-01	2000	1	14	0
