start	69	2000	1	9	4
	0	0	0.539101	57.293700	1.432695e-01	2000	1	9	4
	0	0	1.337671	56.913443	2.597189e-01	2000	1	9	6
	0	0	1.693217	56.693797	2.933307e-01	2000	1	9	7
	0	0	2.078243	56.234267	3.542280e-01	2000	1	9	8
	0	0	3.301977	55.433349	5.190945e-01	2000	1	9	11
	0	0	3.742804	55.188756	5.657353e-01	2000	1	9	12
	0	0	4.265678	54.959172	5.779800e-01	2000	1	9	13
	0	0	4.798906	54.755127	5.931115e-01	2000	1	9	14
	0	0	5.407394	54.497369	5.900497e-01	2000	1	9	15
	0	0	6.028414	54.239012	5.839972e-01	2000	1	9	16
	0	0	6.750682	53.925953	5.767636e-01	2000	1	9	17
	0	0	7.570123	53.589641	5.815539e-01	2000	1	9	18
	0	0	8.448656	53.248951	5.686178e-01	2000	1	9	19
	0	0	9.389271	52.876367	5.562072e-01	2000	1	9	20
	0	0	10.392074	52.496998	5.491486e-01	2000	1	9	21
	0	0	11.428209	52.130684	5.526686e-01	2000	1	9	22
	0	0	12.550168	51.846181	5.435905e-01	2000	1	9	23
	0	0	13.697216	51.595476	5.429673e-01	2000	1	10	0
	0	0	14.812043	51.325976	5.397482e-01	2000	1	10	1
	0	0	16.016367	51.136362	5.393519e-01	2000	1	10	2
	0	0	17.240822	50.925327	5.711951e-01	2000	1	10	3
	0	0	18.598823	50.771787	5.742540e-01	2000	1	10	4
	0	0	19.958634	50.628580	5.746794e-01	2000	1	10	5
	0	0	21.396391	50.523874	5.811319e-01	2000	1	10	6
	0	0	22.890837	50.443258	5.907822e-01	2000	1	10	7
	0	0	24.480364	50.373018	5.847859e-01	2000	1	10	8
	0	0	26.076786	50.368867	5.838909e-01	2000	1	10	9
	0	0	27.768587	50.366883	5.702243e-01	2000	1	10	10
	0	0	29.484944	50.364989	5.746741e-01	2000	1	10	11
	0	0	31.203209	50.401075	5.622234e-01	2000	1	10	12
	0	0	32.957510	50.357487	5.761852e-01	2000	1	10	13
	0	0	34.739426	50.380399	6.031327e-01	2000	1	10	14
	0	0	36.529054	50.364737	6.098809e-01	2000	1	10	15
	0	0	38.346408	50.350512	6.356091e-01	2000	1	10	16
	0	0	40.167337	50.337926	6.401510e-01	2000	1	10	17
	0	0	41.974995	50.293898	6.517987e-01	2000	1	10	18
	0	0	43.791583	50.294857	6.472917e-01	2000	1	10	19
	0	0	45.569949	50.278766	6.449566e-01	2000	1	10	20
	0	0	47.253310	50.210662	6.503129e-01	2000	1	10	21
	0	0	48.908108	50.125221	6.509147e-01	2000	1	10	22
	0	0	50.483896	50.030901	6.458430e-01	2000	1	10	23
	0	0	51.983159	49.888882	6.453085e-01	2000	1	11	0
	0	0	53.435358	49.769064	6.399918e-01	2000	1	11	1
	0	0	54.880507	49.640438	6.148272e-01	2000	1	11	2
	0	0	56.356694	49.529077	6.121807e-01	2000	1	11	3
	0	0	57.860131	49.438828	6.199188e-01	2000	1	11	4
	0	0	59.424235	49.354444	6.422029e-01	2000	1	11	5
	0	0	60.979241	49.294505	6.522965e-01	2000	1	11	6
	0	0	62.548649	49.206985	6.705103e-01	2000	1	11	7
	0	0	64.071506	49.124765	6.670303e-01	2000	1	11	8
	0	0	65.613331	49.040892	6.791148e-01	2000	1	11	9
	0	0	67.114366	48.958771	6.832242e-01	2000	1	11	10
	0	0	68.586596	48.861479	6.906209e-01	2000	1	11	11
	0	0	70.075471	48.787214	6.855769e-01	2000	1	11	12
	0	0	71.580295	48.738162	6.796207e-01	2000	1	11	13
	0	0	73.050638	48.678067	6.819730e-01	2000	1	11	14
	0	0	74.613261	48.629942	6.712942e-01	2000	1	11	15
	0	0	76.182247	48.597984	6.587629e-01	2000	1	11	16
	0	0	77.852399	48.591784	6.397929e-01	2000	1	11	17
	0	0	79.562748	48.595971	6.306348e-01	2000	1	11	18
	0	0	81.325672	48.601312	6.171217e-01	2000	1	11	19
	0	0	83.086470	48.644015	6.092215e-01	2000	1	11	20
	0	0	84.887640	48.714216	6.131201e-01	2000	1	11	21
	0	0	86.666496	48.745220	6.197410e-01	2000	1	11	22
	0	0	88.513457	48.804074	6.127763e-01	2000	1	11	23
	0	0	90.373591	48.855936	6.151953e-01	2000	1	12	0
	0	0	92.334934	48.916264	6.162491e-01	2000	1	12	1
	0	0	94.359450	48.969722	6.141281e-01	2000	1	12	2
	0	0	96.491691	49.028730	6.086407e-01	2000	1	12	3
start	72	2000	1	9	4
	0	0	43.708658	48.523626	5.799470e-01	2000	1	9	4
	0	0	44.792216	48.517228	5.937438e-01	2000	1	9	5
	0	0	45.862628	48.528269	5.918827e-01	2000	1	9	6
	0	0	46.930704	48.499450	6.016216e-01	2000	1	9	7
	0	0	48.026879	48.461592	5.934296e-01	2000	1	9	8
	0	0	49.113426	48.469277	6.121063e-01	2000	1	9	9
	0	0	50.222526	48.436041	6.078868e-01	2000	1	9	10
	0	0	51.323999	48.444008	5.834842e-01	2000	1	9	11
	0	0	52.440349	48.427634	5.935535e-01	2000	1	9	12
	0	0	53.602270	48.441711	5.979328e-01	2000	1	9	13
	0	0	54.821652	48.444452	5.822163e-01	2000	1	9	14
	0	0	56.042699	48.444855	5.928226e-01	2000	1	9	15
	0	0	57.304607	48.454191	5.871034e-01	2000	1	9	16
	0	0	58.620320	48.493213	5.806594e-01	2000	1	9	17
	0	0	59.944762	48.476352	5.635533e-01	2000	1	9	18
	0	0	61.274406	48.472087	5.514536e-01	2000	1	9	19
	0	0	62.678153	48.487310	5.599203e-01	2000	1	9	20
	0	0	64.102824	48.519967	5.536327e-01	2000	1	9	21
	0	0	65.545160	48.550889	5.541563e-01	2000	1	9	22
	0	0	67.005482	48.606415	5.429411e-01	2000	1	9	23
	0	0	68.555508	48.658788	5.401154e-01	2000	1	10	0
	0	0	70.135639	48.752181	5.479031e-01	2000	1	10	1
	0	0	71.756459	48.836140	5.432658e-01	2000	1	10	2
	0	0	73.463430	48.948669	5.640740e-01	2000	1	10	3
	0	0	75.180972	49.012608	5.597954e-01	2000	1	10	4
	0	0	76.966079	49.157670	5.732861e-01	2000	1	10	5
	0	0	78.827241	49.285214	5.848546e-01	2000	1	10	6
	0	0	80.669302	49.400077	5.902901e-01	2000	1	10	7
	0	0	82.607482	49.557374	5.790310e-01	2000	1	10	8
	0	0	84.568795	49.696353	5.881968e-01	2000	1	10	9
	0	0	86.546147	49.862559	5.747180e-01	2000	1	10	10
	0	0	88.508189	49.975509	5.728159e-01	2000	1	10	11
	0	0	90.506564	50.111086	5.745721e-01	2000	1	10	12
	0	0	92.467663	50.158497	5.699034e-01	2000	1	10	13
	0	0	94.385521	50.226063	5.965304e-01	2000	1	10	14
	0	0	96.316189	50.280308	6.120381e-01	2000	1	10	15
	0	0	98.220331	50.296672	6.319518e-01	2000	1	10	16
	0	0	100.115203	50.311678	6.362147e-01	2000	1	10	17
	0	0	101.922640	50.291420	6.408668e-01	2000	1	10	18
	0	0	103.792976	50.296807	6.479340e-01	2000	1	10	19
	0	0	105.556224	50.273188	6.462989e-01	2000	1	10	20
	0	0	107.272548	50.223656	6.430163e-01	2000	1	10	21
	0	0	108.879850	50.124231	6.533828e-01	2000	1	10	22
	0	0	110.454252	50.019404	6.492162e-01	2000	1	10	23
	0	0	111.979966	49.890440	6.384273e-01	2000	1	11	0
	0	0	113.434709	49.777068	6.332765e-01	2000	1	11	1
	0	0	114.899014	49.650434	6.137352e-01	2000	1	11	2
	0	0	116.369031	49.530069	6.137342e-01	2000	1	11	3
	0	0	117.882726	49.431505	6.303158e-01	2000	1	11	4
	0	0	119.443148	49.376400	6.529818e-01	2000	1	11	5
	0	0	121.001813	49.301050	6.525898e-01	2000	1	11	6
	0	0	122.563678	49.212152	6.612315e-01	2000	1	11	7
	0	0	124.098505	49.125703	6.751571e-01	2000	1	11	8
	0	0	125.603973	49.027869	6.651444e-01	2000	1	11	9
	0	0	127.093933	48.941008	6.780562e-01	2000	1	11	10
	0	0	128.570971	48.846021	6.825280e-01	2000	1	11	11
	0	0	130.041015	48.785416	6.870666e-01	2000	1	11	12
	0	0	131.552972	48.734128	6.818194e-01	2000	1	11	13
	0	0	133.076674	48.687998	6.705332e-01	2000	1	11	14
	0	0	134.599375	48.621027	6.658082e-01	2000	1	11	15
	0	0	136.186581	48.610848	6.636410e-01	2000	1	11	16
	0	0	137.859788	48.584447	6.433554e-01	2000	1	11	17
	0	0	139.592632	48.604082	6.440897e-01	2000	1	11	18
	0	0	141.324501	48.601555	6.101122e-01	2000	1	11	19
	0	0	143.064988	48.627993	6.013927e-01	2000	1	11	20
	0	0	144.859412	48.693026	6.189499e-01	2000	1	11	21
	0	0	146.655950	48.749720	6.074233e-01	2000	1	11	22
	0	0	148.517985	48.804740	6.001019e-01	2000	1	11	23
	0	0	150.380330	48.848346	6.177211e-01	2000	1	12	0
	0	0	152.332852	48.903868	6.024737e-01	2000	1	12	1
	0	0	154.372154	48.984687	5.997958e-01	2000	1	12	2
	0	0	156.465889	49.041734	6.028690e-01	2000	1	12	3
start	72	2000	1	9	4
	0	0	103.696694	48.496830	5.844288e-01	2000	1	9	4
	0	0	104.775591	48.514779	5.999222e-01	2000	1	9	5
	0	0	105.871725	48.518290	5.966072e-01	2000	1	9	6
	0	0	106.936147	48.489178	6.079230e-01	2000	1	9	7
	0	0	108.025912	48.476081	6.086760e-01	2000	1	9	8
	0	0	109.120699	48.461237	6.076989e-01	2000	1	9	9
	0	0	110.206753	48.435428	6.045074e-01	2000	1	9	10
	0	0	111.303628	48.426048	5.957355e-01	2000	1	9	11
	0	0	112.454858	48.423683	5.884466e-01	2000	1	9	12
	0	0	113.589168	48.392992	6.020246e-01	2000	1	9	13
	0	0	114.765475	48.411840	5.876946e-01	2000	1	9	14
	0	0	116.038531	48.458375	5.818443e-01	2000	1	9	15
	0	0	117.298321	48.451650	5.708981e-01	2000	1	9	16
	0	0	118.589177	48.477181	5.761514e-01	2000	1	9	17
	0	0	119.922274	48.463709	5.751343e-01	2000	1	9	18
	0	0	121.305830	48.496759	5.545678e-01	2000	1	9	19
	0	0	122.677102	48.515321	5.578041e-01	2000	1	9	20
	0	0	124.072636	48.513459	5.563102e-01	2000	1	9	21
	0	0	125.546981	48.564168	5.491409e-01	2000	1	9	22
	0	0	127.023828	48.595643	5.447741e-01	2000	1	9	23
	0	0	128.579777	48.671699	5.376749e-01	2000	1	10	0
	0	0	130.111657	48.740538	5.374203e-01	2000	1	10	1
	0	0	131.756220	48.834451	5.457816e-01	2000	1	10	2
	0	0	133.414032	48.929185	5.639892e-01	2000	1	10	3
	0	0	135.171461	49.042177	5.675268e-01	2000	1	10	4
	0	0	136.959769	49.152549	5.799494e-01	2000	1	10	5
	0	0	138.758876	49.261340	5.829358e-01	2000	1	10	6
	0	0	140.693146	49.412932	5.904703e-01	2000	1	10	7
	0	0	142.634309	49.551357	5.830064e-01	2000	1	10	8
	0	0	144.572405	49.719783	5.813560e-01	2000	1	10	9
	0	0	146.508125	49.829264	5.780983e-01	2000	1	10	10
	0	0	148.519471	49.981246	5.727968e-01	2000	1	10	11
	0	0	150.504468	50.114257	5.654635e-01	2000	1	10	12
	0	0	152.440661	50.170765	5.771465e-01	2000	1	10	13
	0	0	154.388414	50.234923	6.095462e-01	2000	1	10	14
	0	0	156.309304	50.280607	6.300364e-01	2000	1	10	15
	0	0	158.211609	50.306409	6.423230e-01	2000	1	10	16
	0	0	160.133948	50.332014	6.472111e-01	2000	1	10	17
	0	0	162.003736	50.319771	6.423020e-01	2000	1	10	18
	0	0	163.775628	50.296331	6.443024e-01	2000	1	10	19
	0	0	165.511798	50.269979	6.571302e-01	2000	1	10	20
	0	0	167.254583	50.214026	6.589737e-01	2000	1	10	21
	0	0	168.913892	50.137972	6.464248e-01	2000	1	10	22
	0	0	170.459725	50.022094	6.471915e-01	2000	1	10	23
	0	0	171.956841	49.887798	6.422606e-01	2000	1	11	0
	0	0	173.464143	49.790650	6.278005e-01	2000	1	11	1
	0	0	174.902432	49.648088	6.142130e-01	2000	1	11	2
	0	0	176.362844	49.527762	6.129599e-01	2000	1	11	3
	0	0	177.843255	49.418979	6.318746e-01	2000	1	11	4
	0	0	179.432330	49.369744	6.497078e-01	2000	1	11	5
	0	0	180.995087	49.302952	6.616087e-01	2000	1	11	6
	0	0	182.570640	49.210020	6.553960e-01	2000	1	11	7
	0	0	184.103999	49.124021	6.728883e-01	2000	1	11	8
	0	0	185.616860	49.036124	6.789885e-01	2000	1	11	9
	0	0	187.099271	48.951918	6.732302e-01	2000	1	11	10
	0	0	188.581704	48.861155	6.783228e-01	2000	1	11	11
	0	0	190.062974	48.782430	6.852765e-01	2000	1	11	12
	0	0	191.527532	48.720458	6.893716e-01	2000	1	11	13
	0	0	193.065390	48.693799	6.705284e-01	2000	1	11	14
	0	0	194.583259	48.631864	6.672912e-01	2000	1	11	15
	0	0	196.222876	48.611194	6.553988e-01	2000	1	11	16
	0	0	197.839071	48.577495	6.432581e-01	2000	1	11	17
	0	0	199.619608	48.611770	6.326976e-01	2000	1	11	18
	0	0	201.315945	48.610968	6.102161e-01	2000	1	11	19
	0	0	203.093040	48.660582	6.163640e-01	2000	1	11	20
	0	0	204.854306	48.693122	6.126380e-01	2000	1	11	21
	0	0	206.630064	48.734813	6.087279e-01	2000	1	11	22
	0	0	208.491049	48.796520	6.092944e-01	2000	1	11	23
	0	0	210.418804	48.863741	6.133628e-01	2000	1	12	0
	0	0	212.352778	48.930939	6.133718e-01	2000	1	12	1
	0	0	214.351717	48.980509	6.138692e-01	2000	1	12	2
	0	0	216.456604	49.022569	5.987287e-01	2000	1	12	3
start	72	2000	1	9	4
	0	0	163.713850	48.511435	5.877919e-01	2000	1	9	4
	0	0	164.807417	48.514007	5.968866e-01	2000	1	9	5
	0	0	165.861276	48.514392	5.887933e-01	2000	1	9	6
	0	0	166.969211	48.533168	6.064787e-01	2000	1	9	7
	0	0	168.031592	48.469892	6.022358e-01	2000	1	9	8
	0	0	169.119787	48.452044	6.068692e-01	2000	1	9	9
	0	0	170.192853	48.429514	6.096129e-01	2000	1	9	10
	0	0	171.323153	48.422737	6.048970e-01	2000	1	9	11
	0	0	172.449404	48.430556	5.928435e-01	2000	1	9	12
	0	0	173.606307	48.415706	5.929213e-01	2000	1	9	13
	0	0	174.802909	48.463192	5.931115e-01	2000	1	9	14
	0	0	176.071446	48.454041	5.898771e-01	2000	1	9	15
	0	0	177.308451	48.467024	5.839972e-01	2000	1	9	16
	0	0	178.594010	48.476765	5.767636e-01	2000	1	9	17
	0	0	179.947387	48.476251	5.815539e-01	2000	1	9	18
	0	0	181.315728	48.491390	5.686178e-01	2000	1	9	19
	0	0	182.682683	48.494528	5.563836e-01	2000	1	9	20
	0	0	184.089795	48.501414	5.491486e-01	2000	1	9	21
	0	0	185.510992	48.521447	5.526686e-01	2000	1	9	22
	0	0	187.029029	48.589404	5.435905e-01	2000	1	9	23
	0	0	188.612152	48.691532	5.429673e-01	2000	1	10	0
	0	0	190.148242	48.744773	5.397482e-01	2000	1	10	1
	0	0	191.787787	48.857134	5.393519e-01	2000	1	10	2
	0	0	193.433566	48.942492	5.711951e-01	2000	1	10	3
	0	0	195.217150	49.056840	5.742540e-01	2000	1	10	4
	0	0	196.979289	49.164601	5.746794e-01	2000	1	10	5
	0	0	198.798180	49.283396	5.811319e-01	2000	1	10	6
	0	0	200.676862	49.416369	5.907822e-01	2000	1	10	7
	0	0	202.625459	49.537332	5.847859e-01	2000	1	10	8
	0	0	204.551393	49.698660	5.838909e-01	2000	1	10	9
	0	0	206.556898	49.846648	5.702243e-01	2000	1	10	10
	0	0	208.551985	49.973819	5.746741e-01	2000	1	10	11
	0	0	210.511027	50.117013	5.622234e-01	2000	1	10	12
	0	0	212.457367	50.157695	5.761852e-01	2000	1	10	13
	0	0	214.411632	50.250979	6.031327e-01	2000	1	10	14
	0	0	216.325664	50.286448	6.098809e-01	2000	1	10	15
	0	0	218.239847	50.312134	6.356091e-01	2000	1	10	16
	0	0	220.118829	50.320175	6.401510e-01	2000	1	10	17
	0	0	221.959426	50.288912	6.517987e-01	2000	1	10	18
	0	0	223.792326	50.296065	6.472917e-01	2000	1	10	19
	0	0	225.570028	50.278435	6.449566e-01	2000	1	10	20
	0	0	227.252593	50.210963	6.503129e-01	2000	1	10	21
	0	0	228.906221	50.124267	6.509147e-01	2000	1	10	22
	0	0	230.484139	50.030713	6.458430e-01	2000	1	10	23
	0	0	231.982274	49.888428	6.453085e-01	2000	1	11	0
	0	0	233.434098	49.768229	6.399918e-01	2000	1	11	1
	0	0	234.877329	49.637939	6.148272e-01	2000	1	11	2
	0	0	236.356158	49.529294	6.121807e-01	2000	1	11	3
	0	0	237.863814	49.440712	6.199188e-01	2000	1	11	4
	0	0	239.423942	49.354228	6.422029e-01	2000	1	11	5
	0	0	240.982183	49.296103	6.522965e-01	2000	1	11	6
	0	0	242.546889	49.207758	6.705103e-01	2000	1	11	7
	0	0	244.068225	49.124094	6.670303e-01	2000	1	11	8
	0	0	245.613388	49.040948	6.791148e-01	2000	1	11	9
	0	0	247.111087	48.958086	6.832242e-01	2000	1	11	10
	0	0	248.586493	48.861453	6.906209e-01	2000	1	11	11
	0	0	250.075017	48.785654	6.855769e-01	2000	1	11	12
	0	0	251.578368	48.737471	6.796207e-01	2000	1	11	13
	0	0	253.050458	48.678635	6.819730e-01	2000	1	11	14
	0	0	254.610361	48.629447	6.712942e-01	2000	1	11	15
	0	0	256.179114	48.598380	6.587629e-01	2000	1	11	16
	0	0	257.858488	48.593680	6.397929e-01	2000	1	11	17
	0	0	259.560251	48.595908	6.306348e-01	2000	1	11	18
	0	0	261.324797	48.601090	6.171217e-01	2000	1	11	19
	0	0	263.086338	48.643926	6.092215e-01	2000	1	11	20
	0	0	264.887220	48.714064	6.131201e-01	2000	1	11	21
	0	0	266.669761	48.746469	6.197410e-01	2000	1	11	22
	0	0	268.513181	48.804267	6.127763e-01	2000	1	11	23
	0	0	270.374897	48.856390	6.151953e-01	2000	1	12	0
	0	0	272.334032	48.917215	6.162491e-01	2000	1	12	1
	0	0	274.358095	48.971452	6.141281e-01	2000	1	12	2
	0	0	276.485232	49.026141	6.086407e-01	2000	1	12	3
start	72	2000	1	9	4
	0	0	223.709077	48.523309	5.799470e-01	2000	1	9	4
	0	0	224.792953	48.519420	5.937438e-01	2000	1	9	5
	0	0	225.862640	48.528978	5.918827e-01	2000	1	9	6
	0	0	226.930922	48.498849	6.016216e-01	2000	1	9	7
	0	0	228.028319	48.460088	5.934296e-01	2000	1	9	8
	0	0	229.111242	48.465603	6.121063e-01	2000	1	9	9
	0	0	230.225371	48.439483	6.078868e-01	2000	1	9	10
	0	0	231.324325	48.444460	5.834842e-01	2000	1	9	11
	0	0	232.439052	48.426441	5.935535e-01	2000	1	9	12
	0	0	233.604201	48.443843	5.979328e-01	2000	1	9	13
	0	0	234.821802	48.445060	5.822163e-01	2000	1	9	14
	0	0	236.039795	48.445147	5.928226e-01	2000	1	9	15
	0	0	237.301919	48.452674	5.871034e-01	2000	1	9	16
	0	0	238.613976	48.489233	5.806594e-01	2000	1	9	17
	0	0	239.945025	48.477602	5.635533e-01	2000	1	9	18
	0	0	241.274066	48.471851	5.480037e-01	2000	1	9	19
	0	0	242.678729	48.488208	5.599203e-01	2000	1	9	20
	0	0	244.101806	48.520078	5.536327e-01	2000	1	9	21
	0	0	245.546162	48.551086	5.541563e-01	2000	1	9	22
	0	0	247.006114	48.607877	5.429411e-01	2000	1	9	23
	0	0	248.555230	48.659149	5.401154e-01	2000	1	10	0
	0	0	250.134637	48.752179	5.479031e-01	2000	1	10	1
	0	0	251.753998	48.836694	5.432658e-01	2000	1	10	2
	0	0	253.464927	48.952567	5.640740e-01	2000	1	10	3
	0	0	255.182311	49.016586	5.597954e-01	2000	1	10	4
	0	0	256.965096	49.155814	5.732861e-01	2000	1	10	5
	0	0	258.828357	49.286055	5.848546e-01	2000	1	10	6
	0	0	260.668452	49.400502	5.902901e-01	2000	1	10	7
	0	0	262.603714	49.555723	5.790310e-01	2000	1	10	8
	0	0	264.569655	49.697427	5.881968e-01	2000	1	10	9
	0	0	266.545374	49.862118	5.747180e-01	2000	1	10	10
	0	0	268.510129	49.977870	5.728159e-01	2000	1	10	11
	0	0	270.503745	50.108791	5.745721e-01	2000	1	10	12
	0	0	272.465001	50.157035	5.699034e-01	2000	1	10	13
	0	0	274.384745	50.225291	5.965304e-01	2000	1	10	14
	0	0	276.316619	50.280472	6.120381e-01	2000	1	10	15
	0	0	278.220457	50.299575	6.319518e-01	2000	1	10	16
	0	0	280.118826	50.315198	6.362147e-01	2000	1	10	17
	0	0	281.921312	50.292727	6.408668e-01	2000	1	10	18
	0	0	283.792729	50.299036	6.479340e-01	2000	1	10	19
	0	0	285.555947	50.273765	6.462989e-01	2000	1	10	20
	0	0	287.271700	50.223296	6.430163e-01	2000	1	10	21
	0	0	288.879871	50.123867	6.533828e-01	2000	1	10	22
	0	0	290.456078	50.022014	6.492162e-01	2000	1	10	23
	0	0	291.979306	49.891021	6.384273e-01	2000	1	11	0
	0	0	293.434406	49.778096	6.332765e-01	2000	1	11	1
	0	0	294.898815	49.650665	6.137352e-01	2000	1	11	2
	0	0	296.364841	49.526309	6.137342e-01	2000	1	11	3
	0	0	297.883748	49.431614	6.303158e-01	2000	1	11	4
	0	0	299.440910	49.374506	6.529818e-01	2000	1	11	5
	0	0	301.002922	49.301045	6.525898e-01	2000	1	11	6
	0	0	302.572232	49.216621	6.612315e-01	2000	1	11	7
	0	0	304.096891	49.125165	6.751571e-01	2000	1	11	8
	0	0	305.605485	49.029192	6.651444e-01	2000	1	11	9
	0	0	307.098442	48.942902	6.780562e-01	2000	1	11	10
	0	0	308.569617	48.846345	6.825280e-01	2000	1	11	11
	0	0	310.038755	48.783654	6.870666e-01	2000	1	11	12
	0	0	311.567629	48.738490	6.818194e-01	2000	1	11	13
	0	0	313.072243	48.687594	6.705332e-01	2000	1	11	14
	0	0	314.610501	48.626380	6.622930e-01	2000	1	11	15
	0	0	316.118507	48.595219	6.636410e-01	2000	1	11	16
	0	0	317.530941	48.504762	6.433554e-01	2000	1	11	17
	0	0	318.757092	48.398726	6.440897e-01	2000	1	11	18
	0	0	319.807656	48.220013	6.101122e-01	2000	1	11	19
	0	0	320.709823	48.026284	6.013927e-01	2000	1	11	20
	0	0	321.523015	47.826415	6.189499e-01	2000	1	11	21
	0	0	322.223523	47.579068	6.074233e-01	2000	1	11	22
	0	0	322.764869	47.246805	6.001019e-01	2000	1	11	23
	0	0	323.263120	46.878339	6.177211e-01	2000	1	12	0
	0	0	323.734692	46.480218	6.024737e-01	2000	1	12	1
	0	0	324.251934	46.076758	5.997958e-01	2000	1	12	2
	0	0	324.708049	45.623808	6.028690e-01	2000	1	12	3
start	64	2000	1	9	4
	0	0	283.693584	48.493996	5.844288e-01	2000	1	9	4
	0	0	284.775601	48.514827	5.999222e-01	2000	1	9	5
	0	0	285.874184	48.520111	5.966072e-01	2000	1	9	6
	0	0	286.935920	48.488663	6.079230e-01	2000	1	9	7
	0	0	288.025820	48.475816	6.086760e-01	2000	1	9	8
	0	0	289.120873	48.460254	6.076989e-01	2000	1	9	9
	0	0	290.206840	48.435590	6.045074e-01	2000	1	9	10
	0	0	291.303946	48.426206	5.957355e-01	2000	1	9	11
	0	0	292.455401	48.423430	5.884466e-01	2000	1	9	12
	0	0	293.589163	48.391713	6.020246e-01	2000	1	9	13
	0	0	294.766077	48.411834	5.876946e-01	2000	1	9	14
	0	0	296.039066	48.457224	5.818443e-01	2000	1	9	15
	0	0	297.295900	48.449202	5.708981e-01	2000	1	9	16
	0	0	298.589578	48.475894	5.761514e-01	2000	1	9	17
	0	0	299.924329	48.462190	5.751343e-01	2000	1	9	18
	0	0	301.306569	48.495394	5.545678e-01	2000	1	9	19
	0	0	302.677891	48.515248	5.578041e-01	2000	1	9	20
	0	0	304.071532	48.510834	5.563102e-01	2000	1	9	21
	0	0	305.549416	48.564829	5.491409e-01	2000	1	9	22
	0	0	307.026045	48.597225	5.447741e-01	2000	1	9	23
	0	0	308.579824	48.671798	5.376749e-01	2000	1	10	0
	0	0	310.117044	48.741447	5.375710e-01	2000	1	10	1
	0	0	311.756339	48.833142	5.457816e-01	2000	1	10	2
	0	0	313.410414	48.926757	5.639892e-01	2000	1	10	3
	0	0	315.174913	49.043048	5.675268e-01	2000	1	10	4
	0	0	316.955572	49.150328	5.799494e-01	2000	1	10	5
	0	0	318.759905	49.260339	5.829358e-01	2000	1	10	6
	0	0	320.695507	49.413860	5.904703e-01	2000	1	10	7
	0	0	322.634525	49.551086	5.831838e-01	2000	1	10	8
	0	0	324.575388	49.722033	5.815430e-01	2000	1	10	9
	0	0	326.506600	49.827747	5.780983e-01	2000	1	10	10
	0	0	328.519937	49.981701	5.727968e-01	2000	1	10	11
	0	0	330.506423	50.113186	5.654635e-01	2000	1	10	12
	0	0	332.436734	50.168102	5.771465e-01	2000	1	10	13
	0	0	334.357254	50.222686	6.095462e-01	2000	1	10	14
	0	0	336.094523	50.204928	6.180658e-01	2000	1	10	15
	0	0	337.617839	50.088988	6.423230e-01	2000	1	10	16
	0	0	338.946745	49.888490	6.473579e-01	2000	1	10	17
	0	0	340.052898	49.589067	6.423020e-01	2000	1	10	18
	0	0	340.961029	49.209520	6.443024e-01	2000	1	10	19
	0	0	341.694315	48.755237	6.571302e-01	2000	1	10	20
	0	0	342.285409	48.168579	6.589737e-01	2000	1	10	21
	0	0	342.722080	47.473257	6.464248e-01	2000	1	10	22
	0	0	343.075408	46.720290	6.471915e-01	2000	1	10	23
	0	0	343.394700	45.963137	6.422606e-01	2000	1	11	0
	0	0	343.683720	45.183417	6.278005e-01	2000	1	11	1
	0	0	343.977077	44.464665	6.142130e-01	2000	1	11	2
	0	0	345.103421	42.527540	5.945654e-01	2000	1	11	5
	0	0	346.097948	41.771076	6.061058e-01	2000	1	11	7
	0	0	346.552351	41.392829	6.194634e-01	2000	1	11	8
	0	0	347.037036	41.029065	6.245608e-01	2000	1	11	9
	0	0	347.518849	40.688417	6.294575e-01	2000	1	11	10
	0	0	347.992003	40.349951	6.392946e-01	2000	1	11	11
	0	0	348.454634	40.032633	6.372190e-01	2000	1	11	12
	0	0	348.910568	39.728060	6.348753e-01	2000	1	11	13
	0	0	349.385157	39.444563	6.298432e-01	2000	1	11	14
	0	0	351.933345	38.066154	6.163640e-01	2000	1	11	20
	0	0	352.269428	37.885649	6.126380e-01	2000	1	11	21
	0	0	352.606530	37.709902	6.087279e-01	2000	1	11	22
	0	0	352.936211	37.545317	6.092944e-01	2000	1	11	23
	0	0	353.229928	37.380800	6.133628e-01	2000	1	12	0
	0	0	353.524845	37.222050	6.133718e-01	2000	1	12	1
	0	0	353.811421	37.067796	6.138692e-01	2000	1	12	2
	0	0	354.113539	36.928671	5.987287e-01	2000	1	12	3
