start	161	2000	1	7	0
	3	92	6.097695	46.006191	1.403408e-01	2000	1	7	0
	2	92	6.363116	46.007675	1.414914e-01	2000	1	7	1
	3	92	6.685010	46.084939	1.465755e-01	2000	1	7	2
	3	92	6.982484	46.015113	1.511979e-01	2000	1	7	3
	3	93	7.229799	45.954498	1.534314e-01	2000	1	7	4
	4	92	7.581683	46.129538	1.580896e-01	2000	1	7	5
	4	92	7.903953	46.187667	1.651883e-01	2000	1	7	6
	5	93	8.261854	46.253488	1.685224e-01	2000	1	7	7
	4	92	8.655411	46.264831	1.782770e-01	2000	1	7	8
	6	92	8.910197	46.198444	1.885443e-01	2000	1	7	9
	7	92	9.281106	46.131195	1.911101e-01	2000	1	7	10
	6	92	9.639814	46.156245	1.957011e-01	2000	1	7	11
	7	92	9.962883	46.171537	2.033305e-01	2000	1	7	12
	7	92	10.325852	46.130492	2.074366e-01	2000	1	7	13
	7	91	10.677117	46.173920	2.095861e-01	2000	1	7	14
	7	92	11.087454	46.225902	2.204852e-01	2000	1	7	15
	9	92	11.573505	46.304843	2.287102e-01	2000	1	7	16
	9	92	12.056055	46.370445	2.326488e-01	2000	1	7	17
	9	92	12.570753	46.474207	2.384601e-01	2000	1	7	18
	10	92	13.087332	46.432033	2.518067e-01	2000	1	7	19
	10	92	13.628450	46.468759	2.538638e-01	2000	1	7	20
	12	93	14.149617	46.461097	2.661090e-01	2000	1	7	21
	11	92	14.712010	46.467836	2.763085e-01	2000	1	7	22
	12	92	15.214942	46.466810	2.846656e-01	2000	1	7	23
	13	92	15.753698	46.473019	2.930536e-01	2000	1	8	0
	13	92	16.217444	46.506353	3.062620e-01	2000	1	8	1
	12	92	16.787427	46.575643	3.139181e-01	2000	1	8	2
	13	92	17.380395	46.646966	3.223372e-01	2000	1	8	3
	13	92	17.947694	46.683192	3.300753e-01	2000	1	8	4
	14	92	18.522769	46.717154	3.392501e-01	2000	1	8	5
	14	92	19.142436	46.746653	3.514261e-01	2000	1	8	6
	14	92	19.713262	46.810162	3.537045e-01	2000	1	8	7
	15	93	20.353658	46.834097	3.670831e-01	2000	1	8	8
	16	92	20.970843	46.807705	3.777547e-01	2000	1	8	9
	16	92	21.556238	46.820218	3.955731e-01	2000	1	8	10
	17	92	22.109845	46.820634	4.043646e-01	2000	1	8	11
	18	93	22.694881	46.824441	4.099164e-01	2000	1	8	12
	17	92	23.284108	46.864229	4.235435e-01	2000	1	8	13
	18	93	23.892087	46.906771	4.313502e-01	2000	1	8	14
	18	92	24.478811	46.985246	4.401927e-01	2000	1	8	15
	19	92	25.150094	47.033083	4.608879e-01	2000	1	8	16
	19	92	25.819461	47.063424	4.651680e-01	2000	1	8	17
	20	93	26.414692	47.165348	4.822640e-01	2000	1	8	18
	20	92	27.105073	47.204367	4.913573e-01	2000	1	8	19
	21	93	27.783461	47.214285	5.098639e-01	2000	1	8	20
	21	93	28.415130	47.240437	5.222301e-01	2000	1	8	21
	22	93	29.012607	47.293619	5.244231e-01	2000	1	8	22
	22	92	29.653611	47.323139	5.381470e-01	2000	1	8	23
	22	92	30.279013	47.376463	5.519576e-01	2000	1	9	0
	22	92	30.893009	47.451671	5.705271e-01	2000	1	9	1
	23	92	31.527764	47.522644	5.764594e-01	2000	1	9	2
	23	92	32.191404	47.578962	5.875707e-01	2000	1	9	3
	25	93	32.866644	47.639724	5.999227e-01	2000	1	9	4
	24	92	33.502215	47.709401	6.079154e-01	2000	1	9	5
	25	92	34.199048	47.756653	6.252489e-01	2000	1	9	6
	26	92	34.888317	47.784885	6.357136e-01	2000	1	9	7
	26	92	35.540633	47.840383	6.554403e-01	2000	1	9	8
	28	93	36.212152	47.851840	6.680775e-01	2000	1	9	9
	27	92	36.861699	47.895278	6.853275e-01	2000	1	9	10
	28	93	37.507520	47.921180	6.944623e-01	2000	1	9	11
	28	92	38.181381	47.977968	7.122269e-01	2000	1	9	12
	29	92	38.804535	48.036634	7.250695e-01	2000	1	9	13
	29	92	39.468924	48.086831	7.399020e-01	2000	1	9	14
	29	92	40.113436	48.144724	7.506442e-01	2000	1	9	15
	30	93	40.784532	48.215318	7.666321e-01	2000	1	9	16
	30	92	41.481423	48.237248	7.853293e-01	2000	1	9	17
	30	92	42.146661	48.283834	8.023720e-01	2000	1	9	18
	32	93	42.813725	48.332245	8.111172e-01	2000	1	9	19
	32	93	43.475924	48.358866	8.283706e-01	2000	1	9	20
	32	92	44.140728	48.376333	8.559318e-01	2000	1	9	21
	33	92	44.796326	48.403557	8.587198e-01	2000	1	9	22
	34	92	45.457704	48.427763	8.753905e-01	2000	1	9	23
	33	92	46.110236	48.452751	8.977323e-01	2000	1	10	0
	34	92	46.772801	48.485478	9.116468e-01	2000	1	10	1
	35	93	47.457819	48.541621	9.300146e-01	2000	1	10	2
	35	93	48.122387	48.583959	9.478569e-01	2000	1	10	3
	35	92	48.801418	48.609705	9.637046e-01	2000	1	10	4
	36	92	49.493661	48.646373	9.773617e-01	2000	1	10	5
	37	92	50.185447	48.674158	1.003348e+00	2000	1	10	6
	37	92	50.882255	48.715262	1.014054e+00	2000	1	10	7
	38	93	51.571751	48.741512	1.019493e+00	2000	1	10	8
	38	92	52.281964	48.756704	1.041484e+00	2000	1	10	9
	38	92	52.975744	48.781390	1.054115e+00	2000	1	10	10
	39	93	53.714245	48.816147	1.067616e+00	2000	1	10	11
	40	93	54.441392	48.840436	1.084525e+00	2000	1	10	12
	39	92	55.172394	48.866563	1.099106e+00	2000	1	10	13
	40	92	55.952653	48.886697	1.116979e+00	2000	1	10	14
	41	92	56.725736	48.902824	1.134824e+00	2000	1	10	15
	41	92	57.522502	48.932486	1.138142e+00	2000	1	10	16
	42	93	58.317369	48.948627	1.172029e+00	2000	1	10	17
	42	92	59.118394	48.955317	1.178877e+00	2000	1	10	18
	45	95	59.945155	48.944103	1.211469e+00	2000	1	10	19
	45	95	60.762981	48.950218	1.229170e+00	2000	1	10	20
	46	95	61.607297	48.928076	1.257456e+00	2000	1	10	21
	46	96	62.452134	48.913416	1.288136e+00	2000	1	10	22
	47	95	63.307358	48.906711	1.298781e+00	2000	1	10	23
	47	95	64.178773	48.884289	1.340208e+00	2000	1	11	0
	48	96	65.055868	48.859107	1.347641e+00	2000	1	11	1
	48	95	65.962373	48.837186	1.359476e+00	2000	1	11	2
	49	95	66.865100	48.815674	1.382748e+00	2000	1	11	3
	49	95	67.786667	48.773922	1.395426e+00	2000	1	11	4
	50	95	68.717981	48.746433	1.418639e+00	2000	1	11	5
	50	95	69.650236	48.707139	1.421128e+00	2000	1	11	6
	51	95	70.602714	48.658836	1.414480e+00	2000	1	11	7
	52	95	71.542009	48.619732	1.423085e+00	2000	1	11	8
	52	94	72.482308	48.576023	1.420678e+00	2000	1	11	9
	57	97	73.442188	48.507406	1.447403e+00	2000	1	11	10
	58	97	74.404411	48.450810	1.488072e+00	2000	1	11	11
	59	97	75.353754	48.395083	1.550431e+00	2000	1	11	12
	59	96	76.333288	48.340280	1.574064e+00	2000	1	11	13
	54	92	77.311548	48.295126	1.584374e+00	2000	1	11	14
	60	96	78.275650	48.251823	1.627186e+00	2000	1	11	15
	55	91	79.266512	48.226593	1.670767e+00	2000	1	11	16
	61	95	80.219873	48.180279	1.701753e+00	2000	1	11	17
	62	95	81.184684	48.151702	1.721626e+00	2000	1	11	18
	62	95	82.139762	48.130795	1.744717e+00	2000	1	11	19
	63	95	83.099769	48.112878	1.773304e+00	2000	1	11	20
	64	95	84.042827	48.105869	1.804067e+00	2000	1	11	21
	64	95	85.049255	48.060855	1.863216e+00	2000	1	11	22
	64	94	86.045536	48.038677	1.866168e+00	2000	1	11	23
	65	95	87.059274	48.012945	1.881192e+00	2000	1	12	0
	65	94	88.085855	47.998913	1.893852e+00	2000	1	12	1
	66	94	89.139365	48.017903	1.943770e+00	2000	1	12	2
	67	94	90.199559	47.989463	1.977561e+00	2000	1	12	3
	73	89	91.248414	47.961802	1.987504e+00	2000	1	12	4
	73	89	92.310306	47.950195	2.009552e+00	2000	1	12	5
	74	89	93.364744	47.938492	1.999496e+00	2000	1	12	6
	74	89	94.436326	47.927592	2.019869e+00	2000	1	12	7
	75	89	95.503983	47.913254	2.026473e+00	2000	1	12	8
	75	89	96.597741	47.906902	2.047701e+00	2000	1	12	9
	76	89	97.690650	47.909449	2.069614e+00	2000	1	12	10
	76	89	98.812032	47.909662	2.054947e+00	2000	1	12	11
	77	89	99.951083	47.902890	2.062385e+00	2000	1	12	12
	78	90	101.095926	47.920888	2.081872e+00	2000	1	12	13
	79	90	102.247209	47.933784	2.070724e+00	2000	1	12	14
	80	90	103.430887	47.947364	2.091406e+00	2000	1	12	15
	80	90	104.608862	47.964834	2.111847e+00	2000	1	12	16
	81	90	105.798444	47.985803	2.039457e+00	2000	1	12	17
	82	90	106.985169	48.009169	2.058876e+00	2000	1	12	18
	83	90	108.182436	48.044776	1.999710e+00	2000	1	12	19
	84	91	109.363961	48.075049	2.009382e+00	2000	1	12	20
	84	91	110.550790	48.109866	1.940512e+00	2000	1	12	21
	85	91	111.758158	48.136520	1.915713e+00	2000	1	12	22
	81	96	112.960983	48.174244	1.838436e+00	2000	1	12	23
	75	89	114.153336	48.201714	1.799366e+00	2000	1	13	0
	83	96	115.370106	48.235589	1.734794e+00	2000	1	13	1
	76	89	116.594028	48.265343	1.661721e+00	2000	1	13	2
	77	89	117.812134	48.295022	1.658292e+00	2000	1	13	3
	78	89	119.026304	48.324668	1.647223e+00	2000	1	13	4
	79	89	120.251036	48.376705	1.640200e+00	2000	1	13	5
	79	89	121.470802	48.441700	1.631790e+00	2000	1	13	6
	80	89	122.656610	48.488068	1.615669e+00	2000	1	13	7
	81	89	123.858083	48.550059	1.603793e+00	2000	1	13	8
	82	89	125.038384	48.626422	1.596843e+00	2000	1	13	9
	84	90	126.207266	48.705970	1.580477e+00	2000	1	13	10
	85	90	127.394792	48.787051	1.577158e+00	2000	1	13	11
	86	90	128.549996	48.900316	1.565683e+00	2000	1	13	12
	87	90	129.721318	48.994120	1.560030e+00	2000	1	13	13
	89	90	130.849354	49.130103	1.527040e+00	2000	1	13	14
	44	89	132.055987	49.263044	1.553114e+00	2000	1	13	15
	6	89	136.766146	50.055969	1.471148e+00	2000	1	13	21
start	159	2000	1	7	0
	87	92	121.973114	46.226496	1.386242e-01	2000	1	7	0
	88	92	122.532196	46.226167	1.444497e-01	2000	1	7	1
	89	92	123.119803	46.132583	1.440482e-01	2000	1	7	2
	87	92	123.750180	46.246496	1.515932e-01	2000	1	7	3
	88	92	124.256741	46.348433	1.544156e-01	2000	1	7	4
	90	93	124.855992	46.312392	1.605201e-01	2000	1	7	5
	90	92	125.478933	46.381597	1.630235e-01	2000	1	7	6
	90	92	126.069313	46.363020	1.729226e-01	2000	1	7	7
	91	93	126.694952	46.329011	1.775427e-01	2000	1	7	8
	90	92	127.185842	46.463583	1.866074e-01	2000	1	7	9
	91	92	127.823912	46.430940	1.940632e-01	2000	1	7	10
	92	92	128.302807	46.392772	1.967854e-01	2000	1	7	11
	92	91	128.780042	46.365865	2.014236e-01	2000	1	7	12
	93	92	129.317497	46.395223	2.126012e-01	2000	1	7	13
	94	93	129.922443	46.350444	2.120519e-01	2000	1	7	14
	93	92	130.408660	46.487715	2.172604e-01	2000	1	7	15
	93	92	131.010500	46.386614	2.224088e-01	2000	1	7	16
	94	92	131.667979	46.496356	2.317452e-01	2000	1	7	17
	95	93	132.293780	46.535141	2.433600e-01	2000	1	7	18
	95	92	132.895111	46.542132	2.483811e-01	2000	1	7	19
	96	92	133.519113	46.562035	2.591677e-01	2000	1	7	20
	96	93	134.090903	46.563913	2.672110e-01	2000	1	7	21
	97	93	134.596352	46.544797	2.775216e-01	2000	1	7	22
	97	92	135.137934	46.492277	2.902732e-01	2000	1	7	23
	97	92	135.646953	46.518469	2.884369e-01	2000	1	8	0
	97	92	136.243289	46.508194	3.037195e-01	2000	1	8	1
	97	92	136.717339	46.614055	3.089552e-01	2000	1	8	2
	98	92	137.324148	46.646905	3.190055e-01	2000	1	8	3
	99	92	137.883404	46.761997	3.238616e-01	2000	1	8	4
	99	92	138.526626	46.724866	3.421702e-01	2000	1	8	5
	100	92	139.123589	46.793089	3.463640e-01	2000	1	8	6
	101	92	139.763719	46.772478	3.598547e-01	2000	1	8	7
	100	92	140.342134	46.847405	3.703632e-01	2000	1	8	8
	102	93	140.919947	46.882218	3.768911e-01	2000	1	8	9
	102	92	141.556392	46.834827	3.899360e-01	2000	1	8	10
	102	93	142.127334	46.802983	3.965020e-01	2000	1	8	11
	102	92	142.678139	46.831146	4.146166e-01	2000	1	8	12
	103	93	143.251020	46.870392	4.211679e-01	2000	1	8	13
	103	92	143.882694	46.897849	4.319253e-01	2000	1	8	14
	103	92	144.486668	46.995491	4.419832e-01	2000	1	8	15
	104	92	145.111073	47.066028	4.581094e-01	2000	1	8	16
	104	92	145.776231	47.100050	4.646311e-01	2000	1	8	17
	105	92	146.484765	47.143292	4.808760e-01	2000	1	8	18
	106	93	147.102165	47.183156	4.915905e-01	2000	1	8	19
	106	93	147.764500	47.210762	5.028510e-01	2000	1	8	20
	107	93	148.405504	47.251082	5.197592e-01	2000	1	8	21
	107	93	149.044724	47.289244	5.272541e-01	2000	1	8	22
	107	92	149.628668	47.326302	5.420156e-01	2000	1	8	23
	107	92	150.279712	47.370472	5.542793e-01	2000	1	9	0
	108	92	150.909057	47.440505	5.688567e-01	2000	1	9	1
	107	92	151.549841	47.507333	5.772820e-01	2000	1	9	2
	109	92	152.184022	47.596692	5.896692e-01	2000	1	9	3
	110	93	152.841134	47.663851	5.944819e-01	2000	1	9	4
	110	93	153.501843	47.706846	6.132355e-01	2000	1	9	5
	110	92	154.197723	47.764728	6.239262e-01	2000	1	9	6
	111	93	154.880918	47.785790	6.377244e-01	2000	1	9	7
	112	93	155.527212	47.837082	6.487164e-01	2000	1	9	8
	113	93	156.189655	47.871377	6.637783e-01	2000	1	9	9
	113	92	156.880754	47.892030	6.867709e-01	2000	1	9	10
	113	93	157.504374	47.936259	6.974134e-01	2000	1	9	11
	114	92	158.170298	47.984870	7.186694e-01	2000	1	9	12
	114	93	158.796832	48.039138	7.278733e-01	2000	1	9	13
	114	92	159.443424	48.102125	7.365565e-01	2000	1	9	14
	114	92	160.111783	48.144356	7.523293e-01	2000	1	9	15
	115	92	160.772814	48.222337	7.733145e-01	2000	1	9	16
	116	93	161.464546	48.253914	7.777967e-01	2000	1	9	17
	116	92	162.141934	48.291082	7.993469e-01	2000	1	9	18
	117	92	162.799873	48.334622	8.151212e-01	2000	1	9	19
	118	93	163.472279	48.359516	8.280511e-01	2000	1	9	20
	118	93	164.138040	48.377304	8.450642e-01	2000	1	9	21
	118	93	164.803648	48.403336	8.662767e-01	2000	1	9	22
	118	92	165.447818	48.426212	8.822331e-01	2000	1	9	23
	119	92	166.115319	48.445744	8.951683e-01	2000	1	10	0
	120	93	166.767564	48.492391	9.114027e-01	2000	1	10	1
	120	92	167.439320	48.516581	9.327693e-01	2000	1	10	2
	120	93	168.119279	48.559959	9.469557e-01	2000	1	10	3
	121	92	168.818511	48.602203	9.693255e-01	2000	1	10	4
	121	92	169.482740	48.649775	9.799747e-01	2000	1	10	5
	122	92	170.195679	48.682710	1.008188e+00	2000	1	10	6
	122	92	170.870381	48.712908	1.011799e+00	2000	1	10	7
	122	92	171.573961	48.735433	1.033445e+00	2000	1	10	8
	124	92	172.274097	48.764352	1.036873e+00	2000	1	10	9
	124	92	172.994666	48.788745	1.044095e+00	2000	1	10	10
	124	92	173.702451	48.811890	1.062344e+00	2000	1	10	11
	125	93	174.451254	48.846137	1.088236e+00	2000	1	10	12
	125	93	175.185204	48.877012	1.100998e+00	2000	1	10	13
	125	92	175.952889	48.895699	1.119650e+00	2000	1	10	14
	127	93	176.718435	48.919767	1.131109e+00	2000	1	10	15
	128	93	177.521429	48.933089	1.147352e+00	2000	1	10	16
	128	93	178.319753	48.941006	1.159550e+00	2000	1	10	17
	128	94	179.124056	48.945640	1.176005e+00	2000	1	10	18
	131	95	179.935638	48.946347	1.206403e+00	2000	1	10	19
	131	95	180.773073	48.941677	1.233459e+00	2000	1	10	20
	131	95	181.605102	48.929250	1.261481e+00	2000	1	10	21
	132	95	182.457329	48.918381	1.279134e+00	2000	1	10	22
	132	94	183.315216	48.900392	1.288124e+00	2000	1	10	23
	133	95	184.183890	48.883120	1.322323e+00	2000	1	11	0
	133	95	185.090846	48.872371	1.354912e+00	2000	1	11	1
	134	94	185.960240	48.832394	1.358183e+00	2000	1	11	2
	134	95	186.869303	48.805730	1.390500e+00	2000	1	11	3
	135	95	187.793393	48.784607	1.378514e+00	2000	1	11	4
	135	95	188.720311	48.768331	1.399789e+00	2000	1	11	5
	136	95	189.663702	48.711142	1.408607e+00	2000	1	11	6
	136	95	190.583211	48.674497	1.444202e+00	2000	1	11	7
	137	95	191.544794	48.609528	1.432579e+00	2000	1	11	8
	137	95	192.489753	48.572272	1.429764e+00	2000	1	11	9
	143	97	193.437373	48.513275	1.454472e+00	2000	1	11	10
	143	97	194.393080	48.455176	1.517531e+00	2000	1	11	11
	144	96	195.364163	48.399193	1.541690e+00	2000	1	11	12
	145	96	196.325621	48.344923	1.565797e+00	2000	1	11	13
	145	96	197.318811	48.317539	1.609043e+00	2000	1	11	14
	141	91	198.289571	48.272897	1.621806e+00	2000	1	11	15
	140	92	199.258289	48.231170	1.647060e+00	2000	1	11	16
	147	95	200.209377	48.188422	1.691719e+00	2000	1	11	17
	148	95	201.171044	48.163844	1.716172e+00	2000	1	11	18
	142	91	202.144722	48.120673	1.766169e+00	2000	1	11	19
	148	95	203.104905	48.108662	1.785969e+00	2000	1	11	20
	148	95	204.075899	48.080898	1.815711e+00	2000	1	11	21
	149	94	205.052802	48.054608	1.818311e+00	2000	1	11	22
	150	95	206.041154	48.039269	1.862704e+00	2000	1	11	23
	150	95	207.050726	48.021081	1.891272e+00	2000	1	12	0
	151	94	208.100216	48.007701	1.916716e+00	2000	1	12	1
	151	94	209.150714	48.014682	1.953294e+00	2000	1	12	2
	158	89	210.193089	47.994652	1.945230e+00	2000	1	12	3
	158	89	211.239480	47.963483	1.974287e+00	2000	1	12	4
	159	89	212.310992	47.950552	2.019853e+00	2000	1	12	5
	159	89	213.377942	47.933171	2.027626e+00	2000	1	12	6
	159	89	214.436740	47.934673	2.023527e+00	2000	1	12	7
	160	89	215.520494	47.922636	2.042706e+00	2000	1	12	8
	161	89	216.604437	47.910253	2.019211e+00	2000	1	12	9
	161	89	217.700810	47.913230	2.083126e+00	2000	1	12	10
	162	89	218.805970	47.908064	2.068639e+00	2000	1	12	11
	163	90	219.938981	47.908363	2.083279e+00	2000	1	12	12
	163	90	221.106994	47.916325	2.093451e+00	2000	1	12	13
	165	90	222.257062	47.939781	2.099355e+00	2000	1	12	14
	164	90	223.427945	47.951752	2.085299e+00	2000	1	12	15
	166	90	224.612197	47.958448	2.055415e+00	2000	1	12	16
	166	90	225.794669	47.984177	2.061172e+00	2000	1	12	17
	167	90	226.989057	48.009657	2.034769e+00	2000	1	12	18
	168	90	228.171520	48.042978	2.024954e+00	2000	1	12	19
	163	95	229.370749	48.063124	1.979155e+00	2000	1	12	20
	164	95	230.563199	48.105937	1.953769e+00	2000	1	12	21
	165	95	231.758633	48.136084	1.892030e+00	2000	1	12	22
	171	91	232.960265	48.174532	1.824388e+00	2000	1	12	23
	172	91	234.181015	48.209344	1.795006e+00	2000	1	13	0
	168	96	235.366200	48.231299	1.760222e+00	2000	1	13	1
	162	89	236.575726	48.258584	1.674876e+00	2000	1	13	2
	162	89	237.808797	48.305719	1.656628e+00	2000	1	13	3
	163	89	239.024880	48.334973	1.645711e+00	2000	1	13	4
	164	89	240.237303	48.375463	1.638483e+00	2000	1	13	5
	165	89	241.451081	48.428089	1.628910e+00	2000	1	13	6
	166	89	242.662325	48.493318	1.617540e+00	2000	1	13	7
	166	89	243.874470	48.556772	1.602476e+00	2000	1	13	8
	169	90	245.058246	48.626413	1.599039e+00	2000	1	13	9
	170	90	246.218106	48.697819	1.596629e+00	2000	1	13	10
	171	90	247.382866	48.776313	1.593357e+00	2000	1	13	11
	171	90	248.551277	48.892578	1.560652e+00	2000	1	13	12
	172	90	249.710684	48.997841	1.543489e+00	2000	1	13	13
	171	89	250.870280	49.122139	1.518630e+00	2000	1	13	14
start	159	2000	1	7	0
	131	92	181.987896	46.244927	1.403408e-01	2000	1	7	0
	130	92	182.428891	46.291949	1.414914e-01	2000	1	7	1
	131	92	183.064022	46.285059	1.465755e-01	2000	1	7	2
	131	92	183.719770	46.197770	1.511979e-01	2000	1	7	3
	131	93	184.200052	46.242939	1.534314e-01	2000	1	7	4
	132	92	184.850410	46.346126	1.600127e-01	2000	1	7	5
	132	92	185.373117	46.473135	1.651883e-01	2000	1	7	6
	133	93	186.065667	46.455163	1.685224e-01	2000	1	7	7
	132	92	186.658446	46.535193	1.782770e-01	2000	1	7	8
	134	92	187.139777	46.447110	1.885443e-01	2000	1	7	9
	135	92	187.810133	46.421246	1.911101e-01	2000	1	7	10
	134	92	188.294665	46.383287	1.957011e-01	2000	1	7	11
	135	92	188.771322	46.415686	2.033305e-01	2000	1	7	12
	135	92	189.362225	46.318100	2.074366e-01	2000	1	7	13
	135	91	189.884539	46.313096	2.095861e-01	2000	1	7	14
	135	92	190.405148	46.403935	2.204852e-01	2000	1	7	15
	137	92	191.053078	46.452998	2.287102e-01	2000	1	7	16
	137	92	191.690073	46.466124	2.326488e-01	2000	1	7	17
	137	92	192.253996	46.609321	2.384601e-01	2000	1	7	18
	138	92	192.905614	46.503789	2.518067e-01	2000	1	7	19
	138	92	193.516256	46.516705	2.538638e-01	2000	1	7	20
	140	93	194.073287	46.507585	2.662950e-01	2000	1	7	21
	139	92	194.606121	46.556840	2.763085e-01	2000	1	7	22
	140	92	195.183824	46.484901	2.846656e-01	2000	1	7	23
	141	92	195.680340	46.542842	2.930536e-01	2000	1	8	0
	141	92	196.168706	46.554424	3.062620e-01	2000	1	8	1
	140	92	196.742031	46.626052	3.139181e-01	2000	1	8	2
	141	92	197.374511	46.653585	3.223372e-01	2000	1	8	3
	141	92	197.946397	46.684348	3.300753e-01	2000	1	8	4
	142	92	198.499120	46.745033	3.392501e-01	2000	1	8	5
	142	92	199.142713	46.745324	3.514261e-01	2000	1	8	6
	142	92	199.713338	46.810098	3.537045e-01	2000	1	8	7
	143	93	200.352108	46.835574	3.670831e-01	2000	1	8	8
	144	92	200.969545	46.807245	3.787866e-01	2000	1	8	9
	144	92	201.555936	46.818469	3.955731e-01	2000	1	8	10
	145	92	202.106825	46.823499	4.043646e-01	2000	1	8	11
	146	93	202.687572	46.836109	4.099164e-01	2000	1	8	12
	145	92	203.274473	46.874247	4.235435e-01	2000	1	8	13
	146	93	203.882345	46.917077	4.313502e-01	2000	1	8	14
	147	92	204.469822	46.991571	4.416213e-01	2000	1	8	15
	147	92	205.130266	47.052807	4.608879e-01	2000	1	8	16
	147	92	205.819800	47.063406	4.651680e-01	2000	1	8	17
	148	93	206.403598	47.174638	4.822640e-01	2000	1	8	18
	148	92	207.103435	47.206466	4.913573e-01	2000	1	8	19
	149	93	207.784221	47.214545	5.098639e-01	2000	1	8	20
	149	93	208.414129	47.241133	5.222301e-01	2000	1	8	21
	150	93	209.011816	47.294138	5.244231e-01	2000	1	8	22
	150	92	209.653069	47.323905	5.381470e-01	2000	1	8	23
	150	92	210.278089	47.377792	5.519576e-01	2000	1	9	0
	150	92	210.892676	47.452787	5.705271e-01	2000	1	9	1
	151	92	211.523807	47.527022	5.764594e-01	2000	1	9	2
	151	92	212.184925	47.583530	5.875707e-01	2000	1	9	3
	153	93	212.868713	47.638702	5.999227e-01	2000	1	9	4
	152	92	213.502472	47.709841	6.079154e-01	2000	1	9	5
	153	92	214.196900	47.758443	6.252489e-01	2000	1	9	6
	154	92	214.881351	47.790966	6.357136e-01	2000	1	9	7
	154	92	215.534856	47.843004	6.554403e-01	2000	1	9	8
	156	93	216.208301	47.854829	6.680775e-01	2000	1	9	9
	155	92	216.861841	47.895208	6.853275e-01	2000	1	9	10
	156	93	217.505991	47.922724	6.944623e-01	2000	1	9	11
	156	92	218.178996	47.979234	7.122269e-01	2000	1	9	12
	157	92	218.805694	48.036551	7.250695e-01	2000	1	9	13
	157	92	219.466628	48.088196	7.399020e-01	2000	1	9	14
	157	92	220.113196	48.145729	7.506442e-01	2000	1	9	15
	158	93	220.783739	48.215863	7.666321e-01	2000	1	9	16
	158	92	221.480224	48.238443	7.853293e-01	2000	1	9	17
	158	92	222.149530	48.283568	8.023720e-01	2000	1	9	18
	160	93	222.813687	48.332224	8.111172e-01	2000	1	9	19
	160	93	223.476059	48.359312	8.283706e-01	2000	1	9	20
	160	92	224.140469	48.376599	8.559318e-01	2000	1	9	21
	161	92	224.795465	48.404003	8.587198e-01	2000	1	9	22
	162	92	225.459453	48.425523	8.753905e-01	2000	1	9	23
	161	92	226.110176	48.453264	8.977323e-01	2000	1	10	0
	162	92	226.772832	48.485849	9.116468e-01	2000	1	10	1
	163	93	227.456229	48.542895	9.300146e-01	2000	1	10	2
	163	93	228.122847	48.585090	9.478569e-01	2000	1	10	3
	163	92	228.801494	48.611656	9.637046e-01	2000	1	10	4
	164	92	229.492126	48.647132	9.773617e-01	2000	1	10	5
	165	92	230.184182	48.675357	1.003348e+00	2000	1	10	6
	165	92	230.882500	48.714159	1.014054e+00	2000	1	10	7
	166	93	231.567400	48.743488	1.019493e+00	2000	1	10	8
	166	92	232.282170	48.759605	1.041484e+00	2000	1	10	9
	166	92	232.975584	48.782276	1.054115e+00	2000	1	10	10
	167	93	233.714112	48.817968	1.067616e+00	2000	1	10	11
	168	93	234.442064	48.841226	1.084525e+00	2000	1	10	12
	167	92	235.174057	48.866366	1.099106e+00	2000	1	10	13
	168	92	235.949624	48.888508	1.116979e+00	2000	1	10	14
	169	92	236.726173	48.903352	1.134824e+00	2000	1	10	15
	169	92	237.523197	48.934393	1.138142e+00	2000	1	10	16
	170	93	238.318939	48.949542	1.172029e+00	2000	1	10	17
	170	92	239.119865	48.954332	1.178877e+00	2000	1	10	18
	173	95	239.944826	48.944951	1.211469e+00	2000	1	10	19
	173	95	240.764626	48.948298	1.229170e+00	2000	1	10	20
	174	95	241.607856	48.929022	1.257456e+00	2000	1	10	21
	174	96	242.449161	48.916004	1.288136e+00	2000	1	10	22
	175	95	243.309051	48.907241	1.298781e+00	2000	1	10	23
	175	95	244.179382	48.884950	1.340208e+00	2000	1	11	0
	176	96	245.057509	48.860502	1.347641e+00	2000	1	11	1
	176	95	245.963329	48.837388	1.359476e+00	2000	1	11	2
	177	95	246.866386	48.815056	1.382748e+00	2000	1	11	3
	177	95	247.786473	48.775874	1.395426e+00	2000	1	11	4
	178	95	248.720973	48.745412	1.418639e+00	2000	1	11	5
	178	95	249.650622	48.709397	1.421128e+00	2000	1	11	6
	179	95	250.605114	48.660955	1.414480e+00	2000	1	11	7
	180	95	251.541748	48.620360	1.423085e+00	2000	1	11	8
	180	94	252.483431	48.577003	1.420678e+00	2000	1	11	9
	185	97	253.442400	48.511495	1.447403e+00	2000	1	11	10
	186	97	254.403856	48.452296	1.488072e+00	2000	1	11	11
	187	97	255.352982	48.395261	1.550431e+00	2000	1	11	12
	187	96	256.334877	48.342988	1.574064e+00	2000	1	11	13
	182	92	257.309796	48.297084	1.584374e+00	2000	1	11	14
	188	96	258.276480	48.254756	1.627186e+00	2000	1	11	15
	183	91	259.265200	48.228849	1.670767e+00	2000	1	11	16
	189	95	260.223292	48.180114	1.701753e+00	2000	1	11	17
	190	95	261.186059	48.152382	1.721626e+00	2000	1	11	18
	190	95	262.141367	48.132872	1.744717e+00	2000	1	11	19
	191	95	263.099597	48.115040	1.773304e+00	2000	1	11	20
	192	95	264.042510	48.108642	1.804067e+00	2000	1	11	21
	192	95	265.020134	48.085775	1.863216e+00	2000	1	11	22
	192	94	266.047632	48.040406	1.866168e+00	2000	1	11	23
	193	95	267.058761	48.015103	1.881192e+00	2000	1	12	0
	193	94	268.090374	48.000465	1.893852e+00	2000	1	12	1
	194	94	269.140397	48.018629	1.943770e+00	2000	1	12	2
	195	94	270.199454	47.991021	1.977561e+00	2000	1	12	3
	201	89	271.247163	47.963027	1.987504e+00	2000	1	12	4
	201	89	272.310178	47.952085	2.009552e+00	2000	1	12	5
	201	89	273.365699	47.941569	1.999496e+00	2000	1	12	6
	202	89	274.436262	47.929132	2.019869e+00	2000	1	12	7
	203	89	275.505814	47.914148	2.026473e+00	2000	1	12	8
	203	89	276.598239	47.909330	2.047701e+00	2000	1	12	9
	204	89	277.691027	47.911107	2.069614e+00	2000	1	12	10
	204	89	278.814186	47.909644	2.055076e+00	2000	1	12	11
	205	89	279.952458	47.905404	2.062385e+00	2000	1	12	12
	206	90	281.096872	47.921501	2.081872e+00	2000	1	12	13
	207	90	282.247855	47.932977	2.070724e+00	2000	1	12	14
	208	90	283.429770	47.949423	2.091406e+00	2000	1	12	15
	208	90	284.607008	47.966820	2.111847e+00	2000	1	12	16
	209	90	285.795765	47.987992	2.039457e+00	2000	1	12	17
	210	90	286.988058	48.008180	2.058876e+00	2000	1	12	18
	211	90	288.182206	48.044151	1.999710e+00	2000	1	12	19
	212	91	289.363752	48.076137	2.009382e+00	2000	1	12	20
	212	91	290.550363	48.110957	1.940512e+00	2000	1	12	21
	208	96	291.758592	48.136762	1.915713e+00	2000	1	12	22
	214	91	292.960481	48.176314	1.838436e+00	2000	1	12	23
	203	89	294.155132	48.200380	1.799366e+00	2000	1	13	0
	211	96	295.371157	48.235026	1.734794e+00	2000	1	13	1
	204	89	296.595496	48.265686	1.661721e+00	2000	1	13	2
	205	89	297.811192	48.297494	1.658292e+00	2000	1	13	3
	206	89	299.025783	48.324729	1.647742e+00	2000	1	13	4
	207	89	300.252631	48.375899	1.640200e+00	2000	1	13	5
	207	89	301.471721	48.442746	1.631790e+00	2000	1	13	6
	208	89	302.656553	48.489893	1.615669e+00	2000	1	13	7
	209	89	303.858124	48.551852	1.603793e+00	2000	1	13	8
	210	89	305.037320	48.624942	1.596843e+00	2000	1	13	9
	212	90	306.210317	48.705888	1.580477e+00	2000	1	13	10
	213	90	307.394551	48.786619	1.577158e+00	2000	1	13	11
	214	90	308.553645	48.897090	1.565683e+00	2000	1	13	12
	215	90	309.727832	48.992414	1.560030e+00	2000	1	13	13
	217	90	310.849249	49.133227	1.527040e+00	2000	1	13	14
start	96	2000	1	7	0
	215	92	301.977333	46.232126	1.386242e-01	2000	1	7	0
	216	92	302.530758	46.229697	1.444497e-01	2000	1	7	1
	217	92	303.119605	46.133810	1.440482e-01	2000	1	7	2
	215	92	303.751621	46.249540	1.515932e-01	2000	1	7	3
	216	92	304.304374	46.289229	1.544156e-01	2000	1	7	4
	218	93	304.855956	46.312287	1.605201e-01	2000	1	7	5
	218	92	305.474805	46.381969	1.630235e-01	2000	1	7	6
	218	92	306.071347	46.365613	1.729226e-01	2000	1	7	7
	219	93	306.693888	46.331765	1.775427e-01	2000	1	7	8
	218	92	307.185466	46.464384	1.866074e-01	2000	1	7	9
	219	92	307.860526	46.387768	1.940632e-01	2000	1	7	10
	220	92	308.304417	46.395020	1.967854e-01	2000	1	7	11
	220	91	308.780002	46.365871	2.014236e-01	2000	1	7	12
	221	92	309.318275	46.396079	2.126012e-01	2000	1	7	13
	222	93	309.917258	46.354187	2.120519e-01	2000	1	7	14
	221	92	310.408986	46.488605	2.172604e-01	2000	1	7	15
	221	92	311.009370	46.386746	2.224088e-01	2000	1	7	16
	222	92	311.667790	46.496393	2.317452e-01	2000	1	7	17
	223	93	312.293598	46.536797	2.433600e-01	2000	1	7	18
	223	92	312.896552	46.539728	2.483811e-01	2000	1	7	19
	224	92	313.520132	46.561402	2.591677e-01	2000	1	7	20
	224	93	314.089317	46.561629	2.672110e-01	2000	1	7	21
	225	93	314.596178	46.544861	2.775216e-01	2000	1	7	22
	225	92	315.138564	46.495428	2.902732e-01	2000	1	7	23
	225	92	315.647449	46.519467	2.884369e-01	2000	1	8	0
	225	92	316.245199	46.506670	3.037195e-01	2000	1	8	1
	225	92	316.716413	46.613592	3.089552e-01	2000	1	8	2
	226	92	317.321517	46.649384	3.190055e-01	2000	1	8	3
	227	92	317.880066	46.765003	3.238616e-01	2000	1	8	4
	227	92	318.522734	46.724999	3.421702e-01	2000	1	8	5
	228	92	319.123227	46.793364	3.463640e-01	2000	1	8	6
	229	92	319.764134	46.772737	3.598547e-01	2000	1	8	7
	228	92	320.338324	46.847873	3.703632e-01	2000	1	8	8
	230	93	320.922666	46.882114	3.768911e-01	2000	1	8	9
	230	92	321.557621	46.832455	3.899360e-01	2000	1	8	10
	230	93	322.123969	46.806353	3.965020e-01	2000	1	8	11
	230	92	322.678158	46.829837	4.146166e-01	2000	1	8	12
	231	93	323.253390	46.870211	4.211679e-01	2000	1	8	13
	231	92	323.883940	46.896680	4.319253e-01	2000	1	8	14
	231	92	324.483068	46.997671	4.419832e-01	2000	1	8	15
	232	92	325.109148	47.068031	4.581094e-01	2000	1	8	16
	232	92	325.775660	47.099735	4.646311e-01	2000	1	8	17
	233	92	326.482315	47.146527	4.808760e-01	2000	1	8	18
	234	93	327.104790	47.180504	4.915905e-01	2000	1	8	19
	234	93	327.765712	47.210451	5.028510e-01	2000	1	8	20
	235	93	328.403033	47.249146	5.197592e-01	2000	1	8	21
	235	93	329.044836	47.288848	5.272541e-01	2000	1	8	22
	235	92	329.628597	47.326123	5.420156e-01	2000	1	8	23
	235	92	330.283332	47.370730	5.542793e-01	2000	1	9	0
	236	92	330.910068	47.440412	5.688567e-01	2000	1	9	1
	235	92	331.550292	47.506913	5.772820e-01	2000	1	9	2
	237	92	332.185066	47.595939	5.896692e-01	2000	1	9	3
	238	93	332.840684	47.663745	5.944819e-01	2000	1	9	4
	238	93	333.501171	47.705371	6.132355e-01	2000	1	9	5
	238	92	334.198768	47.765199	6.239262e-01	2000	1	9	6
	239	93	334.879841	47.787083	6.377244e-01	2000	1	9	7
	240	93	335.526245	47.836810	6.487164e-01	2000	1	9	8
	241	93	336.190502	47.872316	6.637783e-01	2000	1	9	9
	241	92	336.879822	47.891343	6.867709e-01	2000	1	9	10
	241	93	337.503533	47.935577	6.974134e-01	2000	1	9	11
	242	92	338.169472	47.984355	7.186694e-01	2000	1	9	12
	242	93	338.795681	48.039298	7.278733e-01	2000	1	9	13
	242	92	339.444647	48.101086	7.365565e-01	2000	1	9	14
	242	92	340.112331	48.143363	7.523293e-01	2000	1	9	15
	243	92	340.772728	48.221416	7.733145e-01	2000	1	9	16
	244	93	341.464906	48.253688	7.777967e-01	2000	1	9	17
	244	92	342.141348	48.290962	7.993469e-01	2000	1	9	18
	245	92	342.799972	48.334982	8.151212e-01	2000	1	9	19
	246	93	343.454990	48.355160	8.280511e-01	2000	1	9	20
	246	93	344.102362	48.367150	8.450642e-01	2000	1	9	21
	246	93	344.717724	48.384855	8.662767e-01	2000	1	9	22
	246	92	345.289295	48.406298	8.822331e-01	2000	1	9	23
	247	92	345.852229	48.424750	8.951683e-01	2000	1	10	0
	248	93	346.369391	48.478912	9.114027e-01	2000	1	10	1
	248	92	346.878243	48.512304	9.327693e-01	2000	1	10	2
	248	93	347.369718	48.578219	9.469557e-01	2000	1	10	3
	249	92	347.839244	48.628744	9.693255e-01	2000	1	10	4
	249	92	348.280801	48.715124	9.799747e-01	2000	1	10	5
	250	92	348.723572	48.786293	1.008188e+00	2000	1	10	6
	250	92	349.123045	48.859713	1.011799e+00	2000	1	10	7
	250	92	349.516404	48.935372	1.033445e+00	2000	1	10	8
	252	92	349.887489	49.019942	1.036873e+00	2000	1	10	9
	252	92	350.251178	49.107147	1.044095e+00	2000	1	10	10
	252	92	350.595705	49.196822	1.062344e+00	2000	1	10	11
	253	93	350.941578	49.312768	1.088236e+00	2000	1	10	12
	253	93	351.253763	49.436985	1.100998e+00	2000	1	10	13
	253	92	351.590503	49.560457	1.119650e+00	2000	1	10	14
	255	93	351.892564	49.722592	1.131109e+00	2000	1	10	15
	252	109	352.200390	49.890425	1.143405e+00	2000	1	10	16
	253	110	352.482508	50.079805	1.154457e+00	2000	1	10	17
	254	103	352.751848	50.289701	1.169410e+00	2000	1	10	18
	253	110	353.004362	50.536898	1.163093e+00	2000	1	10	19
	253	110	353.252079	50.808100	1.149071e+00	2000	1	10	20
	253	110	353.494236	51.087843	1.135626e+00	2000	1	10	21
	254	110	353.722629	51.417970	1.126619e+00	2000	1	10	22
	254	110	353.946667	51.790197	1.101980e+00	2000	1	10	23
start	162	2000	1	7	0
	46	93	62.046682	46.191834	1.378436e-01	2000	1	7	0
	44	92	62.510836	46.213445	1.372457e-01	2000	1	7	1
	44	92	63.057417	46.290623	1.444297e-01	2000	1	7	2
	47	93	63.695371	46.255972	1.466660e-01	2000	1	7	3
	46	92	64.228197	46.197749	1.572032e-01	2000	1	7	4
	47	93	64.807784	46.356938	1.609693e-01	2000	1	7	5
	48	92	65.392827	46.371664	1.659384e-01	2000	1	7	6
	48	92	66.050369	46.400941	1.725912e-01	2000	1	7	7
	48	92	66.645231	46.498822	1.822186e-01	2000	1	7	8
	48	92	67.212754	46.374693	1.858530e-01	2000	1	7	9
	49	92	67.776869	46.437033	1.946268e-01	2000	1	7	10
	50	92	68.341979	46.387011	1.998787e-01	2000	1	7	11
	50	92	68.802126	46.337716	2.036319e-01	2000	1	7	12
	50	91	69.314013	46.333027	2.057219e-01	2000	1	7	13
	51	92	69.907471	46.408522	2.152843e-01	2000	1	7	14
	50	93	70.473379	46.440634	2.191873e-01	2000	1	7	15
	51	92	71.026007	46.408758	2.227888e-01	2000	1	7	16
	52	93	71.685541	46.498199	2.362714e-01	2000	1	7	17
	52	92	72.354576	46.511051	2.405815e-01	2000	1	7	18
	53	93	72.894059	46.521266	2.490072e-01	2000	1	7	19
	52	92	73.488647	46.499182	2.578888e-01	2000	1	7	20
	54	92	74.029542	46.529001	2.694125e-01	2000	1	7	21
	55	92	74.580461	46.560825	2.786770e-01	2000	1	7	22
	54	92	75.144046	46.505780	2.814951e-01	2000	1	7	23
	55	92	75.649394	46.582978	2.936363e-01	2000	1	8	0
	54	92	76.167402	46.529271	3.052936e-01	2000	1	8	1
	56	92	76.720264	46.632468	3.108349e-01	2000	1	8	2
	55	92	77.341228	46.629861	3.202100e-01	2000	1	8	3
	56	93	77.970533	46.644074	3.289566e-01	2000	1	8	4
	57	92	78.521009	46.732195	3.361030e-01	2000	1	8	5
	57	92	79.155707	46.758469	3.455544e-01	2000	1	8	6
	58	92	79.764613	46.784545	3.580713e-01	2000	1	8	7
	58	92	80.352040	46.849765	3.698363e-01	2000	1	8	8
	59	92	80.979968	46.788535	3.806038e-01	2000	1	8	9
	58	92	81.546867	46.837662	3.927903e-01	2000	1	8	10
	59	92	82.103152	46.821852	4.000912e-01	2000	1	8	11
	60	93	82.694574	46.858302	4.098425e-01	2000	1	8	12
	61	92	83.283449	46.879077	4.211912e-01	2000	1	8	13
	60	92	83.855946	46.923702	4.315701e-01	2000	1	8	14
	61	92	84.518117	46.987004	4.481492e-01	2000	1	8	15
	61	92	85.121420	47.060271	4.622436e-01	2000	1	8	16
	62	92	85.774644	47.141734	4.656205e-01	2000	1	8	17
	63	93	86.445102	47.154229	4.843764e-01	2000	1	8	18
	63	92	87.111840	47.204924	4.936495e-01	2000	1	8	19
	63	92	87.736138	47.253630	5.063963e-01	2000	1	8	20
	63	92	88.404382	47.263999	5.150862e-01	2000	1	8	21
	64	93	89.022751	47.275129	5.290818e-01	2000	1	8	22
	64	92	89.662744	47.317661	5.400615e-01	2000	1	8	23
	64	92	90.274994	47.378247	5.519948e-01	2000	1	9	0
	65	92	90.897680	47.454440	5.668240e-01	2000	1	9	1
	65	93	91.541480	47.517527	5.744901e-01	2000	1	9	2
	67	93	92.184185	47.595197	5.895376e-01	2000	1	9	3
	67	92	92.851587	47.658866	5.993009e-01	2000	1	9	4
	66	92	93.506144	47.710267	6.084819e-01	2000	1	9	5
	67	92	94.178083	47.766473	6.223164e-01	2000	1	9	6
	67	92	94.857379	47.797692	6.318960e-01	2000	1	9	7
	69	92	95.555985	47.797921	6.549315e-01	2000	1	9	8
	69	93	96.195007	47.844407	6.655450e-01	2000	1	9	9
	70	93	96.869341	47.871404	6.827493e-01	2000	1	9	10
	70	92	97.517981	47.925219	7.035165e-01	2000	1	9	11
	70	92	98.151654	47.975740	7.130361e-01	2000	1	9	12
	71	92	98.806532	48.030838	7.273965e-01	2000	1	9	13
	71	92	99.447617	48.105982	7.386208e-01	2000	1	9	14
	72	92	100.108821	48.154985	7.486644e-01	2000	1	9	15
	73	93	100.780792	48.213861	7.730489e-01	2000	1	9	16
	73	92	101.474732	48.228806	7.839527e-01	2000	1	9	17
	73	93	102.116659	48.310241	7.999282e-01	2000	1	9	18
	74	93	102.816153	48.315080	8.183470e-01	2000	1	9	19
	75	93	103.481238	48.353786	8.289208e-01	2000	1	9	20
	75	93	104.146485	48.377920	8.432822e-01	2000	1	9	21
	76	93	104.803356	48.396589	8.589263e-01	2000	1	9	22
	76	93	105.437571	48.433396	8.780298e-01	2000	1	9	23
	77	92	106.106997	48.446256	8.948517e-01	2000	1	10	0
	77	93	106.755319	48.488996	9.099059e-01	2000	1	10	1
	77	92	107.428044	48.523424	9.330516e-01	2000	1	10	2
	79	93	108.123528	48.575965	9.432960e-01	2000	1	10	3
	78	92	108.793338	48.619633	9.632993e-01	2000	1	10	4
	78	93	109.504706	48.639001	9.791803e-01	2000	1	10	5
	80	93	110.187895	48.681322	9.893007e-01	2000	1	10	6
	80	92	110.884405	48.706209	1.005058e+00	2000	1	10	7
	80	93	111.566332	48.731052	1.015816e+00	2000	1	10	8
	81	92	112.275686	48.753840	1.040363e+00	2000	1	10	9
	81	92	112.978613	48.784814	1.058219e+00	2000	1	10	10
	81	92	113.708122	48.808743	1.062194e+00	2000	1	10	11
	82	92	114.434325	48.834470	1.077444e+00	2000	1	10	12
	82	92	115.191179	48.863870	1.097198e+00	2000	1	10	13
	83	92	115.949080	48.889873	1.108136e+00	2000	1	10	14
	84	92	116.729890	48.917392	1.135091e+00	2000	1	10	15
	84	93	117.515719	48.940328	1.143096e+00	2000	1	10	16
	86	94	118.308658	48.951955	1.160341e+00	2000	1	10	17
	86	93	119.133282	48.946750	1.187004e+00	2000	1	10	18
	86	93	119.947137	48.940060	1.200125e+00	2000	1	10	19
	88	96	120.771638	48.935317	1.231183e+00	2000	1	10	20
	89	95	121.610522	48.931542	1.267970e+00	2000	1	10	21
	89	95	122.449932	48.907321	1.296190e+00	2000	1	10	22
	89	95	123.319493	48.891186	1.301168e+00	2000	1	10	23
	90	95	124.186700	48.881328	1.336480e+00	2000	1	11	0
	90	95	125.070222	48.859820	1.347286e+00	2000	1	11	1
	91	95	125.947855	48.842763	1.369093e+00	2000	1	11	2
	91	95	126.875111	48.813713	1.375625e+00	2000	1	11	3
	92	95	127.792135	48.780548	1.398619e+00	2000	1	11	4
	92	95	128.717019	48.746580	1.411615e+00	2000	1	11	5
	93	95	129.651530	48.704765	1.419504e+00	2000	1	11	6
	94	95	130.598668	48.667851	1.421402e+00	2000	1	11	7
	94	95	131.537057	48.622938	1.433310e+00	2000	1	11	8
	95	95	132.471658	48.581716	1.438608e+00	2000	1	11	9
	100	97	133.443444	48.507147	1.475599e+00	2000	1	11	10
	101	97	134.404890	48.446400	1.491388e+00	2000	1	11	11
	101	96	135.361807	48.391834	1.518261e+00	2000	1	11	12
	102	96	136.329621	48.346407	1.557626e+00	2000	1	11	13
	102	96	137.299666	48.295156	1.595414e+00	2000	1	11	14
	103	95	138.277563	48.245953	1.623900e+00	2000	1	11	15
	104	96	139.256538	48.232795	1.663325e+00	2000	1	11	16
	98	91	140.208467	48.190728	1.677002e+00	2000	1	11	17
	104	95	141.174637	48.161688	1.711909e+00	2000	1	11	18
	105	95	142.136778	48.130358	1.758850e+00	2000	1	11	19
	106	95	143.103414	48.100686	1.787834e+00	2000	1	11	20
	106	95	144.074367	48.078754	1.803067e+00	2000	1	11	21
	106	95	145.048790	48.061912	1.833471e+00	2000	1	11	22
	106	95	146.037993	48.047874	1.851797e+00	2000	1	11	23
	108	94	147.064990	48.011440	1.908340e+00	2000	1	12	0
	108	94	148.110165	48.022988	1.929949e+00	2000	1	12	1
	109	94	149.152006	48.016830	1.931313e+00	2000	1	12	2
	109	95	150.198236	47.997508	1.957248e+00	2000	1	12	3
	116	89	151.253251	47.979126	1.993734e+00	2000	1	12	4
	116	89	152.301974	47.952511	2.003771e+00	2000	1	12	5
	116	89	153.377923	47.935614	2.029965e+00	2000	1	12	6
	117	89	154.447905	47.925912	2.035136e+00	2000	1	12	7
	118	89	155.507897	47.923332	2.048275e+00	2000	1	12	8
	118	89	156.605378	47.911932	2.051939e+00	2000	1	12	9
	119	89	157.694962	47.897957	2.076084e+00	2000	1	12	10
	119	89	158.819582	47.904393	2.087440e+00	2000	1	12	11
	120	90	159.947902	47.917667	2.065221e+00	2000	1	12	12
	116	95	161.093114	47.920327	2.087667e+00	2000	1	12	13
	121	90	162.260650	47.925733	2.075795e+00	2000	1	12	14
	122	90	163.433478	47.950535	2.080795e+00	2000	1	12	15
	123	90	164.612822	47.969451	2.066597e+00	2000	1	12	16
	124	90	165.796830	47.995731	2.054283e+00	2000	1	12	17
	125	90	166.976596	48.012275	2.058801e+00	2000	1	12	18
	125	90	168.172686	48.044268	2.025259e+00	2000	1	12	19
	126	91	169.366011	48.073815	1.967674e+00	2000	1	12	20
	122	96	170.575328	48.103741	1.922808e+00	2000	1	12	21
	116	89	171.757368	48.143799	1.892958e+00	2000	1	12	22
	117	89	172.951144	48.175781	1.839322e+00	2000	1	12	23
	118	89	174.160952	48.208601	1.786413e+00	2000	1	13	0
	118	89	175.380803	48.243517	1.726048e+00	2000	1	13	1
	119	89	176.582407	48.269954	1.668584e+00	2000	1	13	2
	119	89	177.811513	48.293669	1.654975e+00	2000	1	13	3
	121	89	179.028935	48.343072	1.653523e+00	2000	1	13	4
	121	89	180.246060	48.385398	1.637274e+00	2000	1	13	5
	122	89	181.461537	48.431374	1.622602e+00	2000	1	13	6
	123	89	182.666836	48.491041	1.617030e+00	2000	1	13	7
	124	89	183.856714	48.557183	1.613778e+00	2000	1	13	8
	125	89	185.043233	48.617777	1.596843e+00	2000	1	13	9
	127	90	186.233987	48.692149	1.580477e+00	2000	1	13	10
	128	90	187.385632	48.785440	1.581714e+00	2000	1	13	11
	129	90	188.553858	48.879272	1.577325e+00	2000	1	13	12
	128	89	189.724317	48.995211	1.527744e+00	2000	1	13	13
	128	89	190.889545	49.122517	1.551051e+00	2000	1	13	14
	5	89	189.636685	49.966879	1.494131e+00	2000	1	13	20
	7	89	186.942800	50.106210	1.432976e+00	2000	1	13	22
	94	89	176.736566	50.157124	1.360453e+00	2000	1	14	0
start	149	2000	1	7	0
	174	93	242.046665	46.191832	1.378436e-01	2000	1	7	0
	172	92	242.507689	46.210491	1.372457e-01	2000	1	7	1
	172	92	243.059146	46.290469	1.444297e-01	2000	1	7	2
	175	93	243.695402	46.255935	1.466660e-01	2000	1	7	3
	174	92	244.233560	46.193083	1.572032e-01	2000	1	7	4
	175	93	244.807053	46.360780	1.609693e-01	2000	1	7	5
	176	92	245.393280	46.371948	1.659384e-01	2000	1	7	6
	176	92	246.051102	46.401252	1.725912e-01	2000	1	7	7
	176	92	246.647460	46.500917	1.822186e-01	2000	1	7	8
	176	92	247.208937	46.374054	1.858530e-01	2000	1	7	9
	177	92	247.777414	46.438036	1.946268e-01	2000	1	7	10
	178	92	248.337251	46.380599	1.998787e-01	2000	1	7	11
	178	92	248.801858	46.340836	2.036319e-01	2000	1	7	12
	178	91	249.315210	46.333723	2.057219e-01	2000	1	7	13
	179	92	249.903839	46.403491	2.152843e-01	2000	1	7	14
	178	93	250.475185	46.438327	2.191873e-01	2000	1	7	15
	179	92	251.027590	46.383438	2.227888e-01	2000	1	7	16
	180	93	251.688896	46.507084	2.362714e-01	2000	1	7	17
	180	92	252.354846	46.509923	2.405815e-01	2000	1	7	18
	181	93	252.891792	46.523815	2.490072e-01	2000	1	7	19
	180	92	253.489220	46.499669	2.578888e-01	2000	1	7	20
	182	92	254.030688	46.531150	2.694125e-01	2000	1	7	21
	183	92	254.582888	46.560770	2.786770e-01	2000	1	7	22
	182	92	255.144260	46.507568	2.814951e-01	2000	1	7	23
	183	92	255.647672	46.587536	2.936363e-01	2000	1	8	0
	182	92	256.166292	46.528872	3.052936e-01	2000	1	8	1
	184	92	256.721072	46.634739	3.108349e-01	2000	1	8	2
	183	92	257.341547	46.627763	3.202100e-01	2000	1	8	3
	184	93	257.967842	46.645069	3.289566e-01	2000	1	8	4
	185	92	258.520979	46.729696	3.361030e-01	2000	1	8	5
	185	92	259.156837	46.760138	3.455544e-01	2000	1	8	6
	186	92	259.763529	46.786258	3.580713e-01	2000	1	8	7
	186	92	260.353627	46.849229	3.698363e-01	2000	1	8	8
	187	92	260.983259	46.787931	3.806038e-01	2000	1	8	9
	186	92	261.547885	46.839510	3.927903e-01	2000	1	8	10
	187	92	262.100697	46.814318	4.000912e-01	2000	1	8	11
	188	93	262.691580	46.854695	4.098425e-01	2000	1	8	12
	189	92	263.282418	46.880961	4.211912e-01	2000	1	8	13
	188	92	263.856212	46.927488	4.315701e-01	2000	1	8	14
	189	92	264.515859	46.991639	4.481492e-01	2000	1	8	15
	189	92	265.122085	47.062051	4.622436e-01	2000	1	8	16
	190	92	265.772408	47.143218	4.656205e-01	2000	1	8	17
	191	93	266.441637	47.159041	4.843764e-01	2000	1	8	18
	191	92	267.111027	47.206790	4.936495e-01	2000	1	8	19
	191	92	267.734015	47.254056	5.063963e-01	2000	1	8	20
	191	92	268.397723	47.271856	5.150862e-01	2000	1	8	21
	192	93	269.022324	47.274362	5.290818e-01	2000	1	8	22
	192	92	269.663026	47.317342	5.400615e-01	2000	1	8	23
	192	92	270.278996	47.375734	5.519948e-01	2000	1	9	0
	193	92	270.900170	47.453307	5.668240e-01	2000	1	9	1
	193	93	271.539600	47.517849	5.744901e-01	2000	1	9	2
	195	93	272.184332	47.597003	5.895376e-01	2000	1	9	3
	195	92	272.851252	47.662246	5.993009e-01	2000	1	9	4
	194	92	273.507064	47.709493	6.084819e-01	2000	1	9	5
	195	92	274.179987	47.766156	6.223164e-01	2000	1	9	6
	195	92	274.854197	47.805067	6.318960e-01	2000	1	9	7
	197	92	275.558567	47.799200	6.549315e-01	2000	1	9	8
	197	93	276.191827	47.846021	6.655450e-01	2000	1	9	9
	198	93	276.870255	47.874221	6.827493e-01	2000	1	9	10
	198	92	277.518905	47.924203	7.035165e-01	2000	1	9	11
	198	92	278.147492	47.978049	7.130361e-01	2000	1	9	12
	199	92	278.806774	48.031264	7.273965e-01	2000	1	9	13
	199	92	279.446040	48.106621	7.386208e-01	2000	1	9	14
	200	92	280.108605	48.154932	7.486644e-01	2000	1	9	15
	201	93	280.781359	48.215018	7.730489e-01	2000	1	9	16
	201	92	281.473373	48.230650	7.839527e-01	2000	1	9	17
	201	93	282.116434	48.312372	7.999282e-01	2000	1	9	18
	202	93	282.817867	48.318247	8.183470e-01	2000	1	9	19
	203	93	283.481637	48.354130	8.289208e-01	2000	1	9	20
	203	93	284.144706	48.378710	8.432822e-01	2000	1	9	21
	204	93	284.805439	48.396716	8.589263e-01	2000	1	9	22
	204	93	285.438086	48.433500	8.780298e-01	2000	1	9	23
	205	92	286.105738	48.449136	8.948517e-01	2000	1	10	0
	205	93	286.754313	48.489901	9.099059e-01	2000	1	10	1
	205	92	287.429549	48.523339	9.330516e-01	2000	1	10	2
	207	93	288.125132	48.575705	9.432960e-01	2000	1	10	3
	206	92	288.794529	48.618167	9.632993e-01	2000	1	10	4
	206	93	289.503335	48.639016	9.791803e-01	2000	1	10	5
	208	93	290.183684	48.681827	9.893007e-01	2000	1	10	6
	208	92	290.882165	48.706980	1.005058e+00	2000	1	10	7
	208	93	291.567611	48.730983	1.015816e+00	2000	1	10	8
	209	92	292.276527	48.753001	1.040363e+00	2000	1	10	9
	209	92	292.981182	48.784733	1.058219e+00	2000	1	10	10
	209	92	293.708594	48.808423	1.062194e+00	2000	1	10	11
	210	92	294.434632	48.832213	1.077444e+00	2000	1	10	12
	210	92	295.189103	48.863566	1.097198e+00	2000	1	10	13
	211	92	295.948519	48.888727	1.108136e+00	2000	1	10	14
	212	92	296.729267	48.916927	1.135091e+00	2000	1	10	15
	212	93	297.516418	48.939836	1.143096e+00	2000	1	10	16
	214	94	298.307763	48.951805	1.160341e+00	2000	1	10	17
	214	93	299.132998	48.946317	1.187004e+00	2000	1	10	18
	214	93	299.947510	48.941361	1.200125e+00	2000	1	10	19
	216	96	300.771593	48.934846	1.231183e+00	2000	1	10	20
	217	95	301.611504	48.930977	1.267970e+00	2000	1	10	21
	217	95	302.446680	48.909179	1.296190e+00	2000	1	10	22
	217	95	303.317302	48.890290	1.301168e+00	2000	1	10	23
	218	95	304.187241	48.880342	1.336480e+00	2000	1	11	0
	218	95	305.070959	48.859963	1.347286e+00	2000	1	11	1
	219	95	305.948689	48.842275	1.369093e+00	2000	1	11	2
	219	95	306.874877	48.813838	1.375625e+00	2000	1	11	3
	220	95	307.791890	48.780103	1.398619e+00	2000	1	11	4
	220	95	308.717361	48.746653	1.411615e+00	2000	1	11	5
	221	95	309.653592	48.704142	1.419504e+00	2000	1	11	6
	222	95	310.597363	48.668593	1.421402e+00	2000	1	11	7
	222	95	311.536987	48.622870	1.433310e+00	2000	1	11	8
	223	95	312.470812	48.582209	1.438608e+00	2000	1	11	9
	228	97	313.444807	48.507739	1.475599e+00	2000	1	11	10
	229	97	314.405213	48.446737	1.491388e+00	2000	1	11	11
	229	96	315.361761	48.389865	1.518261e+00	2000	1	11	12
	230	96	316.329393	48.346204	1.557626e+00	2000	1	11	13
	230	96	317.299711	48.295319	1.595414e+00	2000	1	11	14
	231	95	318.278498	48.247163	1.623900e+00	2000	1	11	15
	232	96	319.258287	48.230816	1.663325e+00	2000	1	11	16
	226	91	320.210616	48.188047	1.677002e+00	2000	1	11	17
	232	95	321.175117	48.160992	1.711909e+00	2000	1	11	18
	233	95	322.138511	48.130433	1.758850e+00	2000	1	11	19
	234	95	323.105240	48.101108	1.787834e+00	2000	1	11	20
	234	95	324.075306	48.080164	1.803067e+00	2000	1	11	21
	234	95	325.050241	48.061863	1.833471e+00	2000	1	11	22
	234	95	326.039068	48.045287	1.851797e+00	2000	1	11	23
	236	94	327.066553	48.010693	1.908340e+00	2000	1	12	0
	236	94	328.108322	48.020819	1.929949e+00	2000	1	12	1
	237	94	329.151442	48.014439	1.931313e+00	2000	1	12	2
	244	89	330.196963	47.994879	1.957248e+00	2000	1	12	3
	244	89	331.251262	47.975899	1.993734e+00	2000	1	12	4
	244	89	332.301917	47.953038	2.003771e+00	2000	1	12	5
	244	89	333.377793	47.936030	2.029965e+00	2000	1	12	6
	245	89	334.449262	47.925428	2.035136e+00	2000	1	12	7
	246	89	335.506791	47.922881	2.048275e+00	2000	1	12	8
	246	89	336.606634	47.910904	2.051939e+00	2000	1	12	9
	247	89	337.697359	47.898277	2.076084e+00	2000	1	12	10
	247	89	338.820449	47.903768	2.087440e+00	2000	1	12	11
	248	90	339.942790	47.919301	2.065221e+00	2000	1	12	12
	244	95	341.045591	47.925003	2.087667e+00	2000	1	12	13
	249	90	342.128400	47.936539	2.075795e+00	2000	1	12	14
	250	90	343.163513	47.964818	2.080795e+00	2000	1	12	15
	251	90	344.141703	47.984873	2.066597e+00	2000	1	12	16
	252	90	345.054488	48.022389	2.054283e+00	2000	1	12	17
	253	90	345.891773	48.053412	2.058801e+00	2000	1	12	18
	253	90	346.659088	48.115160	2.025259e+00	2000	1	12	19
	254	91	347.353045	48.183010	1.967674e+00	2000	1	12	20
	250	96	347.991182	48.252131	1.922808e+00	2000	1	12	21
	244	89	348.532502	48.327552	1.892958e+00	2000	1	12	22
	245	89	349.008552	48.390984	1.839322e+00	2000	1	12	23
	246	89	349.414787	48.450131	1.786413e+00	2000	1	13	0
	246	89	349.736930	48.516015	1.726048e+00	2000	1	13	1
	247	89	349.929204	48.588807	1.668584e+00	2000	1	13	2
	247	89	350.078941	48.689465	1.654975e+00	2000	1	13	3
	249	89	350.123842	48.899558	1.653523e+00	2000	1	13	4
