start	119	2000	1	7	0
	23	91	32.056429	46.230386	1.409092e-01	2000	1	7	0
	24	91	32.514091	46.255608	1.414542e-01	2000	1	7	1
	23	92	33.119512	46.214534	1.457982e-01	2000	1	7	2
	23	93	33.782167	46.263360	1.505194e-01	2000	1	7	3
	23	91	34.329505	46.202091	1.531949e-01	2000	1	7	4
	24	92	34.867050	46.259099	1.606793e-01	2000	1	7	5
	26	92	35.529626	46.365146	1.703081e-01	2000	1	7	6
	25	92	36.014057	46.368750	1.717796e-01	2000	1	7	7
	26	91	36.594250	46.449315	1.756258e-01	2000	1	7	8
	27	92	37.149517	46.380377	1.870961e-01	2000	1	7	9
	28	92	37.806930	46.351061	1.919422e-01	2000	1	7	10
	27	92	38.268751	46.329653	1.949248e-01	2000	1	7	11
	27	92	38.802480	46.384110	2.089281e-01	2000	1	7	12
	30	93	39.365106	46.265024	2.082853e-01	2000	1	7	13
	29	92	39.878116	46.310795	2.172165e-01	2000	1	7	14
	28	92	40.519904	46.362899	2.237577e-01	2000	1	7	15
	30	92	41.058871	46.419639	2.307639e-01	2000	1	7	16
	29	91	41.625111	46.484670	2.312622e-01	2000	1	7	17
	32	92	42.287178	46.538200	2.445531e-01	2000	1	7	18
	31	91	42.836702	46.497996	2.454290e-01	2000	1	7	19
	32	93	43.403277	46.590284	2.577267e-01	2000	1	7	20
	32	92	44.034227	46.569504	2.867994e-01	2000	1	7	21
	34	92	44.555891	46.552311	2.760153e-01	2000	1	7	22
	33	92	45.058015	46.532510	2.955761e-01	2000	1	7	23
	32	92	45.568994	46.561187	2.996655e-01	2000	1	8	0
	34	91	46.136283	46.492754	3.117366e-01	2000	1	8	1
	34	92	46.653575	46.618728	3.125796e-01	2000	1	8	2
	35	92	47.229645	46.631000	3.250217e-01	2000	1	8	3
	35	91	47.799909	46.687944	3.382158e-01	2000	1	8	4
	36	92	48.416810	46.708835	3.449254e-01	2000	1	8	5
	36	92	48.957298	46.787017	3.585887e-01	2000	1	8	6
	36	92	49.587129	46.793805	3.734193e-01	2000	1	8	7
	38	92	50.152923	46.842889	3.784413e-01	2000	1	8	8
	37	92	50.710611	46.823617	3.916159e-01	2000	1	8	9
	38	92	51.280842	46.796321	4.040232e-01	2000	1	8	10
	37	92	51.781553	46.824669	4.195738e-01	2000	1	8	11
	39	92	52.350397	46.827625	4.244003e-01	2000	1	8	12
	39	92	52.874809	46.869635	4.458456e-01	2000	1	8	13
	38	92	53.461867	46.922172	4.487834e-01	2000	1	8	14
	38	92	54.048627	46.958371	4.635344e-01	2000	1	8	15
	40	92	54.600911	47.028818	4.827595e-01	2000	1	8	16
	40	92	55.200906	47.114773	4.974823e-01	2000	1	8	17
	41	92	55.808080	47.165788	5.094676e-01	2000	1	8	18
	42	92	56.393758	47.193577	5.166597e-01	2000	1	8	19
	41	92	56.995520	47.217574	5.358253e-01	2000	1	8	20
	42	92	57.568660	47.261417	5.479813e-01	2000	1	8	21
	42	92	58.172259	47.294499	5.567727e-01	2000	1	8	22
	43	91	58.762291	47.309215	5.809693e-01	2000	1	8	23
	43	91	59.350862	47.387284	5.868912e-01	2000	1	9	0
	44	91	59.947036	47.469783	6.039176e-01	2000	1	9	1
	44	91	60.556220	47.498950	6.076336e-01	2000	1	9	2
	44	92	61.182978	47.570465	6.219158e-01	2000	1	9	3
	45	92	61.799699	47.646679	6.405721e-01	2000	1	9	4
	46	91	62.448427	47.709537	6.540456e-01	2000	1	9	5
	46	92	63.075297	47.753420	6.714563e-01	2000	1	9	6
	47	91	63.754789	47.790715	6.847067e-01	2000	1	9	7
	47	91	64.393193	47.830260	7.028975e-01	2000	1	9	8
	48	91	65.042703	47.851665	7.206521e-01	2000	1	9	9
	48	92	65.684277	47.893515	7.510467e-01	2000	1	9	10
	48	92	66.317451	47.919682	7.452102e-01	2000	1	9	11
	49	92	66.955762	47.975190	7.615004e-01	2000	1	9	12
	48	91	67.587668	48.033744	7.682018e-01	2000	1	9	13
	49	91	68.231966	48.097847	8.004026e-01	2000	1	9	14
	51	91	68.893440	48.144916	8.074656e-01	2000	1	9	15
	50	91	69.535938	48.212137	8.304448e-01	2000	1	9	16
	50	91	70.228527	48.263235	8.483038e-01	2000	1	9	17
	51	91	70.916930	48.284805	8.571377e-01	2000	1	9	18
	51	92	71.575452	48.344981	8.754106e-01	2000	1	9	19
	52	92	72.298970	48.358233	8.866334e-01	2000	1	9	20
	53	92	72.972662	48.386295	9.152327e-01	2000	1	9	21
	54	91	73.679410	48.400886	9.200654e-01	2000	1	9	22
	54	92	74.370151	48.441647	9.365373e-01	2000	1	9	23
	54	92	75.076892	48.458688	9.547443e-01	2000	1	10	0
	54	91	75.776813	48.494575	9.604568e-01	2000	1	10	1
	55	91	76.486860	48.543763	9.788218e-01	2000	1	10	2
	55	92	77.219355	48.574895	1.026817e+00	2000	1	10	3
	55	92	77.912699	48.619445	1.030015e+00	2000	1	10	4
	56	91	78.648668	48.641125	1.051917e+00	2000	1	10	5
	56	91	79.371458	48.681042	1.093297e+00	2000	1	10	6
	57	91	80.096172	48.703819	1.120747e+00	2000	1	10	7
	57	91	80.818885	48.747546	1.136704e+00	2000	1	10	8
	58	91	81.547493	48.765782	1.160875e+00	2000	1	10	9
	59	91	82.269513	48.781876	1.185356e+00	2000	1	10	10
	59	91	83.002982	48.809167	1.217562e+00	2000	1	10	11
	60	91	83.734504	48.839295	1.257346e+00	2000	1	10	12
	60	91	84.481567	48.878062	1.256129e+00	2000	1	10	13
	60	91	85.206881	48.893760	1.322076e+00	2000	1	10	14
	61	91	85.962075	48.920745	1.331624e+00	2000	1	10	15
	61	91	86.722010	48.938196	1.365593e+00	2000	1	10	16
	63	91	87.473668	48.958325	1.382085e+00	2000	1	10	17
	63	92	88.232557	48.950117	1.407509e+00	2000	1	10	18
	63	91	88.970332	48.953979	1.418542e+00	2000	1	10	19
	64	91	89.738025	48.951034	1.455019e+00	2000	1	10	20
	64	91	90.489734	48.928927	1.494710e+00	2000	1	10	21
	65	91	91.244303	48.906879	1.504503e+00	2000	1	10	22
	65	91	92.002633	48.909927	1.552501e+00	2000	1	10	23
	66	91	92.778911	48.892303	1.566767e+00	2000	1	11	0
	67	91	93.565057	48.881981	1.578399e+00	2000	1	11	1
	67	91	94.369875	48.852865	1.613270e+00	2000	1	11	2
	69	91	96.005645	48.799750	1.661105e+00	2000	1	11	4
	69	91	96.842817	48.762736	1.725191e+00	2000	1	11	5
	71	90	97.702443	48.718353	1.729384e+00	2000	1	11	6
	71	91	98.561033	48.666795	1.744907e+00	2000	1	11	7
	72	96	99.441448	48.621443	1.820831e+00	2000	1	11	8
	73	90	100.316333	48.583281	1.804801e+00	2000	1	11	9
	31	90	101.229092	48.525956	1.864667e+00	2000	1	11	10
	76	89	105.076239	48.310967	1.979627e+00	2000	1	11	14
	76	89	106.060099	48.274203	2.007763e+00	2000	1	11	15
	77	89	107.064175	48.231070	2.022008e+00	2000	1	11	16
	78	89	108.080514	48.201625	2.080754e+00	2000	1	11	17
	79	89	109.115663	48.163866	2.136987e+00	2000	1	11	18
	79	89	110.173642	48.136528	2.141346e+00	2000	1	11	19
	81	95	112.341470	48.100153	2.187399e+00	2000	1	11	21
	85	94	116.979959	48.033653	2.247714e+00	2000	1	12	1
	82	89	118.151730	48.023569	2.236796e+00	2000	1	12	2
	86	94	119.305712	47.998803	2.261476e+00	2000	1	12	3
	84	89	120.476221	47.981668	2.289606e+00	2000	1	12	4
	84	89	121.631817	47.970981	2.251221e+00	2000	1	12	5
	90	94	122.799346	47.958085	2.256632e+00	2000	1	12	6
start	120	2000	1	7	0
	151	91	211.989370	46.273249	1.409092e-01	2000	1	7	0
	152	91	212.486332	46.274952	1.414542e-01	2000	1	7	1
	151	92	213.095046	46.234927	1.457982e-01	2000	1	7	2
	151	93	213.781289	46.263152	1.505194e-01	2000	1	7	3
	151	91	214.329550	46.203375	1.531949e-01	2000	1	7	4
	152	92	214.867054	46.259099	1.606793e-01	2000	1	7	5
	154	92	215.533028	46.365736	1.703081e-01	2000	1	7	6
	153	92	216.016381	46.363797	1.717796e-01	2000	1	7	7
	154	91	216.572887	46.467142	1.756258e-01	2000	1	7	8
	155	92	217.138095	46.388903	1.870961e-01	2000	1	7	9
	156	92	217.803815	46.348566	1.919422e-01	2000	1	7	10
	155	92	218.269432	46.324588	1.949248e-01	2000	1	7	11
	155	92	218.802491	46.384117	2.089281e-01	2000	1	7	12
	158	93	219.365877	46.265829	2.082853e-01	2000	1	7	13
	157	92	219.878120	46.310796	2.172165e-01	2000	1	7	14
	156	92	220.519918	46.362945	2.237577e-01	2000	1	7	15
	158	92	221.060825	46.423150	2.307639e-01	2000	1	7	16
	157	91	221.626665	46.482313	2.312622e-01	2000	1	7	17
	160	92	222.287448	46.535250	2.445531e-01	2000	1	7	18
	159	91	222.836139	46.495121	2.454290e-01	2000	1	7	19
	160	93	223.403322	46.591111	2.577267e-01	2000	1	7	20
	160	92	224.033870	46.572298	2.867994e-01	2000	1	7	21
	162	92	224.556362	46.554922	2.760153e-01	2000	1	7	22
	161	92	225.057991	46.533773	2.955761e-01	2000	1	7	23
	160	92	225.568275	46.558616	2.996655e-01	2000	1	8	0
	162	91	226.134837	46.491452	3.117366e-01	2000	1	8	1
	162	92	226.653617	46.618770	3.125796e-01	2000	1	8	2
	163	92	227.230026	46.630514	3.250217e-01	2000	1	8	3
	163	91	227.797850	46.688743	3.382158e-01	2000	1	8	4
	164	92	228.416880	46.708934	3.449254e-01	2000	1	8	5
	164	92	228.956595	46.787331	3.585887e-01	2000	1	8	6
	164	92	229.587807	46.793057	3.734193e-01	2000	1	8	7
	166	92	230.154474	46.840759	3.784413e-01	2000	1	8	8
	165	92	230.708579	46.822251	3.916159e-01	2000	1	8	9
	166	92	231.280481	46.794887	4.040232e-01	2000	1	8	10
	165	92	231.780978	46.826661	4.195738e-01	2000	1	8	11
	167	92	232.349435	46.825231	4.244003e-01	2000	1	8	12
	167	92	232.875935	46.871298	4.458456e-01	2000	1	8	13
	166	92	233.459233	46.924551	4.487834e-01	2000	1	8	14
	166	92	234.046529	46.956714	4.635344e-01	2000	1	8	15
	168	92	234.601113	47.027440	4.827595e-01	2000	1	8	16
	168	92	235.198712	47.115761	4.974823e-01	2000	1	8	17
	169	92	235.808391	47.165809	5.094676e-01	2000	1	8	18
	170	92	236.391720	47.192080	5.166597e-01	2000	1	8	19
	169	92	236.998779	47.215163	5.358253e-01	2000	1	8	20
	170	92	237.568364	47.263408	5.479813e-01	2000	1	8	21
	170	92	238.170708	47.294485	5.567727e-01	2000	1	8	22
	171	91	238.762361	47.309351	5.809693e-01	2000	1	8	23
	171	91	239.349619	47.386532	5.868912e-01	2000	1	9	0
	172	91	239.945664	47.465317	6.039176e-01	2000	1	9	1
	172	91	240.558133	47.500411	6.076336e-01	2000	1	9	2
	172	91	241.184436	47.567781	6.249347e-01	2000	1	9	3
	173	92	241.799061	47.646756	6.405721e-01	2000	1	9	4
	174	91	242.448099	47.709500	6.540456e-01	2000	1	9	5
	174	92	243.078688	47.754702	6.714563e-01	2000	1	9	6
	175	91	243.755618	47.792417	6.847067e-01	2000	1	9	7
	175	91	244.391218	47.828531	7.028975e-01	2000	1	9	8
	176	91	245.043016	47.851724	7.206521e-01	2000	1	9	9
	176	92	245.682022	47.889863	7.510467e-01	2000	1	9	10
	176	92	246.316963	47.919088	7.452102e-01	2000	1	9	11
	177	92	246.956279	47.975124	7.615004e-01	2000	1	9	12
	176	91	247.589829	48.033271	7.682018e-01	2000	1	9	13
	177	91	248.231457	48.097713	8.004103e-01	2000	1	9	14
	179	91	248.893059	48.144739	8.074656e-01	2000	1	9	15
	178	91	249.535933	48.211316	8.304448e-01	2000	1	9	16
	178	91	250.230352	48.261034	8.483038e-01	2000	1	9	17
	179	91	250.917093	48.284201	8.571377e-01	2000	1	9	18
	180	92	251.576852	48.346787	8.765988e-01	2000	1	9	19
	180	92	252.299661	48.357258	8.866334e-01	2000	1	9	20
	181	92	252.971815	48.387383	9.152327e-01	2000	1	9	21
	182	91	253.681255	48.401586	9.199100e-01	2000	1	9	22
	182	92	254.370270	48.439603	9.365373e-01	2000	1	9	23
	182	92	255.077199	48.457220	9.547443e-01	2000	1	10	0
	182	91	255.778581	48.495531	9.604568e-01	2000	1	10	1
	183	91	256.489225	48.543499	9.788218e-01	2000	1	10	2
	183	92	257.218877	48.574524	1.026817e+00	2000	1	10	3
	183	92	257.913313	48.616718	1.030015e+00	2000	1	10	4
	184	91	258.648785	48.641630	1.051917e+00	2000	1	10	5
	184	91	259.371950	48.681709	1.093297e+00	2000	1	10	6
	185	91	260.095770	48.703745	1.120747e+00	2000	1	10	7
	185	91	260.817627	48.747770	1.136704e+00	2000	1	10	8
	186	91	261.547387	48.765772	1.160875e+00	2000	1	10	9
	187	91	262.269695	48.779059	1.185356e+00	2000	1	10	10
	187	91	263.003624	48.810155	1.217562e+00	2000	1	10	11
	188	91	263.735004	48.838579	1.257346e+00	2000	1	10	12
	188	91	264.482358	48.877548	1.256129e+00	2000	1	10	13
	188	91	265.207522	48.893292	1.322076e+00	2000	1	10	14
	189	91	265.962213	48.920474	1.331624e+00	2000	1	10	15
	189	91	266.723577	48.936118	1.365593e+00	2000	1	10	16
	191	91	267.472879	48.957058	1.382085e+00	2000	1	10	17
	191	92	268.232670	48.951143	1.407509e+00	2000	1	10	18
	191	91	268.970850	48.950546	1.418542e+00	2000	1	10	19
	192	92	269.738911	48.950907	1.455019e+00	2000	1	10	20
	192	91	270.489833	48.928554	1.494710e+00	2000	1	10	21
	193	91	271.245794	48.905475	1.504236e+00	2000	1	10	22
	193	91	272.003393	48.909340	1.552501e+00	2000	1	10	23
	194	91	272.780832	48.891437	1.566767e+00	2000	1	11	0
	195	91	273.564548	48.880680	1.578399e+00	2000	1	11	1
	195	91	274.372351	48.850748	1.613270e+00	2000	1	11	2
	197	91	276.007097	48.798103	1.661105e+00	2000	1	11	4
	197	91	276.846213	48.758042	1.725191e+00	2000	1	11	5
	199	90	277.702900	48.718759	1.729384e+00	2000	1	11	6
	199	91	278.562771	48.664920	1.744907e+00	2000	1	11	7
	200	96	279.443570	48.621719	1.820831e+00	2000	1	11	8
	201	90	280.316949	48.582524	1.804801e+00	2000	1	11	9
	204	89	286.064810	48.271181	2.007763e+00	2000	1	11	15
	205	89	287.069265	48.227390	2.022008e+00	2000	1	11	16
	206	89	288.083502	48.202123	2.080754e+00	2000	1	11	17
	207	89	289.115281	48.162231	2.136987e+00	2000	1	11	18
	207	89	290.174690	48.136838	2.149243e+00	2000	1	11	19
	209	95	292.341527	48.099185	2.187399e+00	2000	1	11	21
	210	94	293.474312	48.073634	2.196562e+00	2000	1	11	22
	213	94	296.981852	48.031901	2.247714e+00	2000	1	12	1
	210	89	298.157155	48.021229	2.236796e+00	2000	1	12	2
	214	94	299.307681	47.996128	2.261476e+00	2000	1	12	3
	212	89	300.480257	47.980432	2.289606e+00	2000	1	12	4
	212	89	301.636400	47.969585	2.260808e+00	2000	1	12	5
	213	89	303.967317	47.947691	2.245422e+00	2000	1	12	7
	1	89	311.245446	47.942575	2.242555e+00	2000	1	12	8
	226	94	313.897176	47.964158	2.095291e+00	2000	1	12	15
start	124	2000	1	7	0
	67	92	92.023881	46.213013	1.421170e-01	2000	1	7	0
	66	93	92.389801	46.272448	1.430235e-01	2000	1	7	1
	65	92	93.046620	46.325555	1.480126e-01	2000	1	7	2
	67	91	93.738566	46.323928	1.503325e-01	2000	1	7	3
	68	92	94.143400	46.305913	1.602902e-01	2000	1	7	4
	68	92	94.913404	46.279591	1.661172e-01	2000	1	7	5
	67	92	95.482529	46.413194	1.663370e-01	2000	1	7	6
	70	92	96.100291	46.309837	1.750908e-01	2000	1	7	7
	69	93	96.602274	46.559733	1.831527e-01	2000	1	7	8
	68	91	97.188889	46.443423	1.816149e-01	2000	1	7	9
	70	92	97.788575	46.353127	1.950421e-01	2000	1	7	10
	71	92	98.308152	46.243260	2.008290e-01	2000	1	7	11
	72	92	98.823338	46.348372	2.114873e-01	2000	1	7	12
	71	92	99.337198	46.349143	2.166228e-01	2000	1	7	13
	71	93	99.844344	46.312652	2.219043e-01	2000	1	7	14
	72	92	100.447299	46.444703	2.203655e-01	2000	1	7	15
	73	92	101.062962	46.447912	2.273812e-01	2000	1	7	16
	72	93	101.556815	46.443033	2.341681e-01	2000	1	7	17
	74	92	102.269956	46.540731	2.449226e-01	2000	1	7	18
	74	92	102.868543	46.523423	2.636781e-01	2000	1	7	19
	74	92	103.405365	46.557272	2.646260e-01	2000	1	7	20
	74	92	103.984135	46.536618	2.744050e-01	2000	1	7	21
	74	92	104.514860	46.531484	2.823167e-01	2000	1	7	22
	75	92	105.074406	46.503653	2.965207e-01	2000	1	7	23
	75	92	105.626764	46.499853	2.989593e-01	2000	1	8	0
	76	91	106.108674	46.588500	3.054094e-01	2000	1	8	1
	76	91	106.656144	46.585564	3.239746e-01	2000	1	8	2
	76	92	107.211727	46.651579	3.233953e-01	2000	1	8	3
	77	91	107.801202	46.692490	3.349180e-01	2000	1	8	4
	77	92	108.416008	46.765442	3.477321e-01	2000	1	8	5
	78	92	108.985121	46.783345	3.573465e-01	2000	1	8	6
	78	92	109.552384	46.866793	3.678155e-01	2000	1	8	7
	80	92	110.144963	46.856941	3.892660e-01	2000	1	8	8
	80	92	110.682825	46.824178	3.965039e-01	2000	1	8	9
	80	92	111.268743	46.835092	4.174533e-01	2000	1	8	10
	80	92	111.843297	46.809768	4.180059e-01	2000	1	8	11
	81	91	112.380010	46.819233	4.284282e-01	2000	1	8	12
	81	91	112.901053	46.880071	4.404440e-01	2000	1	8	13
	82	92	113.478328	46.909118	4.544029e-01	2000	1	8	14
	82	91	114.050653	46.974704	4.535685e-01	2000	1	8	15
	83	92	114.609194	47.079046	4.717965e-01	2000	1	8	16
	83	92	115.154005	47.114196	4.981298e-01	2000	1	8	17
	83	92	115.787497	47.144236	5.002103e-01	2000	1	8	18
	83	92	116.388007	47.196850	5.227814e-01	2000	1	8	19
	84	91	116.951335	47.233162	5.347633e-01	2000	1	8	20
	84	91	117.570686	47.255947	5.408926e-01	2000	1	8	21
	84	92	118.145784	47.297093	5.574512e-01	2000	1	8	22
	86	91	118.772334	47.339334	5.804706e-01	2000	1	8	23
	86	92	119.346809	47.370368	5.862346e-01	2000	1	9	0
	86	92	119.943021	47.460365	6.015048e-01	2000	1	9	1
	87	92	120.573760	47.526269	6.209450e-01	2000	1	9	2
	87	92	121.155796	47.597501	6.355290e-01	2000	1	9	3
	88	91	121.815974	47.667993	6.367478e-01	2000	1	9	4
	87	92	122.448342	47.720379	6.577969e-01	2000	1	9	5
	89	91	123.099085	47.758066	6.773663e-01	2000	1	9	6
	90	92	123.725055	47.795800	6.847210e-01	2000	1	9	7
	89	91	124.389153	47.830958	7.074151e-01	2000	1	9	8
	90	92	125.036787	47.863214	7.243514e-01	2000	1	9	9
	90	91	125.681446	47.898758	7.311168e-01	2000	1	9	10
	90	91	126.317019	47.919117	7.504888e-01	2000	1	9	11
	91	91	126.963917	47.976340	7.711415e-01	2000	1	9	12
	91	91	127.600746	48.034052	7.754574e-01	2000	1	9	13
	92	91	128.242495	48.081921	8.063102e-01	2000	1	9	14
	92	91	128.881606	48.140201	8.042603e-01	2000	1	9	15
	93	91	129.557008	48.211725	8.258762e-01	2000	1	9	16
	93	91	130.228564	48.247660	8.438268e-01	2000	1	9	17
	94	92	130.924105	48.292163	8.661094e-01	2000	1	9	18
	94	92	131.578295	48.358928	8.773613e-01	2000	1	9	19
	95	92	132.295795	48.373909	9.056082e-01	2000	1	9	20
	95	92	132.971245	48.387813	9.057269e-01	2000	1	9	21
	96	92	133.682288	48.406074	9.191489e-01	2000	1	9	22
	96	92	134.391392	48.437280	9.496789e-01	2000	1	9	23
	97	91	135.099601	48.465212	9.632559e-01	2000	1	10	0
	96	91	135.763210	48.515600	9.987860e-01	2000	1	10	1
	97	92	136.489635	48.535743	1.016181e+00	2000	1	10	2
	98	92	137.218783	48.575608	1.020351e+00	2000	1	10	3
	98	91	137.924750	48.609904	1.039690e+00	2000	1	10	4
	99	91	138.647184	48.640914	1.061063e+00	2000	1	10	5
	100	92	139.376973	48.681271	1.077979e+00	2000	1	10	6
	100	91	140.100281	48.712109	1.118162e+00	2000	1	10	7
	100	91	140.824389	48.731344	1.151330e+00	2000	1	10	8
	100	91	141.555225	48.758116	1.154166e+00	2000	1	10	9
	102	91	142.267620	48.794226	1.189128e+00	2000	1	10	10
	102	91	143.000425	48.811389	1.194626e+00	2000	1	10	11
	103	91	143.731043	48.854258	1.245165e+00	2000	1	10	12
	103	91	144.482602	48.854473	1.264842e+00	2000	1	10	13
	103	91	145.217349	48.896767	1.296636e+00	2000	1	10	14
	103	91	145.963072	48.915880	1.316657e+00	2000	1	10	15
	104	91	146.704908	48.933979	1.353924e+00	2000	1	10	16
	105	91	147.478707	48.948209	1.383076e+00	2000	1	10	17
	106	91	148.222338	48.958268	1.396042e+00	2000	1	10	18
	106	91	148.991365	48.937004	1.446386e+00	2000	1	10	19
	106	91	149.740548	48.934132	1.465982e+00	2000	1	10	20
	107	91	150.487888	48.926545	1.468040e+00	2000	1	10	21
	108	91	151.237051	48.916341	1.492805e+00	2000	1	10	22
	106	103	152.008016	48.900208	1.536046e+00	2000	1	10	23
	109	92	152.778567	48.903841	1.547820e+00	2000	1	11	0
	110	91	153.572657	48.868808	1.577531e+00	2000	1	11	1
	110	91	154.372126	48.852194	1.615388e+00	2000	1	11	2
	111	91	156.012010	48.790977	1.676589e+00	2000	1	11	4
	112	91	156.862750	48.764355	1.698163e+00	2000	1	11	5
	113	90	157.690049	48.714393	1.725600e+00	2000	1	11	6
	114	90	158.558417	48.675702	1.761837e+00	2000	1	11	7
	114	96	159.435491	48.616227	1.770492e+00	2000	1	11	8
	115	96	160.311626	48.577855	1.815411e+00	2000	1	11	9
	75	90	162.163639	48.473742	1.904046e+00	2000	1	11	11
	119	89	165.069133	48.322993	1.986197e+00	2000	1	11	14
	119	89	166.062384	48.269179	1.994236e+00	2000	1	11	15
	120	89	167.062015	48.231783	2.050952e+00	2000	1	11	16
	120	89	168.086390	48.197946	2.082203e+00	2000	1	11	17
	121	89	169.130058	48.160987	2.111360e+00	2000	1	11	18
	122	89	170.192636	48.133994	2.173555e+00	2000	1	11	19
	122	89	171.275290	48.124314	2.185529e+00	2000	1	11	20
	123	89	172.343318	48.101787	2.174096e+00	2000	1	11	21
	124	89	176.977150	48.026390	2.279900e+00	2000	1	12	1
	125	89	178.154376	48.010169	2.292276e+00	2000	1	12	2
	129	94	179.307266	47.995826	2.265974e+00	2000	1	12	3
	130	94	180.466777	47.981271	2.261060e+00	2000	1	12	4
	132	94	181.646671	47.953002	2.284763e+00	2000	1	12	5
	85	89	183.965598	47.947177	2.260570e+00	2000	1	12	7
	9	94	178.165766	47.971896	2.204335e+00	2000	1	12	11
	10	94	178.118805	47.961883	2.191506e+00	2000	1	12	12
	11	94	177.994814	47.961530	2.175346e+00	2000	1	12	13
	12	94	173.169498	47.962977	2.158615e+00	2000	1	12	14
start	121	2000	1	7	0
	110	92	151.914613	46.251352	1.354928e-01	2000	1	7	0
	109	92	152.423307	46.243539	1.492481e-01	2000	1	7	1
	110	92	153.154067	46.228940	1.511765e-01	2000	1	7	2
	110	92	153.733410	46.265978	1.502900e-01	2000	1	7	3
	108	92	154.212620	46.301365	1.567168e-01	2000	1	7	4
	110	92	154.839413	46.285646	1.597371e-01	2000	1	7	5
	110	92	155.448189	46.285810	1.698551e-01	2000	1	7	6
	111	92	156.103923	46.403582	1.720676e-01	2000	1	7	7
	111	92	156.584818	46.498875	1.821308e-01	2000	1	7	8
	112	93	157.134461	46.383133	1.858873e-01	2000	1	7	9
	113	91	157.782214	46.387785	1.950030e-01	2000	1	7	10
	113	92	158.262952	46.369983	1.948428e-01	2000	1	7	11
	114	91	158.797514	46.267811	2.030306e-01	2000	1	7	12
	113	92	159.319547	46.424941	2.097378e-01	2000	1	7	13
	114	91	159.852661	46.283493	2.144094e-01	2000	1	7	14
	115	92	160.562005	46.373730	2.208867e-01	2000	1	7	15
	116	93	161.000158	46.473373	2.268410e-01	2000	1	7	16
	115	92	161.685671	46.525695	2.456336e-01	2000	1	7	17
	118	92	162.270142	46.583367	2.453508e-01	2000	1	7	18
	117	92	162.873724	46.532797	2.469835e-01	2000	1	7	19
	118	92	163.440485	46.519645	2.666621e-01	2000	1	7	20
	117	92	164.011595	46.561056	2.712917e-01	2000	1	7	21
	118	92	164.565859	46.543438	2.810740e-01	2000	1	7	22
	118	91	165.051601	46.505849	2.942138e-01	2000	1	7	23
	119	92	165.610526	46.552346	2.980390e-01	2000	1	8	0
	118	92	166.177189	46.562488	3.167691e-01	2000	1	8	1
	118	91	166.675182	46.587424	3.169088e-01	2000	1	8	2
	119	92	167.272740	46.635940	3.232360e-01	2000	1	8	3
	121	92	167.836158	46.700312	3.362288e-01	2000	1	8	4
	121	92	168.405676	46.751081	3.485680e-01	2000	1	8	5
	119	92	169.000107	46.809624	3.534045e-01	2000	1	8	6
	121	92	169.569985	46.788494	3.673992e-01	2000	1	8	7
	122	92	170.146831	46.825482	3.836932e-01	2000	1	8	8
	121	92	170.713606	46.844610	3.946228e-01	2000	1	8	9
	123	92	171.288702	46.836255	4.047785e-01	2000	1	8	10
	123	92	171.816839	46.820584	4.138966e-01	2000	1	8	11
	123	92	172.327917	46.870628	4.255371e-01	2000	1	8	12
	124	92	172.890659	46.858714	4.447336e-01	2000	1	8	13
	124	92	173.451642	46.909286	4.562063e-01	2000	1	8	14
	124	92	174.034001	47.000065	4.582267e-01	2000	1	8	15
	125	91	174.609104	47.060944	4.656410e-01	2000	1	8	16
	125	92	175.179055	47.136403	5.041022e-01	2000	1	8	17
	125	91	175.801913	47.159460	5.030379e-01	2000	1	8	18
	125	92	176.379094	47.179264	5.132871e-01	2000	1	8	19
	126	92	176.966430	47.244091	5.351005e-01	2000	1	8	20
	128	92	177.549858	47.254671	5.530548e-01	2000	1	8	21
	127	92	178.153645	47.281913	5.563293e-01	2000	1	8	22
	128	92	178.743921	47.323835	5.747313e-01	2000	1	8	23
	128	92	179.352537	47.373646	5.928607e-01	2000	1	9	0
	128	92	179.944498	47.436216	6.065559e-01	2000	1	9	1
	130	92	180.572140	47.503382	6.152601e-01	2000	1	9	2
	129	92	181.183946	47.591329	6.245012e-01	2000	1	9	3
	131	92	181.809427	47.646570	6.549535e-01	2000	1	9	4
	131	91	182.462329	47.689399	6.565933e-01	2000	1	9	5
	131	92	183.074585	47.774128	6.683416e-01	2000	1	9	6
	132	92	183.738707	47.803420	6.932559e-01	2000	1	9	7
	132	92	184.395670	47.819733	7.052484e-01	2000	1	9	8
	132	91	185.033459	47.864259	7.191730e-01	2000	1	9	9
	133	92	185.675277	47.881742	7.395515e-01	2000	1	9	10
	134	92	186.322446	47.946017	7.582216e-01	2000	1	9	11
	133	91	186.956397	47.982373	7.664127e-01	2000	1	9	12
	135	92	187.582462	48.041899	7.838387e-01	2000	1	9	13
	135	92	188.252026	48.090832	7.849641e-01	2000	1	9	14
	135	91	188.887429	48.155684	8.127747e-01	2000	1	9	15
	135	91	189.540340	48.228077	8.215475e-01	2000	1	9	16
	136	91	190.244038	48.250303	8.419795e-01	2000	1	9	17
	136	91	190.904548	48.309980	8.459921e-01	2000	1	9	18
	137	92	191.604008	48.325312	8.814311e-01	2000	1	9	19
	137	92	192.282952	48.334144	8.975573e-01	2000	1	9	20
	138	92	192.975444	48.392919	9.152279e-01	2000	1	9	21
	138	92	193.668126	48.408212	9.274602e-01	2000	1	9	22
	139	92	194.390059	48.440131	9.413552e-01	2000	1	9	23
	140	91	195.089902	48.470843	9.692774e-01	2000	1	10	0
	139	92	195.781614	48.498111	9.881091e-01	2000	1	10	1
	140	91	196.491058	48.535236	9.833994e-01	2000	1	10	2
	140	91	197.197310	48.583180	1.008737e+00	2000	1	10	3
	141	92	197.929692	48.605779	1.033154e+00	2000	1	10	4
	142	91	198.662754	48.655080	1.075774e+00	2000	1	10	5
	142	92	199.376427	48.679365	1.095454e+00	2000	1	10	6
	142	91	200.090504	48.714414	1.128971e+00	2000	1	10	7
	142	91	200.828571	48.736085	1.152017e+00	2000	1	10	8
	143	91	201.543570	48.751665	1.197526e+00	2000	1	10	9
	143	91	202.270947	48.782947	1.202024e+00	2000	1	10	10
	144	91	203.006934	48.818266	1.215456e+00	2000	1	10	11
	145	91	203.724798	48.831157	1.256405e+00	2000	1	10	12
	145	91	204.463080	48.875579	1.284399e+00	2000	1	10	13
	146	91	205.231219	48.889854	1.274885e+00	2000	1	10	14
	147	92	205.958035	48.913711	1.325855e+00	2000	1	10	15
	147	91	206.718666	48.934255	1.341429e+00	2000	1	10	16
	147	91	207.471285	48.935979	1.384205e+00	2000	1	10	17
	148	91	208.244632	48.937053	1.405540e+00	2000	1	10	18
	148	91	208.978199	48.940439	1.414048e+00	2000	1	10	19
	148	91	209.730983	48.936604	1.454039e+00	2000	1	10	20
	149	91	210.480409	48.927610	1.462483e+00	2000	1	10	21
	151	91	211.243871	48.910629	1.520826e+00	2000	1	10	22
	151	91	212.002000	48.913462	1.525987e+00	2000	1	10	23
	151	91	212.786696	48.879769	1.536323e+00	2000	1	11	0
	152	91	213.574777	48.868280	1.572624e+00	2000	1	11	1
	153	91	214.366564	48.851824	1.612267e+00	2000	1	11	2
	153	91	215.182783	48.819409	1.638507e+00	2000	1	11	3
	154	91	216.012833	48.798536	1.679620e+00	2000	1	11	4
	156	91	216.845957	48.758098	1.692113e+00	2000	1	11	5
	156	91	217.697634	48.711806	1.734992e+00	2000	1	11	6
	157	90	218.569232	48.666532	1.785480e+00	2000	1	11	7
	156	97	219.437119	48.612797	1.790895e+00	2000	1	11	8
	158	90	220.321465	48.573546	1.818141e+00	2000	1	11	9
	159	90	221.244429	48.540465	1.831103e+00	2000	1	11	10
	117	89	223.662079	48.375963	1.983855e+00	2000	1	11	13
	162	89	226.062320	48.269049	2.007666e+00	2000	1	11	15
	162	89	227.069653	48.228584	2.054641e+00	2000	1	11	16
	163	89	228.092105	48.190780	2.071641e+00	2000	1	11	17
	164	89	229.114367	48.178373	2.127668e+00	2000	1	11	18
	164	89	230.168907	48.148369	2.112691e+00	2000	1	11	19
	165	89	232.330790	48.105022	2.168251e+00	2000	1	11	21
	125	94	234.590627	48.070454	2.232307e+00	2000	1	11	23
	167	89	236.982350	48.027781	2.227694e+00	2000	1	12	1
	171	94	238.143097	48.018180	2.311702e+00	2000	1	12	2
	168	89	239.321592	47.988201	2.317033e+00	2000	1	12	3
	169	89	240.479375	47.975626	2.312567e+00	2000	1	12	4
	173	94	241.630132	47.972488	2.252310e+00	2000	1	12	5
	128	89	242.795512	47.951550	2.295802e+00	2000	1	12	6
start	121	2000	1	7	0
	195	92	272.025941	46.217242	1.421170e-01	2000	1	7	0
	194	93	272.389811	46.272440	1.430235e-01	2000	1	7	1
	193	92	273.046603	46.325599	1.480126e-01	2000	1	7	2
	195	91	273.737640	46.325423	1.503325e-01	2000	1	7	3
	196	92	274.144612	46.307384	1.602902e-01	2000	1	7	4
	196	92	274.912950	46.279103	1.661172e-01	2000	1	7	5
	195	92	275.482506	46.413218	1.663370e-01	2000	1	7	6
	198	92	276.100104	46.309489	1.750908e-01	2000	1	7	7
	197	93	276.605145	46.551075	1.831527e-01	2000	1	7	8
	196	91	277.187083	46.438213	1.816149e-01	2000	1	7	9
	198	92	277.781482	46.357565	1.950421e-01	2000	1	7	10
	199	92	278.308417	46.249024	2.008290e-01	2000	1	7	11
	200	92	278.819329	46.350628	2.114873e-01	2000	1	7	12
	199	92	279.334784	46.352462	2.166228e-01	2000	1	7	13
	199	93	279.846630	46.314197	2.219043e-01	2000	1	7	14
	200	92	280.447298	46.444693	2.203655e-01	2000	1	7	15
	201	92	281.042409	46.461952	2.273812e-01	2000	1	7	16
	200	93	281.559116	46.445335	2.341681e-01	2000	1	7	17
	202	92	282.272649	46.538517	2.449226e-01	2000	1	7	18
	202	92	282.864865	46.523544	2.636781e-01	2000	1	7	19
	202	92	283.409477	46.558841	2.646260e-01	2000	1	7	20
	202	92	283.986016	46.535235	2.744050e-01	2000	1	7	21
	202	92	284.515934	46.531483	2.823167e-01	2000	1	7	22
	203	92	285.073379	46.501817	2.965207e-01	2000	1	7	23
	203	92	285.624397	46.500724	2.989593e-01	2000	1	8	0
	204	91	286.110878	46.588233	3.054094e-01	2000	1	8	1
	204	91	286.654999	46.587684	3.239746e-01	2000	1	8	2
	204	92	287.208881	46.652096	3.233953e-01	2000	1	8	3
	205	91	287.801681	46.692863	3.349180e-01	2000	1	8	4
	205	92	288.417604	46.769125	3.477321e-01	2000	1	8	5
	206	92	288.985787	46.781294	3.573465e-01	2000	1	8	6
	206	92	289.551671	46.865112	3.678155e-01	2000	1	8	7
	208	92	290.143938	46.854876	3.892660e-01	2000	1	8	8
	208	92	290.681657	46.824976	3.965039e-01	2000	1	8	9
	208	92	291.269078	46.835232	4.174533e-01	2000	1	8	10
	208	92	291.842579	46.810536	4.180059e-01	2000	1	8	11
	209	91	292.380816	46.817799	4.284282e-01	2000	1	8	12
	209	91	292.900697	46.878320	4.404440e-01	2000	1	8	13
	210	92	293.474909	46.912017	4.544029e-01	2000	1	8	14
	210	91	294.053568	46.973158	4.535685e-01	2000	1	8	15
	211	92	294.613147	47.077726	4.717965e-01	2000	1	8	16
	211	92	295.153882	47.116934	4.981298e-01	2000	1	8	17
	211	92	295.777042	47.154375	5.002103e-01	2000	1	8	18
	211	92	296.389408	47.199606	5.227814e-01	2000	1	8	19
	212	91	296.951050	47.236640	5.347633e-01	2000	1	8	20
	212	91	297.571283	47.257781	5.408926e-01	2000	1	8	21
	212	92	298.146183	47.296232	5.574512e-01	2000	1	8	22
	214	91	298.774300	47.338001	5.804706e-01	2000	1	8	23
	214	92	299.348992	47.366974	5.862346e-01	2000	1	9	0
	214	92	299.943174	47.461052	6.015048e-01	2000	1	9	1
	215	92	300.573678	47.526794	6.209450e-01	2000	1	9	2
	215	92	301.155970	47.596116	6.355290e-01	2000	1	9	3
	216	91	301.817972	47.671556	6.367478e-01	2000	1	9	4
	215	92	302.449281	47.718039	6.577969e-01	2000	1	9	5
	217	91	303.098588	47.758353	6.773663e-01	2000	1	9	6
	218	92	303.726260	47.796470	6.847210e-01	2000	1	9	7
	217	91	304.389245	47.832015	7.074151e-01	2000	1	9	8
	218	92	305.038466	47.861830	7.243514e-01	2000	1	9	9
	218	91	305.681626	47.899221	7.311168e-01	2000	1	9	10
	218	91	306.315795	47.917884	7.504888e-01	2000	1	9	11
	219	91	306.970145	47.971714	7.711415e-01	2000	1	9	12
	219	91	307.600138	48.032784	7.754474e-01	2000	1	9	13
	220	91	308.243724	48.082463	8.063102e-01	2000	1	9	14
	220	91	308.880704	48.140748	8.042603e-01	2000	1	9	15
	221	91	309.555894	48.212835	8.258762e-01	2000	1	9	16
	221	91	310.228462	48.251777	8.438268e-01	2000	1	9	17
	222	92	310.924877	48.291891	8.661094e-01	2000	1	9	18
	222	92	311.581123	48.358891	8.773613e-01	2000	1	9	19
	223	92	312.296957	48.375567	9.056082e-01	2000	1	9	20
	223	92	312.971444	48.386369	9.057269e-01	2000	1	9	21
	224	92	313.683040	48.406965	9.191489e-01	2000	1	9	22
	224	92	314.391808	48.437275	9.516931e-01	2000	1	9	23
	225	91	315.087371	48.453310	9.632559e-01	2000	1	10	0
	224	91	315.764596	48.515351	9.987860e-01	2000	1	10	1
	225	92	316.489582	48.537407	1.016181e+00	2000	1	10	2
	226	92	317.218059	48.579347	1.020351e+00	2000	1	10	3
	226	91	317.925182	48.609363	1.039690e+00	2000	1	10	4
	227	91	318.647960	48.640217	1.061063e+00	2000	1	10	5
	228	92	319.376435	48.682179	1.077979e+00	2000	1	10	6
	228	91	320.101642	48.710243	1.118162e+00	2000	1	10	7
	228	91	320.825342	48.730733	1.151330e+00	2000	1	10	8
	228	91	321.557304	48.759704	1.154166e+00	2000	1	10	9
	230	91	322.270285	48.797105	1.189128e+00	2000	1	10	10
	230	91	322.998978	48.811865	1.194626e+00	2000	1	10	11
	231	91	323.728621	48.857108	1.245165e+00	2000	1	10	12
	231	91	324.481872	48.855527	1.264842e+00	2000	1	10	13
	231	91	325.216148	48.897705	1.296636e+00	2000	1	10	14
	231	91	325.963906	48.914491	1.316657e+00	2000	1	10	15
	232	91	326.704279	48.933392	1.353924e+00	2000	1	10	16
	233	91	327.479626	48.948924	1.376158e+00	2000	1	10	17
	234	91	328.223984	48.958205	1.391596e+00	2000	1	10	18
	234	91	328.992794	48.938339	1.446386e+00	2000	1	10	19
	234	91	329.740492	48.936205	1.465982e+00	2000	1	10	20
	235	91	330.485430	48.930249	1.468040e+00	2000	1	10	21
	236	91	331.236031	48.917209	1.492805e+00	2000	1	10	22
	237	91	332.006554	48.898856	1.555939e+00	2000	1	10	23
	237	92	332.774436	48.900154	1.547820e+00	2000	1	11	0
	238	91	333.569110	48.866840	1.577531e+00	2000	1	11	1
	238	91	334.372456	48.852879	1.615388e+00	2000	1	11	2
	239	91	336.008509	48.789064	1.676589e+00	2000	1	11	4
	240	91	336.860683	48.763006	1.698438e+00	2000	1	11	5
	241	90	337.689243	48.714633	1.725600e+00	2000	1	11	6
	242	90	338.558480	48.674938	1.761837e+00	2000	1	11	7
	242	96	339.437030	48.614376	1.770492e+00	2000	1	11	8
	243	96	340.307503	48.579267	1.815411e+00	2000	1	11	9
	247	89	344.750216	48.393792	1.986197e+00	2000	1	11	14
	247	89	345.582882	48.388295	1.994236e+00	2000	1	11	15
	248	89	346.377792	48.413590	2.050952e+00	2000	1	11	16
	248	89	347.149857	48.444160	2.082203e+00	2000	1	11	17
	249	89	347.896185	48.491551	2.111360e+00	2000	1	11	18
	250	89	348.603179	48.561289	2.173555e+00	2000	1	11	19
	251	89	349.952160	48.820164	2.174096e+00	2000	1	11	21
	253	94	350.590075	49.021376	2.227224e+00	2000	1	11	22
	253	94	351.216863	49.291481	2.221677e+00	2000	1	11	23
	252	89	352.442151	49.977077	2.239627e+00	2000	1	12	1
	253	89	353.000289	50.467245	2.206955e+00	2000	1	12	2
	250	103	353.508953	51.055739	2.103791e+00	2000	1	12	3
	252	101	353.979008	51.740468	1.954354e+00	2000	1	12	4
	254	98	354.388164	52.527334	1.780063e+00	2000	1	12	5
	254	100	354.743374	53.423600	1.638430e+00	2000	1	12	6
	254	101	355.034276	54.438191	1.588246e+00	2000	1	12	7
start	78	2000	1	8	1
	0	96	0.374618	42.173854	8.146524e-02	2000	1	8	1
	2	99	1.735141	43.484998	2.555900e-01	2000	1	8	9
	3	111	3.821171	45.142766	5.120401e-01	2000	1	8	20
	0	92	4.022611	45.308912	5.530548e-01	2000	1	8	21
	0	92	4.488145	45.561316	5.747313e-01	2000	1	8	23
	0	92	4.763054	45.701924	5.928607e-01	2000	1	9	0
	0	92	4.967758	45.880480	6.065559e-01	2000	1	9	1
	2	92	5.202844	46.053569	6.152601e-01	2000	1	9	2
	1	92	5.463683	46.247896	6.245012e-01	2000	1	9	3
	3	92	5.710788	46.409279	6.549535e-01	2000	1	9	4
	3	91	6.000612	46.570946	6.565933e-01	2000	1	9	5
	3	92	6.273337	46.734568	6.683416e-01	2000	1	9	6
	4	92	6.588976	46.888156	6.932559e-01	2000	1	9	7
	4	92	6.902372	47.015548	7.052484e-01	2000	1	9	8
	4	91	7.239489	47.154756	7.191730e-01	2000	1	9	9
	5	92	7.580913	47.252314	7.395515e-01	2000	1	9	10
	6	92	7.956648	47.394275	7.582216e-01	2000	1	9	11
	5	91	8.328810	47.502914	7.664127e-01	2000	1	9	12
	7	92	8.732543	47.609419	7.838387e-01	2000	1	9	13
	7	92	9.166089	47.734089	7.849641e-01	2000	1	9	14
	7	91	9.627722	47.810531	8.127747e-01	2000	1	9	15
	7	91	10.118318	47.930873	8.215475e-01	2000	1	9	16
	8	91	10.663728	47.999774	8.419795e-01	2000	1	9	17
	8	91	11.216406	48.093829	8.459921e-01	2000	1	9	18
	9	92	11.811129	48.147052	8.814311e-01	2000	1	9	19
	9	92	12.426595	48.190446	8.975573e-01	2000	1	9	20
	10	92	13.092811	48.271324	9.152279e-01	2000	1	9	21
	10	92	13.741427	48.327143	9.274602e-01	2000	1	9	22
	11	92	14.445515	48.379231	9.413552e-01	2000	1	9	23
	12	91	15.127253	48.430860	9.692774e-01	2000	1	10	0
	11	92	15.810525	48.467114	9.881091e-01	2000	1	10	1
	12	91	16.504046	48.523277	9.833994e-01	2000	1	10	2
	12	91	17.201530	48.577833	1.008737e+00	2000	1	10	3
	13	92	17.931830	48.602969	1.033154e+00	2000	1	10	4
	14	91	18.660081	48.654558	1.075774e+00	2000	1	10	5
	14	92	19.376534	48.676655	1.095454e+00	2000	1	10	6
	14	91	20.091593	48.714332	1.128971e+00	2000	1	10	7
	14	91	20.828851	48.734570	1.152017e+00	2000	1	10	8
	15	91	21.543442	48.751624	1.197526e+00	2000	1	10	9
	15	91	22.269620	48.782123	1.202024e+00	2000	1	10	10
	16	91	23.005733	48.818255	1.215456e+00	2000	1	10	11
	17	91	23.724653	48.830885	1.256405e+00	2000	1	10	12
	17	91	24.463963	48.874529	1.284399e+00	2000	1	10	13
	18	91	25.230994	48.889978	1.274885e+00	2000	1	10	14
	19	92	25.957815	48.911882	1.325855e+00	2000	1	10	15
	19	91	26.718132	48.933695	1.341429e+00	2000	1	10	16
	19	91	27.471616	48.935904	1.384205e+00	2000	1	10	17
	20	91	28.243916	48.936110	1.405540e+00	2000	1	10	18
	20	91	28.976915	48.939607	1.414048e+00	2000	1	10	19
	20	91	29.731110	48.935922	1.454039e+00	2000	1	10	20
	21	91	30.482908	48.926074	1.462483e+00	2000	1	10	21
	23	91	31.243652	48.910492	1.520826e+00	2000	1	10	22
	23	91	32.001708	48.912200	1.525987e+00	2000	1	10	23
	23	91	32.786782	48.880344	1.536323e+00	2000	1	11	0
	24	91	33.573841	48.866820	1.572624e+00	2000	1	11	1
	25	91	34.366734	48.852389	1.612267e+00	2000	1	11	2
	25	91	35.182869	48.818364	1.638507e+00	2000	1	11	3
	26	91	36.013214	48.794728	1.679620e+00	2000	1	11	4
	28	91	36.845478	48.757314	1.692113e+00	2000	1	11	5
	28	91	37.698082	48.710528	1.734992e+00	2000	1	11	6
	28	97	38.567698	48.667363	1.785480e+00	2000	1	11	7
	28	97	39.435024	48.612040	1.790895e+00	2000	1	11	8
	30	90	40.321238	48.572801	1.818141e+00	2000	1	11	9
	31	89	42.149526	48.466514	1.904046e+00	2000	1	11	11
	32	89	44.075284	48.384283	1.975677e+00	2000	1	11	13
	32	96	45.077128	48.322286	1.946874e+00	2000	1	11	14
	34	89	46.060613	48.269503	2.007666e+00	2000	1	11	15
	34	89	47.069152	48.228724	2.054641e+00	2000	1	11	16
	35	89	48.091122	48.188836	2.071641e+00	2000	1	11	17
	36	89	49.113808	48.178466	2.127668e+00	2000	1	11	18
	36	89	50.167464	48.150066	2.112953e+00	2000	1	11	19
	37	89	51.216829	48.143265	2.185529e+00	2000	1	11	20
	37	89	52.330858	48.105879	2.168251e+00	2000	1	11	21
	39	89	56.981766	48.027607	2.227694e+00	2000	1	12	1
	43	94	58.143063	48.016485	2.311702e+00	2000	1	12	2
	40	89	59.322634	47.987508	2.317033e+00	2000	1	12	3
	41	89	60.477991	47.977740	2.312567e+00	2000	1	12	4
	45	94	61.629319	47.974545	2.252310e+00	2000	1	12	5
