start	78	2000	1	8	1
	0	0	0.374618	42.173854	8.146524e-02	2000	1	8	1
	0	0	1.735141	43.484998	2.555900e-01	2000	1	8	9
	0	0	3.821171	45.142766	5.120401e-01	2000	1	8	20
	0	0	4.022611	45.308912	5.530548e-01	2000	1	8	21
	0	0	4.488145	45.561316	5.747313e-01	2000	1	8	23
	0	0	4.763054	45.701924	5.928607e-01	2000	1	9	0
	0	0	4.967758	45.880480	6.065559e-01	2000	1	9	1
	0	0	5.202844	46.053569	6.152601e-01	2000	1	9	2
	0	0	5.463683	46.247896	6.245012e-01	2000	1	9	3
	0	0	5.710788	46.409279	6.549535e-01	2000	1	9	4
	0	0	6.000612	46.570946	6.565933e-01	2000	1	9	5
	0	0	6.273337	46.734568	6.683416e-01	2000	1	9	6
	0	0	6.588976	46.888156	6.932559e-01	2000	1	9	7
	0	0	6.902372	47.015548	7.052484e-01	2000	1	9	8
	0	0	7.239489	47.154756	7.191730e-01	2000	1	9	9
	0	0	7.580913	47.252314	7.395515e-01	2000	1	9	10
	0	0	7.956648	47.394275	7.582216e-01	2000	1	9	11
	0	0	8.328810	47.502914	7.664127e-01	2000	1	9	12
	0	0	8.732543	47.609419	7.838387e-01	2000	1	9	13
	0	0	9.166089	47.734089	7.849641e-01	2000	1	9	14
	0	0	9.627722	47.810531	8.127747e-01	2000	1	9	15
	0	0	10.118318	47.930873	8.215475e-01	2000	1	9	16
	0	0	10.663728	47.999774	8.419795e-01	2000	1	9	17
	0	0	11.216406	48.093829	8.459921e-01	2000	1	9	18
	0	0	11.811129	48.147052	8.814311e-01	2000	1	9	19
	0	0	12.426595	48.190446	8.975573e-01	2000	1	9	20
	0	0	13.092811	48.271324	9.152279e-01	2000	1	9	21
	0	0	13.741427	48.327143	9.274602e-01	2000	1	9	22
	0	0	14.445515	48.379231	9.413552e-01	2000	1	9	23
	0	0	15.127253	48.430860	9.692774e-01	2000	1	10	0
	0	0	15.810525	48.467114	9.881091e-01	2000	1	10	1
	0	0	16.504046	48.523277	9.833994e-01	2000	1	10	2
	0	0	17.201530	48.577833	1.008737e+00	2000	1	10	3
	0	0	17.931830	48.602969	1.033154e+00	2000	1	10	4
	0	0	18.660081	48.654558	1.075774e+00	2000	1	10	5
	0	0	19.376534	48.676655	1.095454e+00	2000	1	10	6
	0	0	20.091593	48.714332	1.128971e+00	2000	1	10	7
	0	0	20.828851	48.734570	1.152017e+00	2000	1	10	8
	0	0	21.543442	48.751624	1.197526e+00	2000	1	10	9
	0	0	22.269620	48.782123	1.202024e+00	2000	1	10	10
	0	0	23.005733	48.818255	1.215456e+00	2000	1	10	11
	0	0	23.724653	48.830885	1.256405e+00	2000	1	10	12
	0	0	24.463963	48.874529	1.284399e+00	2000	1	10	13
	0	0	25.230994	48.889978	1.274885e+00	2000	1	10	14
	0	0	25.957815	48.911882	1.325855e+00	2000	1	10	15
	0	0	26.718132	48.933695	1.341429e+00	2000	1	10	16
	0	0	27.471616	48.935904	1.384205e+00	2000	1	10	17
	0	0	28.243916	48.936110	1.405540e+00	2000	1	10	18
	0	0	28.976915	48.939607	1.414048e+00	2000	1	10	19
	0	0	29.731110	48.935922	1.454039e+00	2000	1	10	20
	0	0	30.482908	48.926074	1.462483e+00	2000	1	10	21
	0	0	31.243652	48.910492	1.520826e+00	2000	1	10	22
	0	0	32.001708	48.912200	1.525987e+00	2000	1	10	23
	0	0	32.786782	48.880344	1.536323e+00	2000	1	11	0
	0	0	33.573841	48.866820	1.572624e+00	2000	1	11	1
	0	0	34.366734	48.852389	1.612267e+00	2000	1	11	2
	0	0	35.182869	48.818364	1.638507e+00	2000	1	11	3
	0	0	36.013214	48.794728	1.679620e+00	2000	1	11	4
	0	0	36.845478	48.757314	1.692113e+00	2000	1	11	5
	0	0	37.698082	48.710528	1.734992e+00	2000	1	11	6
	0	0	38.567698	48.667363	1.785480e+00	2000	1	11	7
	0	0	39.435024	48.612040	1.790895e+00	2000	1	11	8
	0	0	40.321238	48.572801	1.818141e+00	2000	1	11	9
	0	0	42.149526	48.466514	1.904046e+00	2000	1	11	11
	0	0	44.075284	48.384283	1.975677e+00	2000	1	11	13
	0	0	45.077128	48.322286	1.946874e+00	2000	1	11	14
	0	0	46.060613	48.269503	2.007666e+00	2000	1	11	15
	0	0	47.069152	48.228724	2.054641e+00	2000	1	11	16
	0	0	48.091122	48.188836	2.071641e+00	2000	1	11	17
	0	0	49.113808	48.178466	2.127668e+00	2000	1	11	18
	0	0	50.167464	48.150066	2.112953e+00	2000	1	11	19
	0	0	51.216829	48.143265	2.185529e+00	2000	1	11	20
	0	0	52.330858	48.105879	2.168251e+00	2000	1	11	21
	0	0	56.981766	48.027607	2.227694e+00	2000	1	12	1
	0	0	58.143063	48.016485	2.311702e+00	2000	1	12	2
	0	0	59.322634	47.987508	2.317033e+00	2000	1	12	3
	0	0	60.477991	47.977740	2.312567e+00	2000	1	12	4
	0	0	61.629319	47.974545	2.252310e+00	2000	1	12	5
start	94	2000	1	8	1
	0	0	106.108674	46.588500	3.054094e-01	2000	1	8	1
	0	0	106.656144	46.585564	3.239746e-01	2000	1	8	2
	0	0	107.211727	46.651579	3.233953e-01	2000	1	8	3
	0	0	107.801202	46.692490	3.349180e-01	2000	1	8	4
	0	0	108.416008	46.765442	3.477321e-01	2000	1	8	5
	0	0	108.985121	46.783345	3.573465e-01	2000	1	8	6
	0	0	109.552384	46.866793	3.678155e-01	2000	1	8	7
	0	0	110.144963	46.856941	3.892660e-01	2000	1	8	8
	0	0	110.682825	46.824178	3.965039e-01	2000	1	8	9
	0	0	111.268743	46.835092	4.174533e-01	2000	1	8	10
	0	0	111.843297	46.809768	4.180059e-01	2000	1	8	11
	0	0	112.380010	46.819233	4.284282e-01	2000	1	8	12
	0	0	112.901053	46.880071	4.404440e-01	2000	1	8	13
	0	0	113.478328	46.909118	4.544029e-01	2000	1	8	14
	0	0	114.050653	46.974704	4.535685e-01	2000	1	8	15
	0	0	114.609194	47.079046	4.717965e-01	2000	1	8	16
	0	0	115.154005	47.114196	4.981298e-01	2000	1	8	17
	0	0	115.787497	47.144236	5.002103e-01	2000	1	8	18
	0	0	116.388007	47.196850	5.227814e-01	2000	1	8	19
	0	0	116.951335	47.233162	5.347633e-01	2000	1	8	20
	0	0	117.570686	47.255947	5.408926e-01	2000	1	8	21
	0	0	118.145784	47.297093	5.574512e-01	2000	1	8	22
	0	0	118.772334	47.339334	5.804706e-01	2000	1	8	23
	0	0	119.346809	47.370368	5.862346e-01	2000	1	9	0
	0	0	119.943021	47.460365	6.015048e-01	2000	1	9	1
	0	0	120.573760	47.526269	6.209450e-01	2000	1	9	2
	0	0	121.155796	47.597501	6.355290e-01	2000	1	9	3
	0	0	121.815974	47.667993	6.367478e-01	2000	1	9	4
	0	0	122.448342	47.720379	6.577969e-01	2000	1	9	5
	0	0	123.099085	47.758066	6.773663e-01	2000	1	9	6
	0	0	123.725055	47.795800	6.847210e-01	2000	1	9	7
	0	0	124.389153	47.830958	7.074151e-01	2000	1	9	8
	0	0	125.036787	47.863214	7.243514e-01	2000	1	9	9
	0	0	125.681446	47.898758	7.311168e-01	2000	1	9	10
	0	0	126.317019	47.919117	7.504888e-01	2000	1	9	11
	0	0	126.963917	47.976340	7.711415e-01	2000	1	9	12
	0	0	127.600746	48.034052	7.754574e-01	2000	1	9	13
	0	0	128.242495	48.081921	8.063102e-01	2000	1	9	14
	0	0	128.881606	48.140201	8.042603e-01	2000	1	9	15
	0	0	129.557008	48.211725	8.258762e-01	2000	1	9	16
	0	0	130.228564	48.247660	8.438268e-01	2000	1	9	17
	0	0	130.924105	48.292163	8.661094e-01	2000	1	9	18
	0	0	131.578295	48.358928	8.773613e-01	2000	1	9	19
	0	0	132.295795	48.373909	9.056082e-01	2000	1	9	20
	0	0	132.971245	48.387813	9.057269e-01	2000	1	9	21
	0	0	133.682288	48.406074	9.191489e-01	2000	1	9	22
	0	0	134.391392	48.437280	9.496789e-01	2000	1	9	23
	0	0	135.099601	48.465212	9.632559e-01	2000	1	10	0
	0	0	135.763210	48.515600	9.987860e-01	2000	1	10	1
	0	0	136.489635	48.535743	1.016181e+00	2000	1	10	2
	0	0	137.218783	48.575608	1.020351e+00	2000	1	10	3
	0	0	137.924750	48.609904	1.039690e+00	2000	1	10	4
	0	0	138.647184	48.640914	1.061063e+00	2000	1	10	5
	0	0	139.376973	48.681271	1.077979e+00	2000	1	10	6
	0	0	140.100281	48.712109	1.118162e+00	2000	1	10	7
	0	0	140.824389	48.731344	1.151330e+00	2000	1	10	8
	0	0	141.555225	48.758116	1.154166e+00	2000	1	10	9
	0	0	142.267620	48.794226	1.189128e+00	2000	1	10	10
	0	0	143.000425	48.811389	1.194626e+00	2000	1	10	11
	0	0	143.731043	48.854258	1.245165e+00	2000	1	10	12
	0	0	144.482602	48.854473	1.264842e+00	2000	1	10	13
	0	0	145.217349	48.896767	1.296636e+00	2000	1	10	14
	0	0	145.963072	48.915880	1.316657e+00	2000	1	10	15
	0	0	146.704908	48.933979	1.353924e+00	2000	1	10	16
	0	0	147.478707	48.948209	1.383076e+00	2000	1	10	17
	0	0	148.222338	48.958268	1.396042e+00	2000	1	10	18
	0	0	148.991365	48.937004	1.446386e+00	2000	1	10	19
	0	0	149.740548	48.934132	1.465982e+00	2000	1	10	20
	0	0	150.487888	48.926545	1.468040e+00	2000	1	10	21
	0	0	151.237051	48.916341	1.492805e+00	2000	1	10	22
	0	0	152.008016	48.900208	1.536046e+00	2000	1	10	23
	0	0	152.778567	48.903841	1.547820e+00	2000	1	11	0
	0	0	153.572657	48.868808	1.577531e+00	2000	1	11	1
	0	0	154.372126	48.852194	1.615388e+00	2000	1	11	2
	0	0	156.012010	48.790977	1.676589e+00	2000	1	11	4
	0	0	156.862750	48.764355	1.698163e+00	2000	1	11	5
	0	0	157.690049	48.714393	1.725600e+00	2000	1	11	6
	0	0	158.558417	48.675702	1.761837e+00	2000	1	11	7
	0	0	159.435491	48.616227	1.770492e+00	2000	1	11	8
	0	0	160.311626	48.577855	1.815411e+00	2000	1	11	9
	0	0	162.163639	48.473742	1.904046e+00	2000	1	11	11
	0	0	165.069133	48.322993	1.986197e+00	2000	1	11	14
	0	0	166.062384	48.269179	1.994236e+00	2000	1	11	15
	0	0	167.062015	48.231783	2.050952e+00	2000	1	11	16
	0	0	168.086390	48.197946	2.082203e+00	2000	1	11	17
	0	0	169.130058	48.160987	2.111360e+00	2000	1	11	18
	0	0	170.192636	48.133994	2.173555e+00	2000	1	11	19
	0	0	171.275290	48.124314	2.185529e+00	2000	1	11	20
	0	0	172.343318	48.101787	2.174096e+00	2000	1	11	21
	0	0	176.977150	48.026390	2.279900e+00	2000	1	12	1
	0	0	178.154376	48.010169	2.292276e+00	2000	1	12	2
	0	0	179.307266	47.995826	2.265974e+00	2000	1	12	3
	0	0	180.466777	47.981271	2.261060e+00	2000	1	12	4
	0	0	181.646671	47.953002	2.284763e+00	2000	1	12	5
start	95	2000	1	8	1
	0	0	166.177189	46.562488	3.167691e-01	2000	1	8	1
	0	0	166.675182	46.587424	3.169088e-01	2000	1	8	2
	0	0	167.272740	46.635940	3.232360e-01	2000	1	8	3
	0	0	167.836158	46.700312	3.362288e-01	2000	1	8	4
	0	0	168.405676	46.751081	3.485680e-01	2000	1	8	5
	0	0	169.000107	46.809624	3.534045e-01	2000	1	8	6
	0	0	169.569985	46.788494	3.673992e-01	2000	1	8	7
	0	0	170.146831	46.825482	3.836932e-01	2000	1	8	8
	0	0	170.713606	46.844610	3.946228e-01	2000	1	8	9
	0	0	171.288702	46.836255	4.047785e-01	2000	1	8	10
	0	0	171.816839	46.820584	4.138966e-01	2000	1	8	11
	0	0	172.327917	46.870628	4.255371e-01	2000	1	8	12
	0	0	172.890659	46.858714	4.447336e-01	2000	1	8	13
	0	0	173.451642	46.909286	4.562063e-01	2000	1	8	14
	0	0	174.034001	47.000065	4.582267e-01	2000	1	8	15
	0	0	174.609104	47.060944	4.656410e-01	2000	1	8	16
	0	0	175.179055	47.136403	5.041022e-01	2000	1	8	17
	0	0	175.801913	47.159460	5.030379e-01	2000	1	8	18
	0	0	176.379094	47.179264	5.132871e-01	2000	1	8	19
	0	0	176.966430	47.244091	5.351005e-01	2000	1	8	20
	0	0	177.549858	47.254671	5.530548e-01	2000	1	8	21
	0	0	178.153645	47.281913	5.563293e-01	2000	1	8	22
	0	0	178.743921	47.323835	5.747313e-01	2000	1	8	23
	0	0	179.352537	47.373646	5.928607e-01	2000	1	9	0
	0	0	179.944498	47.436216	6.065559e-01	2000	1	9	1
	0	0	180.572140	47.503382	6.152601e-01	2000	1	9	2
	0	0	181.183946	47.591329	6.245012e-01	2000	1	9	3
	0	0	181.809427	47.646570	6.549535e-01	2000	1	9	4
	0	0	182.462329	47.689399	6.565933e-01	2000	1	9	5
	0	0	183.074585	47.774128	6.683416e-01	2000	1	9	6
	0	0	183.738707	47.803420	6.932559e-01	2000	1	9	7
	0	0	184.395670	47.819733	7.052484e-01	2000	1	9	8
	0	0	185.033459	47.864259	7.191730e-01	2000	1	9	9
	0	0	185.675277	47.881742	7.395515e-01	2000	1	9	10
	0	0	186.322446	47.946017	7.582216e-01	2000	1	9	11
	0	0	186.956397	47.982373	7.664127e-01	2000	1	9	12
	0	0	187.582462	48.041899	7.838387e-01	2000	1	9	13
	0	0	188.252026	48.090832	7.849641e-01	2000	1	9	14
	0	0	188.887429	48.155684	8.127747e-01	2000	1	9	15
	0	0	189.540340	48.228077	8.215475e-01	2000	1	9	16
	0	0	190.244038	48.250303	8.419795e-01	2000	1	9	17
	0	0	190.904548	48.309980	8.459921e-01	2000	1	9	18
	0	0	191.604008	48.325312	8.814311e-01	2000	1	9	19
	0	0	192.282952	48.334144	8.975573e-01	2000	1	9	20
	0	0	192.975444	48.392919	9.152279e-01	2000	1	9	21
	0	0	193.668126	48.408212	9.274602e-01	2000	1	9	22
	0	0	194.390059	48.440131	9.413552e-01	2000	1	9	23
	0	0	195.089902	48.470843	9.692774e-01	2000	1	10	0
	0	0	195.781614	48.498111	9.881091e-01	2000	1	10	1
	0	0	196.491058	48.535236	9.833994e-01	2000	1	10	2
	0	0	197.197310	48.583180	1.008737e+00	2000	1	10	3
	0	0	197.929692	48.605779	1.033154e+00	2000	1	10	4
	0	0	198.662754	48.655080	1.075774e+00	2000	1	10	5
	0	0	199.376427	48.679365	1.095454e+00	2000	1	10	6
	0	0	200.090504	48.714414	1.128971e+00	2000	1	10	7
	0	0	200.828571	48.736085	1.152017e+00	2000	1	10	8
	0	0	201.543570	48.751665	1.197526e+00	2000	1	10	9
	0	0	202.270947	48.782947	1.202024e+00	2000	1	10	10
	0	0	203.006934	48.818266	1.215456e+00	2000	1	10	11
	0	0	203.724798	48.831157	1.256405e+00	2000	1	10	12
	0	0	204.463080	48.875579	1.284399e+00	2000	1	10	13
	0	0	205.231219	48.889854	1.274885e+00	2000	1	10	14
	0	0	205.958035	48.913711	1.325855e+00	2000	1	10	15
	0	0	206.718666	48.934255	1.341429e+00	2000	1	10	16
	0	0	207.471285	48.935979	1.384205e+00	2000	1	10	17
	0	0	208.244632	48.937053	1.405540e+00	2000	1	10	18
	0	0	208.978199	48.940439	1.414048e+00	2000	1	10	19
	0	0	209.730983	48.936604	1.454039e+00	2000	1	10	20
	0	0	210.480409	48.927610	1.462483e+00	2000	1	10	21
	0	0	211.243871	48.910629	1.520826e+00	2000	1	10	22
	0	0	212.002000	48.913462	1.525987e+00	2000	1	10	23
	0	0	212.786696	48.879769	1.536323e+00	2000	1	11	0
	0	0	213.574777	48.868280	1.572624e+00	2000	1	11	1
	0	0	214.366564	48.851824	1.612267e+00	2000	1	11	2
	0	0	215.182783	48.819409	1.638507e+00	2000	1	11	3
	0	0	216.012833	48.798536	1.679620e+00	2000	1	11	4
	0	0	216.845957	48.758098	1.692113e+00	2000	1	11	5
	0	0	217.697634	48.711806	1.734992e+00	2000	1	11	6
	0	0	218.569232	48.666532	1.785480e+00	2000	1	11	7
	0	0	219.437119	48.612797	1.790895e+00	2000	1	11	8
	0	0	220.321465	48.573546	1.818141e+00	2000	1	11	9
	0	0	221.244429	48.540465	1.831103e+00	2000	1	11	10
	0	0	223.662079	48.375963	1.983855e+00	2000	1	11	13
	0	0	226.062320	48.269049	2.007666e+00	2000	1	11	15
	0	0	227.069653	48.228584	2.054641e+00	2000	1	11	16
	0	0	228.092105	48.190780	2.071641e+00	2000	1	11	17
	0	0	229.114367	48.178373	2.127668e+00	2000	1	11	18
	0	0	230.168907	48.148369	2.112691e+00	2000	1	11	19
	0	0	232.330790	48.105022	2.168251e+00	2000	1	11	21
	0	0	234.590627	48.070454	2.232307e+00	2000	1	11	23
	0	0	236.982350	48.027781	2.227694e+00	2000	1	12	1
	0	0	238.143097	48.018180	2.311702e+00	2000	1	12	2
	0	0	239.321592	47.988201	2.317033e+00	2000	1	12	3
	0	0	240.479375	47.975626	2.312567e+00	2000	1	12	4
	0	0	241.630132	47.972488	2.252310e+00	2000	1	12	5
start	92	2000	1	8	1
	0	0	226.134837	46.491452	3.117366e-01	2000	1	8	1
	0	0	226.653617	46.618770	3.125796e-01	2000	1	8	2
	0	0	227.230026	46.630514	3.250217e-01	2000	1	8	3
	0	0	227.797850	46.688743	3.382158e-01	2000	1	8	4
	0	0	228.416880	46.708934	3.449254e-01	2000	1	8	5
	0	0	228.956595	46.787331	3.585887e-01	2000	1	8	6
	0	0	229.587807	46.793057	3.734193e-01	2000	1	8	7
	0	0	230.154474	46.840759	3.784413e-01	2000	1	8	8
	0	0	230.708579	46.822251	3.916159e-01	2000	1	8	9
	0	0	231.280481	46.794887	4.040232e-01	2000	1	8	10
	0	0	231.780978	46.826661	4.195738e-01	2000	1	8	11
	0	0	232.349435	46.825231	4.244003e-01	2000	1	8	12
	0	0	232.875935	46.871298	4.458456e-01	2000	1	8	13
	0	0	233.459233	46.924551	4.487834e-01	2000	1	8	14
	0	0	234.046529	46.956714	4.635344e-01	2000	1	8	15
	0	0	234.601113	47.027440	4.827595e-01	2000	1	8	16
	0	0	235.198712	47.115761	4.974823e-01	2000	1	8	17
	0	0	235.808391	47.165809	5.094676e-01	2000	1	8	18
	0	0	236.391720	47.192080	5.166597e-01	2000	1	8	19
	0	0	236.998779	47.215163	5.358253e-01	2000	1	8	20
	0	0	237.568364	47.263408	5.479813e-01	2000	1	8	21
	0	0	238.170708	47.294485	5.567727e-01	2000	1	8	22
	0	0	238.762361	47.309351	5.809693e-01	2000	1	8	23
	0	0	239.349619	47.386532	5.868912e-01	2000	1	9	0
	0	0	239.945664	47.465317	6.039176e-01	2000	1	9	1
	0	0	240.558133	47.500411	6.076336e-01	2000	1	9	2
	0	0	241.184436	47.567781	6.249347e-01	2000	1	9	3
	0	0	241.799061	47.646756	6.405721e-01	2000	1	9	4
	0	0	242.448099	47.709500	6.540456e-01	2000	1	9	5
	0	0	243.078688	47.754702	6.714563e-01	2000	1	9	6
	0	0	243.755618	47.792417	6.847067e-01	2000	1	9	7
	0	0	244.391218	47.828531	7.028975e-01	2000	1	9	8
	0	0	245.043016	47.851724	7.206521e-01	2000	1	9	9
	0	0	245.682022	47.889863	7.510467e-01	2000	1	9	10
	0	0	246.316963	47.919088	7.452102e-01	2000	1	9	11
	0	0	246.956279	47.975124	7.615004e-01	2000	1	9	12
	0	0	247.589829	48.033271	7.682018e-01	2000	1	9	13
	0	0	248.231457	48.097713	8.004103e-01	2000	1	9	14
	0	0	248.893059	48.144739	8.074656e-01	2000	1	9	15
	0	0	249.535933	48.211316	8.304448e-01	2000	1	9	16
	0	0	250.230352	48.261034	8.483038e-01	2000	1	9	17
	0	0	250.917093	48.284201	8.571377e-01	2000	1	9	18
	0	0	251.576852	48.346787	8.765988e-01	2000	1	9	19
	0	0	252.299661	48.357258	8.866334e-01	2000	1	9	20
	0	0	252.971815	48.387383	9.152327e-01	2000	1	9	21
	0	0	253.681255	48.401586	9.199100e-01	2000	1	9	22
	0	0	254.370270	48.439603	9.365373e-01	2000	1	9	23
	0	0	255.077199	48.457220	9.547443e-01	2000	1	10	0
	0	0	255.778581	48.495531	9.604568e-01	2000	1	10	1
	0	0	256.489225	48.543499	9.788218e-01	2000	1	10	2
	0	0	257.218877	48.574524	1.026817e+00	2000	1	10	3
	0	0	257.913313	48.616718	1.030015e+00	2000	1	10	4
	0	0	258.648785	48.641630	1.051917e+00	2000	1	10	5
	0	0	259.371950	48.681709	1.093297e+00	2000	1	10	6
	0	0	260.095770	48.703745	1.120747e+00	2000	1	10	7
	0	0	260.817627	48.747770	1.136704e+00	2000	1	10	8
	0	0	261.547387	48.765772	1.160875e+00	2000	1	10	9
	0	0	262.269695	48.779059	1.185356e+00	2000	1	10	10
	0	0	263.003624	48.810155	1.217562e+00	2000	1	10	11
	0	0	263.735004	48.838579	1.257346e+00	2000	1	10	12
	0	0	264.482358	48.877548	1.256129e+00	2000	1	10	13
	0	0	265.207522	48.893292	1.322076e+00	2000	1	10	14
	0	0	265.962213	48.920474	1.331624e+00	2000	1	10	15
	0	0	266.723577	48.936118	1.365593e+00	2000	1	10	16
	0	0	267.472879	48.957058	1.382085e+00	2000	1	10	17
	0	0	268.232670	48.951143	1.407509e+00	2000	1	10	18
	0	0	268.970850	48.950546	1.418542e+00	2000	1	10	19
	0	0	269.738911	48.950907	1.455019e+00	2000	1	10	20
	0	0	270.489833	48.928554	1.494710e+00	2000	1	10	21
	0	0	271.245794	48.905475	1.504236e+00	2000	1	10	22
	0	0	272.003393	48.909340	1.552501e+00	2000	1	10	23
	0	0	272.780832	48.891437	1.566767e+00	2000	1	11	0
	0	0	273.564548	48.880680	1.578399e+00	2000	1	11	1
	0	0	274.372351	48.850748	1.613270e+00	2000	1	11	2
	0	0	276.007097	48.798103	1.661105e+00	2000	1	11	4
	0	0	276.846213	48.758042	1.725191e+00	2000	1	11	5
	0	0	277.702900	48.718759	1.729384e+00	2000	1	11	6
	0	0	278.562771	48.664920	1.744907e+00	2000	1	11	7
	0	0	279.443570	48.621719	1.820831e+00	2000	1	11	8
	0	0	280.316949	48.582524	1.804801e+00	2000	1	11	9
	0	0	286.064810	48.271181	2.007763e+00	2000	1	11	15
	0	0	287.069265	48.227390	2.022008e+00	2000	1	11	16
	0	0	288.083502	48.202123	2.080754e+00	2000	1	11	17
	0	0	289.115281	48.162231	2.136987e+00	2000	1	11	18
	0	0	290.174690	48.136838	2.149243e+00	2000	1	11	19
	0	0	292.341527	48.099185	2.187399e+00	2000	1	11	21
	0	0	293.474312	48.073634	2.196562e+00	2000	1	11	22
	0	0	296.981852	48.031901	2.247714e+00	2000	1	12	1
	0	0	298.157155	48.021229	2.236796e+00	2000	1	12	2
	0	0	299.307681	47.996128	2.261476e+00	2000	1	12	3
	0	0	300.480257	47.980432	2.289606e+00	2000	1	12	4
	0	0	301.636400	47.969585	2.260808e+00	2000	1	12	5
start	94	2000	1	8	1
	0	0	286.110878	46.588233	3.054094e-01	2000	1	8	1
	0	0	286.654999	46.587684	3.239746e-01	2000	1	8	2
	0	0	287.208881	46.652096	3.233953e-01	2000	1	8	3
	0	0	287.801681	46.692863	3.349180e-01	2000	1	8	4
	0	0	288.417604	46.769125	3.477321e-01	2000	1	8	5
	0	0	288.985787	46.781294	3.573465e-01	2000	1	8	6
	0	0	289.551671	46.865112	3.678155e-01	2000	1	8	7
	0	0	290.143938	46.854876	3.892660e-01	2000	1	8	8
	0	0	290.681657	46.824976	3.965039e-01	2000	1	8	9
	0	0	291.269078	46.835232	4.174533e-01	2000	1	8	10
	0	0	291.842579	46.810536	4.180059e-01	2000	1	8	11
	0	0	292.380816	46.817799	4.284282e-01	2000	1	8	12
	0	0	292.900697	46.878320	4.404440e-01	2000	1	8	13
	0	0	293.474909	46.912017	4.544029e-01	2000	1	8	14
	0	0	294.053568	46.973158	4.535685e-01	2000	1	8	15
	0	0	294.613147	47.077726	4.717965e-01	2000	1	8	16
	0	0	295.153882	47.116934	4.981298e-01	2000	1	8	17
	0	0	295.777042	47.154375	5.002103e-01	2000	1	8	18
	0	0	296.389408	47.199606	5.227814e-01	2000	1	8	19
	0	0	296.951050	47.236640	5.347633e-01	2000	1	8	20
	0	0	297.571283	47.257781	5.408926e-01	2000	1	8	21
	0	0	298.146183	47.296232	5.574512e-01	2000	1	8	22
	0	0	298.774300	47.338001	5.804706e-01	2000	1	8	23
	0	0	299.348992	47.366974	5.862346e-01	2000	1	9	0
	0	0	299.943174	47.461052	6.015048e-01	2000	1	9	1
	0	0	300.573678	47.526794	6.209450e-01	2000	1	9	2
	0	0	301.155970	47.596116	6.355290e-01	2000	1	9	3
	0	0	301.817972	47.671556	6.367478e-01	2000	1	9	4
	0	0	302.449281	47.718039	6.577969e-01	2000	1	9	5
	0	0	303.098588	47.758353	6.773663e-01	2000	1	9	6
	0	0	303.726260	47.796470	6.847210e-01	2000	1	9	7
	0	0	304.389245	47.832015	7.074151e-01	2000	1	9	8
	0	0	305.038466	47.861830	7.243514e-01	2000	1	9	9
	0	0	305.681626	47.899221	7.311168e-01	2000	1	9	10
	0	0	306.315795	47.917884	7.504888e-01	2000	1	9	11
	0	0	306.970145	47.971714	7.711415e-01	2000	1	9	12
	0	0	307.600138	48.032784	7.754474e-01	2000	1	9	13
	0	0	308.243724	48.082463	8.063102e-01	2000	1	9	14
	0	0	308.880704	48.140748	8.042603e-01	2000	1	9	15
	0	0	309.555894	48.212835	8.258762e-01	2000	1	9	16
	0	0	310.228462	48.251777	8.438268e-01	2000	1	9	17
	0	0	310.924877	48.291891	8.661094e-01	2000	1	9	18
	0	0	311.581123	48.358891	8.773613e-01	2000	1	9	19
	0	0	312.296957	48.375567	9.056082e-01	2000	1	9	20
	0	0	312.971444	48.386369	9.057269e-01	2000	1	9	21
	0	0	313.683040	48.406965	9.191489e-01	2000	1	9	22
	0	0	314.391808	48.437275	9.516931e-01	2000	1	9	23
	0	0	315.087371	48.453310	9.632559e-01	2000	1	10	0
	0	0	315.764596	48.515351	9.987860e-01	2000	1	10	1
	0	0	316.489582	48.537407	1.016181e+00	2000	1	10	2
	0	0	317.218059	48.579347	1.020351e+00	2000	1	10	3
	0	0	317.925182	48.609363	1.039690e+00	2000	1	10	4
	0	0	318.647960	48.640217	1.061063e+00	2000	1	10	5
	0	0	319.376435	48.682179	1.077979e+00	2000	1	10	6
	0	0	320.101642	48.710243	1.118162e+00	2000	1	10	7
	0	0	320.825342	48.730733	1.151330e+00	2000	1	10	8
	0	0	321.557304	48.759704	1.154166e+00	2000	1	10	9
	0	0	322.270285	48.797105	1.189128e+00	2000	1	10	10
	0	0	322.998978	48.811865	1.194626e+00	2000	1	10	11
	0	0	323.728621	48.857108	1.245165e+00	2000	1	10	12
	0	0	324.481872	48.855527	1.264842e+00	2000	1	10	13
	0	0	325.216148	48.897705	1.296636e+00	2000	1	10	14
	0	0	325.963906	48.914491	1.316657e+00	2000	1	10	15
	0	0	326.704279	48.933392	1.353924e+00	2000	1	10	16
	0	0	327.479626	48.948924	1.376158e+00	2000	1	10	17
	0	0	328.223984	48.958205	1.391596e+00	2000	1	10	18
	0	0	328.992794	48.938339	1.446386e+00	2000	1	10	19
	0	0	329.740492	48.936205	1.465982e+00	2000	1	10	20
	0	0	330.485430	48.930249	1.468040e+00	2000	1	10	21
	0	0	331.236031	48.917209	1.492805e+00	2000	1	10	22
	0	0	332.006554	48.898856	1.555939e+00	2000	1	10	23
	0	0	332.774436	48.900154	1.547820e+00	2000	1	11	0
	0	0	333.569110	48.866840	1.577531e+00	2000	1	11	1
	0	0	334.372456	48.852879	1.615388e+00	2000	1	11	2
	0	0	336.008509	48.789064	1.676589e+00	2000	1	11	4
	0	0	336.860683	48.763006	1.698438e+00	2000	1	11	5
	0	0	337.689243	48.714633	1.725600e+00	2000	1	11	6
	0	0	338.558480	48.674938	1.761837e+00	2000	1	11	7
	0	0	339.437030	48.614376	1.770492e+00	2000	1	11	8
	0	0	340.307503	48.579267	1.815411e+00	2000	1	11	9
	0	0	344.750216	48.393792	1.986197e+00	2000	1	11	14
	0	0	345.582882	48.388295	1.994236e+00	2000	1	11	15
	0	0	346.377792	48.413590	2.050952e+00	2000	1	11	16
	0	0	347.149857	48.444160	2.082203e+00	2000	1	11	17
	0	0	347.896185	48.491551	2.111360e+00	2000	1	11	18
	0	0	348.603179	48.561289	2.173555e+00	2000	1	11	19
	0	0	349.952160	48.820164	2.174096e+00	2000	1	11	21
	0	0	350.590075	49.021376	2.227224e+00	2000	1	11	22
	0	0	351.216863	49.291481	2.221677e+00	2000	1	11	23
	0	0	352.442151	49.977077	2.239627e+00	2000	1	12	1
	0	0	353.000289	50.467245	2.206955e+00	2000	1	12	2
	0	0	353.508953	51.055739	2.103791e+00	2000	1	12	3
	0	0	353.979008	51.740468	1.954354e+00	2000	1	12	4
	0	0	354.388164	52.527334	1.780063e+00	2000	1	12	5
start	93	2000	1	8	1
	0	0	46.136283	46.492754	3.117366e-01	2000	1	8	1
	0	0	46.653575	46.618728	3.125796e-01	2000	1	8	2
	0	0	47.229645	46.631000	3.250217e-01	2000	1	8	3
	0	0	47.799909	46.687944	3.382158e-01	2000	1	8	4
	0	0	48.416810	46.708835	3.449254e-01	2000	1	8	5
	0	0	48.957298	46.787017	3.585887e-01	2000	1	8	6
	0	0	49.587129	46.793805	3.734193e-01	2000	1	8	7
	0	0	50.152923	46.842889	3.784413e-01	2000	1	8	8
	0	0	50.710611	46.823617	3.916159e-01	2000	1	8	9
	0	0	51.280842	46.796321	4.040232e-01	2000	1	8	10
	0	0	51.781553	46.824669	4.195738e-01	2000	1	8	11
	0	0	52.350397	46.827625	4.244003e-01	2000	1	8	12
	0	0	52.874809	46.869635	4.458456e-01	2000	1	8	13
	0	0	53.461867	46.922172	4.487834e-01	2000	1	8	14
	0	0	54.048627	46.958371	4.635344e-01	2000	1	8	15
	0	0	54.600911	47.028818	4.827595e-01	2000	1	8	16
	0	0	55.200906	47.114773	4.974823e-01	2000	1	8	17
	0	0	55.808080	47.165788	5.094676e-01	2000	1	8	18
	0	0	56.393758	47.193577	5.166597e-01	2000	1	8	19
	0	0	56.995520	47.217574	5.358253e-01	2000	1	8	20
	0	0	57.568660	47.261417	5.479813e-01	2000	1	8	21
	0	0	58.172259	47.294499	5.567727e-01	2000	1	8	22
	0	0	58.762291	47.309215	5.809693e-01	2000	1	8	23
	0	0	59.350862	47.387284	5.868912e-01	2000	1	9	0
	0	0	59.947036	47.469783	6.039176e-01	2000	1	9	1
	0	0	60.556220	47.498950	6.076336e-01	2000	1	9	2
	0	0	61.182978	47.570465	6.219158e-01	2000	1	9	3
	0	0	61.799699	47.646679	6.405721e-01	2000	1	9	4
	0	0	62.448427	47.709537	6.540456e-01	2000	1	9	5
	0	0	63.075297	47.753420	6.714563e-01	2000	1	9	6
	0	0	63.754789	47.790715	6.847067e-01	2000	1	9	7
	0	0	64.393193	47.830260	7.028975e-01	2000	1	9	8
	0	0	65.042703	47.851665	7.206521e-01	2000	1	9	9
	0	0	65.684277	47.893515	7.510467e-01	2000	1	9	10
	0	0	66.317451	47.919682	7.452102e-01	2000	1	9	11
	0	0	66.955762	47.975190	7.615004e-01	2000	1	9	12
	0	0	67.587668	48.033744	7.682018e-01	2000	1	9	13
	0	0	68.231966	48.097847	8.004026e-01	2000	1	9	14
	0	0	68.893440	48.144916	8.074656e-01	2000	1	9	15
	0	0	69.535938	48.212137	8.304448e-01	2000	1	9	16
	0	0	70.228527	48.263235	8.483038e-01	2000	1	9	17
	0	0	70.916930	48.284805	8.571377e-01	2000	1	9	18
	0	0	71.575452	48.344981	8.754106e-01	2000	1	9	19
	0	0	72.298970	48.358233	8.866334e-01	2000	1	9	20
	0	0	72.972662	48.386295	9.152327e-01	2000	1	9	21
	0	0	73.679410	48.400886	9.200654e-01	2000	1	9	22
	0	0	74.370151	48.441647	9.365373e-01	2000	1	9	23
	0	0	75.076892	48.458688	9.547443e-01	2000	1	10	0
	0	0	75.776813	48.494575	9.604568e-01	2000	1	10	1
	0	0	76.486860	48.543763	9.788218e-01	2000	1	10	2
	0	0	77.219355	48.574895	1.026817e+00	2000	1	10	3
	0	0	77.912699	48.619445	1.030015e+00	2000	1	10	4
	0	0	78.648668	48.641125	1.051917e+00	2000	1	10	5
	0	0	79.371458	48.681042	1.093297e+00	2000	1	10	6
	0	0	80.096172	48.703819	1.120747e+00	2000	1	10	7
	0	0	80.818885	48.747546	1.136704e+00	2000	1	10	8
	0	0	81.547493	48.765782	1.160875e+00	2000	1	10	9
	0	0	82.269513	48.781876	1.185356e+00	2000	1	10	10
	0	0	83.002982	48.809167	1.217562e+00	2000	1	10	11
	0	0	83.734504	48.839295	1.257346e+00	2000	1	10	12
	0	0	84.481567	48.878062	1.256129e+00	2000	1	10	13
	0	0	85.206881	48.893760	1.322076e+00	2000	1	10	14
	0	0	85.962075	48.920745	1.331624e+00	2000	1	10	15
	0	0	86.722010	48.938196	1.365593e+00	2000	1	10	16
	0	0	87.473668	48.958325	1.382085e+00	2000	1	10	17
	0	0	88.232557	48.950117	1.407509e+00	2000	1	10	18
	0	0	88.970332	48.953979	1.418542e+00	2000	1	10	19
	0	0	89.738025	48.951034	1.455019e+00	2000	1	10	20
	0	0	90.489734	48.928927	1.494710e+00	2000	1	10	21
	0	0	91.244303	48.906879	1.504503e+00	2000	1	10	22
	0	0	92.002633	48.909927	1.552501e+00	2000	1	10	23
	0	0	92.778911	48.892303	1.566767e+00	2000	1	11	0
	0	0	93.565057	48.881981	1.578399e+00	2000	1	11	1
	0	0	94.369875	48.852865	1.613270e+00	2000	1	11	2
	0	0	96.005645	48.799750	1.661105e+00	2000	1	11	4
	0	0	96.842817	48.762736	1.725191e+00	2000	1	11	5
	0	0	97.702443	48.718353	1.729384e+00	2000	1	11	6
	0	0	98.561033	48.666795	1.744907e+00	2000	1	11	7
	0	0	99.441448	48.621443	1.820831e+00	2000	1	11	8
	0	0	100.316333	48.583281	1.804801e+00	2000	1	11	9
	0	0	101.229092	48.525956	1.864667e+00	2000	1	11	10
	0	0	105.076239	48.310967	1.979627e+00	2000	1	11	14
	0	0	106.060099	48.274203	2.007763e+00	2000	1	11	15
	0	0	107.064175	48.231070	2.022008e+00	2000	1	11	16
	0	0	108.080514	48.201625	2.080754e+00	2000	1	11	17
	0	0	109.115663	48.163866	2.136987e+00	2000	1	11	18
	0	0	110.173642	48.136528	2.141346e+00	2000	1	11	19
	0	0	112.341470	48.100153	2.187399e+00	2000	1	11	21
	0	0	116.979959	48.033653	2.247714e+00	2000	1	12	1
	0	0	118.151730	48.023569	2.236796e+00	2000	1	12	2
	0	0	119.305712	47.998803	2.261476e+00	2000	1	12	3
	0	0	120.476221	47.981668	2.289606e+00	2000	1	12	4
	0	0	121.631817	47.970981	2.251221e+00	2000	1	12	5
