start	96	2000	1	7	0
	0	0	62.046682	46.191834	1.378436e-01	2000	1	7	0
	0	0	62.510836	46.213445	1.372457e-01	2000	1	7	1
	0	0	63.057417	46.290623	1.444297e-01	2000	1	7	2
	0	0	63.695371	46.255972	1.466660e-01	2000	1	7	3
	0	0	64.228197	46.197749	1.572032e-01	2000	1	7	4
	0	0	64.807784	46.356938	1.609693e-01	2000	1	7	5
	0	0	65.392827	46.371664	1.659384e-01	2000	1	7	6
	0	0	66.050369	46.400941	1.725912e-01	2000	1	7	7
	0	0	66.645231	46.498822	1.822186e-01	2000	1	7	8
	0	0	67.212754	46.374693	1.858530e-01	2000	1	7	9
	0	0	67.776869	46.437033	1.946268e-01	2000	1	7	10
	0	0	68.341979	46.387011	1.998787e-01	2000	1	7	11
	0	0	68.802126	46.337716	2.036319e-01	2000	1	7	12
	0	0	69.314013	46.333027	2.057219e-01	2000	1	7	13
	0	0	69.907471	46.408522	2.152843e-01	2000	1	7	14
	0	0	70.473379	46.440634	2.191873e-01	2000	1	7	15
	0	0	71.026007	46.408758	2.227888e-01	2000	1	7	16
	0	0	71.685541	46.498199	2.362714e-01	2000	1	7	17
	0	0	72.354576	46.511051	2.405815e-01	2000	1	7	18
	0	0	72.894059	46.521266	2.490072e-01	2000	1	7	19
	0	0	73.488647	46.499182	2.578888e-01	2000	1	7	20
	0	0	74.029542	46.529001	2.694125e-01	2000	1	7	21
	0	0	74.580461	46.560825	2.786770e-01	2000	1	7	22
	0	0	75.144046	46.505780	2.814951e-01	2000	1	7	23
	0	0	75.649394	46.582978	2.936363e-01	2000	1	8	0
	0	0	76.167402	46.529271	3.052936e-01	2000	1	8	1
	0	0	76.720264	46.632468	3.108349e-01	2000	1	8	2
	0	0	77.341228	46.629861	3.202100e-01	2000	1	8	3
	0	0	77.970533	46.644074	3.289566e-01	2000	1	8	4
	0	0	78.521009	46.732195	3.361030e-01	2000	1	8	5
	0	0	79.155707	46.758469	3.455544e-01	2000	1	8	6
	0	0	79.764613	46.784545	3.580713e-01	2000	1	8	7
	0	0	80.352040	46.849765	3.698363e-01	2000	1	8	8
	0	0	80.979968	46.788535	3.806038e-01	2000	1	8	9
	0	0	81.546867	46.837662	3.927903e-01	2000	1	8	10
	0	0	82.103152	46.821852	4.000912e-01	2000	1	8	11
	0	0	82.694574	46.858302	4.098425e-01	2000	1	8	12
	0	0	83.283449	46.879077	4.211912e-01	2000	1	8	13
	0	0	83.855946	46.923702	4.315701e-01	2000	1	8	14
	0	0	84.518117	46.987004	4.481492e-01	2000	1	8	15
	0	0	85.121420	47.060271	4.622436e-01	2000	1	8	16
	0	0	85.774644	47.141734	4.656205e-01	2000	1	8	17
	0	0	86.445102	47.154229	4.843764e-01	2000	1	8	18
	0	0	87.111840	47.204924	4.936495e-01	2000	1	8	19
	0	0	87.736138	47.253630	5.063963e-01	2000	1	8	20
	0	0	88.404382	47.263999	5.150862e-01	2000	1	8	21
	0	0	89.022751	47.275129	5.290818e-01	2000	1	8	22
	0	0	89.662744	47.317661	5.400615e-01	2000	1	8	23
	0	0	90.274994	47.378247	5.519948e-01	2000	1	9	0
	0	0	90.897680	47.454440	5.668240e-01	2000	1	9	1
	0	0	91.541480	47.517527	5.744901e-01	2000	1	9	2
	0	0	92.184185	47.595197	5.895376e-01	2000	1	9	3
	0	0	92.851587	47.658866	5.993009e-01	2000	1	9	4
	0	0	93.506144	47.710267	6.084819e-01	2000	1	9	5
	0	0	94.178083	47.766473	6.223164e-01	2000	1	9	6
	0	0	94.857379	47.797692	6.318960e-01	2000	1	9	7
	0	0	95.555985	47.797921	6.549315e-01	2000	1	9	8
	0	0	96.195007	47.844407	6.655450e-01	2000	1	9	9
	0	0	96.869341	47.871404	6.827493e-01	2000	1	9	10
	0	0	97.517981	47.925219	7.035165e-01	2000	1	9	11
	0	0	98.151654	47.975740	7.130361e-01	2000	1	9	12
	0	0	98.806532	48.030838	7.273965e-01	2000	1	9	13
	0	0	99.447617	48.105982	7.386208e-01	2000	1	9	14
	0	0	100.108821	48.154985	7.486644e-01	2000	1	9	15
	0	0	100.780792	48.213861	7.730489e-01	2000	1	9	16
	0	0	101.474732	48.228806	7.839527e-01	2000	1	9	17
	0	0	102.116659	48.310241	7.999282e-01	2000	1	9	18
	0	0	102.816153	48.315080	8.183470e-01	2000	1	9	19
	0	0	103.481238	48.353786	8.289208e-01	2000	1	9	20
	0	0	104.146485	48.377920	8.432822e-01	2000	1	9	21
	0	0	104.803356	48.396589	8.589263e-01	2000	1	9	22
	0	0	105.437571	48.433396	8.780298e-01	2000	1	9	23
	0	0	106.106997	48.446256	8.948517e-01	2000	1	10	0
	0	0	106.755319	48.488996	9.099059e-01	2000	1	10	1
	0	0	107.428044	48.523424	9.330516e-01	2000	1	10	2
	0	0	108.123528	48.575965	9.432960e-01	2000	1	10	3
	0	0	108.793338	48.619633	9.632993e-01	2000	1	10	4
	0	0	109.504706	48.639001	9.791803e-01	2000	1	10	5
	0	0	110.187895	48.681322	9.893007e-01	2000	1	10	6
	0	0	110.884405	48.706209	1.005058e+00	2000	1	10	7
	0	0	111.566332	48.731052	1.015816e+00	2000	1	10	8
	0	0	112.275686	48.753840	1.040363e+00	2000	1	10	9
	0	0	112.978613	48.784814	1.058219e+00	2000	1	10	10
	0	0	113.708122	48.808743	1.062194e+00	2000	1	10	11
	0	0	114.434325	48.834470	1.077444e+00	2000	1	10	12
	0	0	115.191179	48.863870	1.097198e+00	2000	1	10	13
	0	0	115.949080	48.889873	1.108136e+00	2000	1	10	14
	0	0	116.729890	48.917392	1.135091e+00	2000	1	10	15
	0	0	117.515719	48.940328	1.143096e+00	2000	1	10	16
	0	0	118.308658	48.951955	1.160341e+00	2000	1	10	17
	0	0	119.133282	48.946750	1.187004e+00	2000	1	10	18
	0	0	119.947137	48.940060	1.200125e+00	2000	1	10	19
	0	0	120.771638	48.935317	1.231183e+00	2000	1	10	20
	0	0	121.610522	48.931542	1.267970e+00	2000	1	10	21
	0	0	122.449932	48.907321	1.296190e+00	2000	1	10	22
	0	0	123.319493	48.891186	1.301168e+00	2000	1	10	23
start	96	2000	1	7	0
	0	0	6.097695	46.006191	1.403408e-01	2000	1	7	0
	0	0	6.363116	46.007675	1.414914e-01	2000	1	7	1
	0	0	6.685010	46.084939	1.465755e-01	2000	1	7	2
	0	0	6.982484	46.015113	1.511979e-01	2000	1	7	3
	0	0	7.229799	45.954498	1.534314e-01	2000	1	7	4
	0	0	7.581683	46.129538	1.580896e-01	2000	1	7	5
	0	0	7.903953	46.187667	1.651883e-01	2000	1	7	6
	0	0	8.261854	46.253488	1.685224e-01	2000	1	7	7
	0	0	8.655411	46.264831	1.782770e-01	2000	1	7	8
	0	0	8.910197	46.198444	1.885443e-01	2000	1	7	9
	0	0	9.281106	46.131195	1.911101e-01	2000	1	7	10
	0	0	9.639814	46.156245	1.957011e-01	2000	1	7	11
	0	0	9.962883	46.171537	2.033305e-01	2000	1	7	12
	0	0	10.325852	46.130492	2.074366e-01	2000	1	7	13
	0	0	10.677117	46.173920	2.095861e-01	2000	1	7	14
	0	0	11.087454	46.225902	2.204852e-01	2000	1	7	15
	0	0	11.573505	46.304843	2.287102e-01	2000	1	7	16
	0	0	12.056055	46.370445	2.326488e-01	2000	1	7	17
	0	0	12.570753	46.474207	2.384601e-01	2000	1	7	18
	0	0	13.087332	46.432033	2.518067e-01	2000	1	7	19
	0	0	13.628450	46.468759	2.538638e-01	2000	1	7	20
	0	0	14.149617	46.461097	2.661090e-01	2000	1	7	21
	0	0	14.712010	46.467836	2.763085e-01	2000	1	7	22
	0	0	15.214942	46.466810	2.846656e-01	2000	1	7	23
	0	0	15.753698	46.473019	2.930536e-01	2000	1	8	0
	0	0	16.217444	46.506353	3.062620e-01	2000	1	8	1
	0	0	16.787427	46.575643	3.139181e-01	2000	1	8	2
	0	0	17.380395	46.646966	3.223372e-01	2000	1	8	3
	0	0	17.947694	46.683192	3.300753e-01	2000	1	8	4
	0	0	18.522769	46.717154	3.392501e-01	2000	1	8	5
	0	0	19.142436	46.746653	3.514261e-01	2000	1	8	6
	0	0	19.713262	46.810162	3.537045e-01	2000	1	8	7
	0	0	20.353658	46.834097	3.670831e-01	2000	1	8	8
	0	0	20.970843	46.807705	3.777547e-01	2000	1	8	9
	0	0	21.556238	46.820218	3.955731e-01	2000	1	8	10
	0	0	22.109845	46.820634	4.043646e-01	2000	1	8	11
	0	0	22.694881	46.824441	4.099164e-01	2000	1	8	12
	0	0	23.284108	46.864229	4.235435e-01	2000	1	8	13
	0	0	23.892087	46.906771	4.313502e-01	2000	1	8	14
	0	0	24.478811	46.985246	4.401927e-01	2000	1	8	15
	0	0	25.150094	47.033083	4.608879e-01	2000	1	8	16
	0	0	25.819461	47.063424	4.651680e-01	2000	1	8	17
	0	0	26.414692	47.165348	4.822640e-01	2000	1	8	18
	0	0	27.105073	47.204367	4.913573e-01	2000	1	8	19
	0	0	27.783461	47.214285	5.098639e-01	2000	1	8	20
	0	0	28.415130	47.240437	5.222301e-01	2000	1	8	21
	0	0	29.012607	47.293619	5.244231e-01	2000	1	8	22
	0	0	29.653611	47.323139	5.381470e-01	2000	1	8	23
	0	0	30.279013	47.376463	5.519576e-01	2000	1	9	0
	0	0	30.893009	47.451671	5.705271e-01	2000	1	9	1
	0	0	31.527764	47.522644	5.764594e-01	2000	1	9	2
	0	0	32.191404	47.578962	5.875707e-01	2000	1	9	3
	0	0	32.866644	47.639724	5.999227e-01	2000	1	9	4
	0	0	33.502215	47.709401	6.079154e-01	2000	1	9	5
	0	0	34.199048	47.756653	6.252489e-01	2000	1	9	6
	0	0	34.888317	47.784885	6.357136e-01	2000	1	9	7
	0	0	35.540633	47.840383	6.554403e-01	2000	1	9	8
	0	0	36.212152	47.851840	6.680775e-01	2000	1	9	9
	0	0	36.861699	47.895278	6.853275e-01	2000	1	9	10
	0	0	37.507520	47.921180	6.944623e-01	2000	1	9	11
	0	0	38.181381	47.977968	7.122269e-01	2000	1	9	12
	0	0	38.804535	48.036634	7.250695e-01	2000	1	9	13
	0	0	39.468924	48.086831	7.399020e-01	2000	1	9	14
	0	0	40.113436	48.144724	7.506442e-01	2000	1	9	15
	0	0	40.784532	48.215318	7.666321e-01	2000	1	9	16
	0	0	41.481423	48.237248	7.853293e-01	2000	1	9	17
	0	0	42.146661	48.283834	8.023720e-01	2000	1	9	18
	0	0	42.813725	48.332245	8.111172e-01	2000	1	9	19
	0	0	43.475924	48.358866	8.283706e-01	2000	1	9	20
	0	0	44.140728	48.376333	8.559318e-01	2000	1	9	21
	0	0	44.796326	48.403557	8.587198e-01	2000	1	9	22
	0	0	45.457704	48.427763	8.753905e-01	2000	1	9	23
	0	0	46.110236	48.452751	8.977323e-01	2000	1	10	0
	0	0	46.772801	48.485478	9.116468e-01	2000	1	10	1
	0	0	47.457819	48.541621	9.300146e-01	2000	1	10	2
	0	0	48.122387	48.583959	9.478569e-01	2000	1	10	3
	0	0	48.801418	48.609705	9.637046e-01	2000	1	10	4
	0	0	49.493661	48.646373	9.773617e-01	2000	1	10	5
	0	0	50.185447	48.674158	1.003348e+00	2000	1	10	6
	0	0	50.882255	48.715262	1.014054e+00	2000	1	10	7
	0	0	51.571751	48.741512	1.019493e+00	2000	1	10	8
	0	0	52.281964	48.756704	1.041484e+00	2000	1	10	9
	0	0	52.975744	48.781390	1.054115e+00	2000	1	10	10
	0	0	53.714245	48.816147	1.067616e+00	2000	1	10	11
	0	0	54.441392	48.840436	1.084525e+00	2000	1	10	12
	0	0	55.172394	48.866563	1.099106e+00	2000	1	10	13
	0	0	55.952653	48.886697	1.116979e+00	2000	1	10	14
	0	0	56.725736	48.902824	1.134824e+00	2000	1	10	15
	0	0	57.522502	48.932486	1.138142e+00	2000	1	10	16
	0	0	58.317369	48.948627	1.172029e+00	2000	1	10	17
	0	0	59.118394	48.955317	1.178877e+00	2000	1	10	18
	0	0	59.945155	48.944103	1.211469e+00	2000	1	10	19
	0	0	60.762981	48.950218	1.229170e+00	2000	1	10	20
	0	0	61.607297	48.928076	1.257456e+00	2000	1	10	21
	0	0	62.452134	48.913416	1.288136e+00	2000	1	10	22
	0	0	63.307358	48.906711	1.298781e+00	2000	1	10	23
start	96	2000	1	7	0
	0	0	121.973114	46.226496	1.386242e-01	2000	1	7	0
	0	0	122.532196	46.226167	1.444497e-01	2000	1	7	1
	0	0	123.119803	46.132583	1.440482e-01	2000	1	7	2
	0	0	123.750180	46.246496	1.515932e-01	2000	1	7	3
	0	0	124.256741	46.348433	1.544156e-01	2000	1	7	4
	0	0	124.855992	46.312392	1.605201e-01	2000	1	7	5
	0	0	125.478933	46.381597	1.630235e-01	2000	1	7	6
	0	0	126.069313	46.363020	1.729226e-01	2000	1	7	7
	0	0	126.694952	46.329011	1.775427e-01	2000	1	7	8
	0	0	127.185842	46.463583	1.866074e-01	2000	1	7	9
	0	0	127.823912	46.430940	1.940632e-01	2000	1	7	10
	0	0	128.302807	46.392772	1.967854e-01	2000	1	7	11
	0	0	128.780042	46.365865	2.014236e-01	2000	1	7	12
	0	0	129.317497	46.395223	2.126012e-01	2000	1	7	13
	0	0	129.922443	46.350444	2.120519e-01	2000	1	7	14
	0	0	130.408660	46.487715	2.172604e-01	2000	1	7	15
	0	0	131.010500	46.386614	2.224088e-01	2000	1	7	16
	0	0	131.667979	46.496356	2.317452e-01	2000	1	7	17
	0	0	132.293780	46.535141	2.433600e-01	2000	1	7	18
	0	0	132.895111	46.542132	2.483811e-01	2000	1	7	19
	0	0	133.519113	46.562035	2.591677e-01	2000	1	7	20
	0	0	134.090903	46.563913	2.672110e-01	2000	1	7	21
	0	0	134.596352	46.544797	2.775216e-01	2000	1	7	22
	0	0	135.137934	46.492277	2.902732e-01	2000	1	7	23
	0	0	135.646953	46.518469	2.884369e-01	2000	1	8	0
	0	0	136.243289	46.508194	3.037195e-01	2000	1	8	1
	0	0	136.717339	46.614055	3.089552e-01	2000	1	8	2
	0	0	137.324148	46.646905	3.190055e-01	2000	1	8	3
	0	0	137.883404	46.761997	3.238616e-01	2000	1	8	4
	0	0	138.526626	46.724866	3.421702e-01	2000	1	8	5
	0	0	139.123589	46.793089	3.463640e-01	2000	1	8	6
	0	0	139.763719	46.772478	3.598547e-01	2000	1	8	7
	0	0	140.342134	46.847405	3.703632e-01	2000	1	8	8
	0	0	140.919947	46.882218	3.768911e-01	2000	1	8	9
	0	0	141.556392	46.834827	3.899360e-01	2000	1	8	10
	0	0	142.127334	46.802983	3.965020e-01	2000	1	8	11
	0	0	142.678139	46.831146	4.146166e-01	2000	1	8	12
	0	0	143.251020	46.870392	4.211679e-01	2000	1	8	13
	0	0	143.882694	46.897849	4.319253e-01	2000	1	8	14
	0	0	144.486668	46.995491	4.419832e-01	2000	1	8	15
	0	0	145.111073	47.066028	4.581094e-01	2000	1	8	16
	0	0	145.776231	47.100050	4.646311e-01	2000	1	8	17
	0	0	146.484765	47.143292	4.808760e-01	2000	1	8	18
	0	0	147.102165	47.183156	4.915905e-01	2000	1	8	19
	0	0	147.764500	47.210762	5.028510e-01	2000	1	8	20
	0	0	148.405504	47.251082	5.197592e-01	2000	1	8	21
	0	0	149.044724	47.289244	5.272541e-01	2000	1	8	22
	0	0	149.628668	47.326302	5.420156e-01	2000	1	8	23
	0	0	150.279712	47.370472	5.542793e-01	2000	1	9	0
	0	0	150.909057	47.440505	5.688567e-01	2000	1	9	1
	0	0	151.549841	47.507333	5.772820e-01	2000	1	9	2
	0	0	152.184022	47.596692	5.896692e-01	2000	1	9	3
	0	0	152.841134	47.663851	5.944819e-01	2000	1	9	4
	0	0	153.501843	47.706846	6.132355e-01	2000	1	9	5
	0	0	154.197723	47.764728	6.239262e-01	2000	1	9	6
	0	0	154.880918	47.785790	6.377244e-01	2000	1	9	7
	0	0	155.527212	47.837082	6.487164e-01	2000	1	9	8
	0	0	156.189655	47.871377	6.637783e-01	2000	1	9	9
	0	0	156.880754	47.892030	6.867709e-01	2000	1	9	10
	0	0	157.504374	47.936259	6.974134e-01	2000	1	9	11
	0	0	158.170298	47.984870	7.186694e-01	2000	1	9	12
	0	0	158.796832	48.039138	7.278733e-01	2000	1	9	13
	0	0	159.443424	48.102125	7.365565e-01	2000	1	9	14
	0	0	160.111783	48.144356	7.523293e-01	2000	1	9	15
	0	0	160.772814	48.222337	7.733145e-01	2000	1	9	16
	0	0	161.464546	48.253914	7.777967e-01	2000	1	9	17
	0	0	162.141934	48.291082	7.993469e-01	2000	1	9	18
	0	0	162.799873	48.334622	8.151212e-01	2000	1	9	19
	0	0	163.472279	48.359516	8.280511e-01	2000	1	9	20
	0	0	164.138040	48.377304	8.450642e-01	2000	1	9	21
	0	0	164.803648	48.403336	8.662767e-01	2000	1	9	22
	0	0	165.447818	48.426212	8.822331e-01	2000	1	9	23
	0	0	166.115319	48.445744	8.951683e-01	2000	1	10	0
	0	0	166.767564	48.492391	9.114027e-01	2000	1	10	1
	0	0	167.439320	48.516581	9.327693e-01	2000	1	10	2
	0	0	168.119279	48.559959	9.469557e-01	2000	1	10	3
	0	0	168.818511	48.602203	9.693255e-01	2000	1	10	4
	0	0	169.482740	48.649775	9.799747e-01	2000	1	10	5
	0	0	170.195679	48.682710	1.008188e+00	2000	1	10	6
	0	0	170.870381	48.712908	1.011799e+00	2000	1	10	7
	0	0	171.573961	48.735433	1.033445e+00	2000	1	10	8
	0	0	172.274097	48.764352	1.036873e+00	2000	1	10	9
	0	0	172.994666	48.788745	1.044095e+00	2000	1	10	10
	0	0	173.702451	48.811890	1.062344e+00	2000	1	10	11
	0	0	174.451254	48.846137	1.088236e+00	2000	1	10	12
	0	0	175.185204	48.877012	1.100998e+00	2000	1	10	13
	0	0	175.952889	48.895699	1.119650e+00	2000	1	10	14
	0	0	176.718435	48.919767	1.131109e+00	2000	1	10	15
	0	0	177.521429	48.933089	1.147352e+00	2000	1	10	16
	0	0	178.319753	48.941006	1.159550e+00	2000	1	10	17
	0	0	179.124056	48.945640	1.176005e+00	2000	1	10	18
	0	0	179.935638	48.946347	1.206403e+00	2000	1	10	19
	0	0	180.773073	48.941677	1.233459e+00	2000	1	10	20
	0	0	181.605102	48.929250	1.261481e+00	2000	1	10	21
	0	0	182.457329	48.918381	1.279134e+00	2000	1	10	22
	0	0	183.315216	48.900392	1.288124e+00	2000	1	10	23
start	96	2000	1	7	0
	0	0	181.987896	46.244927	1.403408e-01	2000	1	7	0
	0	0	182.428891	46.291949	1.414914e-01	2000	1	7	1
	0	0	183.064022	46.285059	1.465755e-01	2000	1	7	2
	0	0	183.719770	46.197770	1.511979e-01	2000	1	7	3
	0	0	184.200052	46.242939	1.534314e-01	2000	1	7	4
	0	0	184.850410	46.346126	1.600127e-01	2000	1	7	5
	0	0	185.373117	46.473135	1.651883e-01	2000	1	7	6
	0	0	186.065667	46.455163	1.685224e-01	2000	1	7	7
	0	0	186.658446	46.535193	1.782770e-01	2000	1	7	8
	0	0	187.139777	46.447110	1.885443e-01	2000	1	7	9
	0	0	187.810133	46.421246	1.911101e-01	2000	1	7	10
	0	0	188.294665	46.383287	1.957011e-01	2000	1	7	11
	0	0	188.771322	46.415686	2.033305e-01	2000	1	7	12
	0	0	189.362225	46.318100	2.074366e-01	2000	1	7	13
	0	0	189.884539	46.313096	2.095861e-01	2000	1	7	14
	0	0	190.405148	46.403935	2.204852e-01	2000	1	7	15
	0	0	191.053078	46.452998	2.287102e-01	2000	1	7	16
	0	0	191.690073	46.466124	2.326488e-01	2000	1	7	17
	0	0	192.253996	46.609321	2.384601e-01	2000	1	7	18
	0	0	192.905614	46.503789	2.518067e-01	2000	1	7	19
	0	0	193.516256	46.516705	2.538638e-01	2000	1	7	20
	0	0	194.073287	46.507585	2.662950e-01	2000	1	7	21
	0	0	194.606121	46.556840	2.763085e-01	2000	1	7	22
	0	0	195.183824	46.484901	2.846656e-01	2000	1	7	23
	0	0	195.680340	46.542842	2.930536e-01	2000	1	8	0
	0	0	196.168706	46.554424	3.062620e-01	2000	1	8	1
	0	0	196.742031	46.626052	3.139181e-01	2000	1	8	2
	0	0	197.374511	46.653585	3.223372e-01	2000	1	8	3
	0	0	197.946397	46.684348	3.300753e-01	2000	1	8	4
	0	0	198.499120	46.745033	3.392501e-01	2000	1	8	5
	0	0	199.142713	46.745324	3.514261e-01	2000	1	8	6
	0	0	199.713338	46.810098	3.537045e-01	2000	1	8	7
	0	0	200.352108	46.835574	3.670831e-01	2000	1	8	8
	0	0	200.969545	46.807245	3.787866e-01	2000	1	8	9
	0	0	201.555936	46.818469	3.955731e-01	2000	1	8	10
	0	0	202.106825	46.823499	4.043646e-01	2000	1	8	11
	0	0	202.687572	46.836109	4.099164e-01	2000	1	8	12
	0	0	203.274473	46.874247	4.235435e-01	2000	1	8	13
	0	0	203.882345	46.917077	4.313502e-01	2000	1	8	14
	0	0	204.469822	46.991571	4.416213e-01	2000	1	8	15
	0	0	205.130266	47.052807	4.608879e-01	2000	1	8	16
	0	0	205.819800	47.063406	4.651680e-01	2000	1	8	17
	0	0	206.403598	47.174638	4.822640e-01	2000	1	8	18
	0	0	207.103435	47.206466	4.913573e-01	2000	1	8	19
	0	0	207.784221	47.214545	5.098639e-01	2000	1	8	20
	0	0	208.414129	47.241133	5.222301e-01	2000	1	8	21
	0	0	209.011816	47.294138	5.244231e-01	2000	1	8	22
	0	0	209.653069	47.323905	5.381470e-01	2000	1	8	23
	0	0	210.278089	47.377792	5.519576e-01	2000	1	9	0
	0	0	210.892676	47.452787	5.705271e-01	2000	1	9	1
	0	0	211.523807	47.527022	5.764594e-01	2000	1	9	2
	0	0	212.184925	47.583530	5.875707e-01	2000	1	9	3
	0	0	212.868713	47.638702	5.999227e-01	2000	1	9	4
	0	0	213.502472	47.709841	6.079154e-01	2000	1	9	5
	0	0	214.196900	47.758443	6.252489e-01	2000	1	9	6
	0	0	214.881351	47.790966	6.357136e-01	2000	1	9	7
	0	0	215.534856	47.843004	6.554403e-01	2000	1	9	8
	0	0	216.208301	47.854829	6.680775e-01	2000	1	9	9
	0	0	216.861841	47.895208	6.853275e-01	2000	1	9	10
	0	0	217.505991	47.922724	6.944623e-01	2000	1	9	11
	0	0	218.178996	47.979234	7.122269e-01	2000	1	9	12
	0	0	218.805694	48.036551	7.250695e-01	2000	1	9	13
	0	0	219.466628	48.088196	7.399020e-01	2000	1	9	14
	0	0	220.113196	48.145729	7.506442e-01	2000	1	9	15
	0	0	220.783739	48.215863	7.666321e-01	2000	1	9	16
	0	0	221.480224	48.238443	7.853293e-01	2000	1	9	17
	0	0	222.149530	48.283568	8.023720e-01	2000	1	9	18
	0	0	222.813687	48.332224	8.111172e-01	2000	1	9	19
	0	0	223.476059	48.359312	8.283706e-01	2000	1	9	20
	0	0	224.140469	48.376599	8.559318e-01	2000	1	9	21
	0	0	224.795465	48.404003	8.587198e-01	2000	1	9	22
	0	0	225.459453	48.425523	8.753905e-01	2000	1	9	23
	0	0	226.110176	48.453264	8.977323e-01	2000	1	10	0
	0	0	226.772832	48.485849	9.116468e-01	2000	1	10	1
	0	0	227.456229	48.542895	9.300146e-01	2000	1	10	2
	0	0	228.122847	48.585090	9.478569e-01	2000	1	10	3
	0	0	228.801494	48.611656	9.637046e-01	2000	1	10	4
	0	0	229.492126	48.647132	9.773617e-01	2000	1	10	5
	0	0	230.184182	48.675357	1.003348e+00	2000	1	10	6
	0	0	230.882500	48.714159	1.014054e+00	2000	1	10	7
	0	0	231.567400	48.743488	1.019493e+00	2000	1	10	8
	0	0	232.282170	48.759605	1.041484e+00	2000	1	10	9
	0	0	232.975584	48.782276	1.054115e+00	2000	1	10	10
	0	0	233.714112	48.817968	1.067616e+00	2000	1	10	11
	0	0	234.442064	48.841226	1.084525e+00	2000	1	10	12
	0	0	235.174057	48.866366	1.099106e+00	2000	1	10	13
	0	0	235.949624	48.888508	1.116979e+00	2000	1	10	14
	0	0	236.726173	48.903352	1.134824e+00	2000	1	10	15
	0	0	237.523197	48.934393	1.138142e+00	2000	1	10	16
	0	0	238.318939	48.949542	1.172029e+00	2000	1	10	17
	0	0	239.119865	48.954332	1.178877e+00	2000	1	10	18
	0	0	239.944826	48.944951	1.211469e+00	2000	1	10	19
	0	0	240.764626	48.948298	1.229170e+00	2000	1	10	20
	0	0	241.607856	48.929022	1.257456e+00	2000	1	10	21
	0	0	242.449161	48.916004	1.288136e+00	2000	1	10	22
	0	0	243.309051	48.907241	1.298781e+00	2000	1	10	23
start	96	2000	1	7	0
	0	0	242.046665	46.191832	1.378436e-01	2000	1	7	0
	0	0	242.507689	46.210491	1.372457e-01	2000	1	7	1
	0	0	243.059146	46.290469	1.444297e-01	2000	1	7	2
	0	0	243.695402	46.255935	1.466660e-01	2000	1	7	3
	0	0	244.233560	46.193083	1.572032e-01	2000	1	7	4
	0	0	244.807053	46.360780	1.609693e-01	2000	1	7	5
	0	0	245.393280	46.371948	1.659384e-01	2000	1	7	6
	0	0	246.051102	46.401252	1.725912e-01	2000	1	7	7
	0	0	246.647460	46.500917	1.822186e-01	2000	1	7	8
	0	0	247.208937	46.374054	1.858530e-01	2000	1	7	9
	0	0	247.777414	46.438036	1.946268e-01	2000	1	7	10
	0	0	248.337251	46.380599	1.998787e-01	2000	1	7	11
	0	0	248.801858	46.340836	2.036319e-01	2000	1	7	12
	0	0	249.315210	46.333723	2.057219e-01	2000	1	7	13
	0	0	249.903839	46.403491	2.152843e-01	2000	1	7	14
	0	0	250.475185	46.438327	2.191873e-01	2000	1	7	15
	0	0	251.027590	46.383438	2.227888e-01	2000	1	7	16
	0	0	251.688896	46.507084	2.362714e-01	2000	1	7	17
	0	0	252.354846	46.509923	2.405815e-01	2000	1	7	18
	0	0	252.891792	46.523815	2.490072e-01	2000	1	7	19
	0	0	253.489220	46.499669	2.578888e-01	2000	1	7	20
	0	0	254.030688	46.531150	2.694125e-01	2000	1	7	21
	0	0	254.582888	46.560770	2.786770e-01	2000	1	7	22
	0	0	255.144260	46.507568	2.814951e-01	2000	1	7	23
	0	0	255.647672	46.587536	2.936363e-01	2000	1	8	0
	0	0	256.166292	46.528872	3.052936e-01	2000	1	8	1
	0	0	256.721072	46.634739	3.108349e-01	2000	1	8	2
	0	0	257.341547	46.627763	3.202100e-01	2000	1	8	3
	0	0	257.967842	46.645069	3.289566e-01	2000	1	8	4
	0	0	258.520979	46.729696	3.361030e-01	2000	1	8	5
	0	0	259.156837	46.760138	3.455544e-01	2000	1	8	6
	0	0	259.763529	46.786258	3.580713e-01	2000	1	8	7
	0	0	260.353627	46.849229	3.698363e-01	2000	1	8	8
	0	0	260.983259	46.787931	3.806038e-01	2000	1	8	9
	0	0	261.547885	46.839510	3.927903e-01	2000	1	8	10
	0	0	262.100697	46.814318	4.000912e-01	2000	1	8	11
	0	0	262.691580	46.854695	4.098425e-01	2000	1	8	12
	0	0	263.282418	46.880961	4.211912e-01	2000	1	8	13
	0	0	263.856212	46.927488	4.315701e-01	2000	1	8	14
	0	0	264.515859	46.991639	4.481492e-01	2000	1	8	15
	0	0	265.122085	47.062051	4.622436e-01	2000	1	8	16
	0	0	265.772408	47.143218	4.656205e-01	2000	1	8	17
	0	0	266.441637	47.159041	4.843764e-01	2000	1	8	18
	0	0	267.111027	47.206790	4.936495e-01	2000	1	8	19
	0	0	267.734015	47.254056	5.063963e-01	2000	1	8	20
	0	0	268.397723	47.271856	5.150862e-01	2000	1	8	21
	0	0	269.022324	47.274362	5.290818e-01	2000	1	8	22
	0	0	269.663026	47.317342	5.400615e-01	2000	1	8	23
	0	0	270.278996	47.375734	5.519948e-01	2000	1	9	0
	0	0	270.900170	47.453307	5.668240e-01	2000	1	9	1
	0	0	271.539600	47.517849	5.744901e-01	2000	1	9	2
	0	0	272.184332	47.597003	5.895376e-01	2000	1	9	3
	0	0	272.851252	47.662246	5.993009e-01	2000	1	9	4
	0	0	273.507064	47.709493	6.084819e-01	2000	1	9	5
	0	0	274.179987	47.766156	6.223164e-01	2000	1	9	6
	0	0	274.854197	47.805067	6.318960e-01	2000	1	9	7
	0	0	275.558567	47.799200	6.549315e-01	2000	1	9	8
	0	0	276.191827	47.846021	6.655450e-01	2000	1	9	9
	0	0	276.870255	47.874221	6.827493e-01	2000	1	9	10
	0	0	277.518905	47.924203	7.035165e-01	2000	1	9	11
	0	0	278.147492	47.978049	7.130361e-01	2000	1	9	12
	0	0	278.806774	48.031264	7.273965e-01	2000	1	9	13
	0	0	279.446040	48.106621	7.386208e-01	2000	1	9	14
	0	0	280.108605	48.154932	7.486644e-01	2000	1	9	15
	0	0	280.781359	48.215018	7.730489e-01	2000	1	9	16
	0	0	281.473373	48.230650	7.839527e-01	2000	1	9	17
	0	0	282.116434	48.312372	7.999282e-01	2000	1	9	18
	0	0	282.817867	48.318247	8.183470e-01	2000	1	9	19
	0	0	283.481637	48.354130	8.289208e-01	2000	1	9	20
	0	0	284.144706	48.378710	8.432822e-01	2000	1	9	21
	0	0	284.805439	48.396716	8.589263e-01	2000	1	9	22
	0	0	285.438086	48.433500	8.780298e-01	2000	1	9	23
	0	0	286.105738	48.449136	8.948517e-01	2000	1	10	0
	0	0	286.754313	48.489901	9.099059e-01	2000	1	10	1
	0	0	287.429549	48.523339	9.330516e-01	2000	1	10	2
	0	0	288.125132	48.575705	9.432960e-01	2000	1	10	3
	0	0	288.794529	48.618167	9.632993e-01	2000	1	10	4
	0	0	289.503335	48.639016	9.791803e-01	2000	1	10	5
	0	0	290.183684	48.681827	9.893007e-01	2000	1	10	6
	0	0	290.882165	48.706980	1.005058e+00	2000	1	10	7
	0	0	291.567611	48.730983	1.015816e+00	2000	1	10	8
	0	0	292.276527	48.753001	1.040363e+00	2000	1	10	9
	0	0	292.981182	48.784733	1.058219e+00	2000	1	10	10
	0	0	293.708594	48.808423	1.062194e+00	2000	1	10	11
	0	0	294.434632	48.832213	1.077444e+00	2000	1	10	12
	0	0	295.189103	48.863566	1.097198e+00	2000	1	10	13
	0	0	295.948519	48.888727	1.108136e+00	2000	1	10	14
	0	0	296.729267	48.916927	1.135091e+00	2000	1	10	15
	0	0	297.516418	48.939836	1.143096e+00	2000	1	10	16
	0	0	298.307763	48.951805	1.160341e+00	2000	1	10	17
	0	0	299.132998	48.946317	1.187004e+00	2000	1	10	18
	0	0	299.947510	48.941361	1.200125e+00	2000	1	10	19
	0	0	300.771593	48.934846	1.231183e+00	2000	1	10	20
	0	0	301.611504	48.930977	1.267970e+00	2000	1	10	21
	0	0	302.446680	48.909179	1.296190e+00	2000	1	10	22
	0	0	303.317302	48.890290	1.301168e+00	2000	1	10	23
start	96	2000	1	7	0
	0	0	301.977333	46.232126	1.386242e-01	2000	1	7	0
	0	0	302.530758	46.229697	1.444497e-01	2000	1	7	1
	0	0	303.119605	46.133810	1.440482e-01	2000	1	7	2
	0	0	303.751621	46.249540	1.515932e-01	2000	1	7	3
	0	0	304.304374	46.289229	1.544156e-01	2000	1	7	4
	0	0	304.855956	46.312287	1.605201e-01	2000	1	7	5
	0	0	305.474805	46.381969	1.630235e-01	2000	1	7	6
	0	0	306.071347	46.365613	1.729226e-01	2000	1	7	7
	0	0	306.693888	46.331765	1.775427e-01	2000	1	7	8
	0	0	307.185466	46.464384	1.866074e-01	2000	1	7	9
	0	0	307.860526	46.387768	1.940632e-01	2000	1	7	10
	0	0	308.304417	46.395020	1.967854e-01	2000	1	7	11
	0	0	308.780002	46.365871	2.014236e-01	2000	1	7	12
	0	0	309.318275	46.396079	2.126012e-01	2000	1	7	13
	0	0	309.917258	46.354187	2.120519e-01	2000	1	7	14
	0	0	310.408986	46.488605	2.172604e-01	2000	1	7	15
	0	0	311.009370	46.386746	2.224088e-01	2000	1	7	16
	0	0	311.667790	46.496393	2.317452e-01	2000	1	7	17
	0	0	312.293598	46.536797	2.433600e-01	2000	1	7	18
	0	0	312.896552	46.539728	2.483811e-01	2000	1	7	19
	0	0	313.520132	46.561402	2.591677e-01	2000	1	7	20
	0	0	314.089317	46.561629	2.672110e-01	2000	1	7	21
	0	0	314.596178	46.544861	2.775216e-01	2000	1	7	22
	0	0	315.138564	46.495428	2.902732e-01	2000	1	7	23
	0	0	315.647449	46.519467	2.884369e-01	2000	1	8	0
	0	0	316.245199	46.506670	3.037195e-01	2000	1	8	1
	0	0	316.716413	46.613592	3.089552e-01	2000	1	8	2
	0	0	317.321517	46.649384	3.190055e-01	2000	1	8	3
	0	0	317.880066	46.765003	3.238616e-01	2000	1	8	4
	0	0	318.522734	46.724999	3.421702e-01	2000	1	8	5
	0	0	319.123227	46.793364	3.463640e-01	2000	1	8	6
	0	0	319.764134	46.772737	3.598547e-01	2000	1	8	7
	0	0	320.338324	46.847873	3.703632e-01	2000	1	8	8
	0	0	320.922666	46.882114	3.768911e-01	2000	1	8	9
	0	0	321.557621	46.832455	3.899360e-01	2000	1	8	10
	0	0	322.123969	46.806353	3.965020e-01	2000	1	8	11
	0	0	322.678158	46.829837	4.146166e-01	2000	1	8	12
	0	0	323.253390	46.870211	4.211679e-01	2000	1	8	13
	0	0	323.883940	46.896680	4.319253e-01	2000	1	8	14
	0	0	324.483068	46.997671	4.419832e-01	2000	1	8	15
	0	0	325.109148	47.068031	4.581094e-01	2000	1	8	16
	0	0	325.775660	47.099735	4.646311e-01	2000	1	8	17
	0	0	326.482315	47.146527	4.808760e-01	2000	1	8	18
	0	0	327.104790	47.180504	4.915905e-01	2000	1	8	19
	0	0	327.765712	47.210451	5.028510e-01	2000	1	8	20
	0	0	328.403033	47.249146	5.197592e-01	2000	1	8	21
	0	0	329.044836	47.288848	5.272541e-01	2000	1	8	22
	0	0	329.628597	47.326123	5.420156e-01	2000	1	8	23
	0	0	330.283332	47.370730	5.542793e-01	2000	1	9	0
	0	0	330.910068	47.440412	5.688567e-01	2000	1	9	1
	0	0	331.550292	47.506913	5.772820e-01	2000	1	9	2
	0	0	332.185066	47.595939	5.896692e-01	2000	1	9	3
	0	0	332.840684	47.663745	5.944819e-01	2000	1	9	4
	0	0	333.501171	47.705371	6.132355e-01	2000	1	9	5
	0	0	334.198768	47.765199	6.239262e-01	2000	1	9	6
	0	0	334.879841	47.787083	6.377244e-01	2000	1	9	7
	0	0	335.526245	47.836810	6.487164e-01	2000	1	9	8
	0	0	336.190502	47.872316	6.637783e-01	2000	1	9	9
	0	0	336.879822	47.891343	6.867709e-01	2000	1	9	10
	0	0	337.503533	47.935577	6.974134e-01	2000	1	9	11
	0	0	338.169472	47.984355	7.186694e-01	2000	1	9	12
	0	0	338.795681	48.039298	7.278733e-01	2000	1	9	13
	0	0	339.444647	48.101086	7.365565e-01	2000	1	9	14
	0	0	340.112331	48.143363	7.523293e-01	2000	1	9	15
	0	0	340.772728	48.221416	7.733145e-01	2000	1	9	16
	0	0	341.464906	48.253688	7.777967e-01	2000	1	9	17
	0	0	342.141348	48.290962	7.993469e-01	2000	1	9	18
	0	0	342.799972	48.334982	8.151212e-01	2000	1	9	19
	0	0	343.454990	48.355160	8.280511e-01	2000	1	9	20
	0	0	344.102362	48.367150	8.450642e-01	2000	1	9	21
	0	0	344.717724	48.384855	8.662767e-01	2000	1	9	22
	0	0	345.289295	48.406298	8.822331e-01	2000	1	9	23
	0	0	345.852229	48.424750	8.951683e-01	2000	1	10	0
	0	0	346.369391	48.478912	9.114027e-01	2000	1	10	1
	0	0	346.878243	48.512304	9.327693e-01	2000	1	10	2
	0	0	347.369718	48.578219	9.469557e-01	2000	1	10	3
	0	0	347.839244	48.628744	9.693255e-01	2000	1	10	4
	0	0	348.280801	48.715124	9.799747e-01	2000	1	10	5
	0	0	348.723572	48.786293	1.008188e+00	2000	1	10	6
	0	0	349.123045	48.859713	1.011799e+00	2000	1	10	7
	0	0	349.516404	48.935372	1.033445e+00	2000	1	10	8
	0	0	349.887489	49.019942	1.036873e+00	2000	1	10	9
	0	0	350.251178	49.107147	1.044095e+00	2000	1	10	10
	0	0	350.595705	49.196822	1.062344e+00	2000	1	10	11
	0	0	350.941578	49.312768	1.088236e+00	2000	1	10	12
	0	0	351.253763	49.436985	1.100998e+00	2000	1	10	13
	0	0	351.590503	49.560457	1.119650e+00	2000	1	10	14
	0	0	351.892564	49.722592	1.131109e+00	2000	1	10	15
	0	0	352.200390	49.890425	1.143405e+00	2000	1	10	16
	0	0	352.482508	50.079805	1.154457e+00	2000	1	10	17
	0	0	352.751848	50.289701	1.169410e+00	2000	1	10	18
	0	0	353.004362	50.536898	1.163093e+00	2000	1	10	19
	0	0	353.252079	50.808100	1.149071e+00	2000	1	10	20
	0	0	353.494236	51.087843	1.135626e+00	2000	1	10	21
	0	0	353.722629	51.417970	1.126619e+00	2000	1	10	22
	0	0	353.946667	51.790197	1.101980e+00	2000	1	10	23
