start	90	2000	1	9	0
	32	105	45.000000	58.131598	-1.130278e+01	2000	1	9	0
	32	105	45.000000	58.131598	-1.145817e+01	2000	1	9	1
	32	105	45.000000	58.131598	-1.156413e+01	2000	1	9	2
	33	104	46.406250	56.730857	-1.168882e+01	2000	1	9	3
	33	104	46.406250	56.730857	-1.177708e+01	2000	1	9	4
	34	104	47.812500	56.730857	-1.180231e+01	2000	1	9	5
	34	104	47.812500	56.730857	-1.195828e+01	2000	1	9	6
	35	104	49.218750	56.730857	-1.211297e+01	2000	1	9	7
	36	104	50.625000	56.730857	-1.201582e+01	2000	1	9	8
	36	104	50.625000	56.730857	-1.217552e+01	2000	1	9	9
	37	104	52.031250	56.730857	-1.211945e+01	2000	1	9	10
	37	104	52.031250	56.730857	-1.211895e+01	2000	1	9	11
	36	103	50.625000	55.330112	-1.212398e+01	2000	1	9	12
	38	103	53.437500	55.330112	-1.216022e+01	2000	1	9	13
	38	103	53.437500	55.330112	-1.220051e+01	2000	1	9	14
	38	103	53.437500	55.330112	-1.211960e+01	2000	1	9	15
	39	102	54.843750	53.929366	-1.210867e+01	2000	1	9	16
	39	102	54.843750	53.929366	-1.207880e+01	2000	1	9	17
	39	102	54.843750	53.929366	-1.202949e+01	2000	1	9	18
	40	102	56.250000	53.929366	-1.200830e+01	2000	1	9	19
	40	102	56.250000	53.929366	-1.192609e+01	2000	1	9	20
	41	102	57.656250	53.929366	-1.191817e+01	2000	1	9	21
	42	101	59.062500	52.528617	-1.186957e+01	2000	1	9	22
	42	101	59.062500	52.528617	-1.175906e+01	2000	1	9	23
	42	101	59.062500	52.528617	-1.168731e+01	2000	1	10	0
	43	101	60.468750	52.528617	-1.162638e+01	2000	1	10	1
	44	100	61.875000	51.127867	-1.161218e+01	2000	1	10	2
	44	100	61.875000	51.127867	-1.158236e+01	2000	1	10	3
	45	100	63.281250	51.127867	-1.156417e+01	2000	1	10	4
	46	100	64.687500	51.127867	-1.157699e+01	2000	1	10	5
	46	100	64.687500	51.127867	-1.152156e+01	2000	1	10	6
	46	100	64.687500	51.127867	-1.159730e+01	2000	1	10	7
	46	100	64.687500	51.127867	-1.152536e+01	2000	1	10	8
	48	99	67.500000	49.727115	-1.151366e+01	2000	1	10	9
	48	100	67.500000	51.127867	-1.152645e+01	2000	1	10	10
	48	100	67.500000	51.127867	-1.155466e+01	2000	1	10	11
	48	100	67.500000	51.127867	-1.143763e+01	2000	1	10	12
	50	99	70.312500	49.727115	-1.140669e+01	2000	1	10	13
	50	100	70.312500	51.127867	-1.143725e+01	2000	1	10	14
	50	100	70.312500	51.127867	-1.139777e+01	2000	1	10	15
	51	100	71.718750	51.127867	-1.135607e+01	2000	1	10	16
	52	100	73.125000	51.127867	-1.133881e+01	2000	1	10	17
	53	100	74.531250	51.127867	-1.138089e+01	2000	1	10	18
	53	100	74.531250	51.127867	-1.132777e+01	2000	1	10	19
	55	100	77.343750	51.127867	-1.135338e+01	2000	1	10	20
	55	100	77.343750	51.127867	-1.131098e+01	2000	1	10	21
	56	101	78.750000	52.528617	-1.126495e+01	2000	1	10	22
	57	100	80.156250	51.127867	-1.132395e+01	2000	1	10	23
	58	101	81.562500	52.528617	-1.129718e+01	2000	1	11	0
	59	101	82.968750	52.528617	-1.125947e+01	2000	1	11	1
	60	101	84.375000	52.528617	-1.125147e+01	2000	1	11	2
	61	100	85.781250	51.127867	-1.131202e+01	2000	1	11	3
	62	99	87.187500	49.727115	-1.124684e+01	2000	1	11	4
	62	100	87.187500	51.127867	-1.106988e+01	2000	1	11	5
	63	100	88.593750	51.127867	-1.092812e+01	2000	1	11	6
	64	99	90.000000	49.727115	-1.086644e+01	2000	1	11	7
	65	98	91.406250	48.326361	-1.060559e+01	2000	1	11	8
	66	98	92.812500	48.326361	-1.028468e+01	2000	1	11	9
	67	97	94.218750	46.925606	-9.969452e+00	2000	1	11	10
	67	99	94.218750	49.727115	-9.710588e+00	2000	1	11	11
	62	100	87.187500	51.127867	-7.494115e+00	2000	1	11	15
	62	100	87.187500	51.127867	-7.498394e+00	2000	1	11	16
	62	100	87.187500	51.127867	-7.548272e+00	2000	1	11	17
	63	100	88.593750	51.127867	-7.538588e+00	2000	1	11	18
	62	100	87.187500	51.127867	-7.585716e+00	2000	1	11	19
	63	100	88.593750	51.127867	-7.711273e+00	2000	1	11	20
	62	101	87.187500	52.528617	-7.747568e+00	2000	1	11	21
	64	101	90.000000	52.528617	-7.882744e+00	2000	1	11	22
	64	101	90.000000	52.528617	-8.044124e+00	2000	1	11	23
	64	101	90.000000	52.528617	-8.176362e+00	2000	1	12	0
	66	101	92.812500	52.528617	-8.295856e+00	2000	1	12	1
	66	101	92.812500	52.528617	-8.460690e+00	2000	1	12	2
	68	101	95.625000	52.528617	-8.609274e+00	2000	1	12	3
	68	101	95.625000	52.528617	-8.720139e+00	2000	1	12	4
	70	101	98.437500	52.528617	-8.801370e+00	2000	1	12	5
	71	101	99.843750	52.528617	-8.868196e+00	2000	1	12	6
	72	102	101.250000	53.929366	-8.842210e+00	2000	1	12	7
	73	102	102.656250	53.929366	-8.815229e+00	2000	1	12	8
	74	102	104.062500	53.929366	-8.725046e+00	2000	1	12	9
	75	102	105.468750	53.929366	-8.531924e+00	2000	1	12	10
	76	102	106.875000	53.929366	-8.327168e+00	2000	1	12	11
	77	102	108.281250	53.929366	-7.969460e+00	2000	1	12	12
	77	102	108.281250	53.929366	-7.556325e+00	2000	1	12	13
	79	102	111.093750	53.929366	-7.062138e+00	2000	1	12	14
	76	100	106.875000	51.127867	-8.883774e+00	2000	1	12	19
	77	101	108.281250	52.528617	-9.191547e+00	2000	1	12	20
	77	101	108.281250	52.528617	-9.515370e+00	2000	1	12	21
	79	101	111.093750	52.528617	-9.767393e+00	2000	1	12	22
	79	101	111.093750	52.528617	-1.001435e+01	2000	1	12	23
	80	101	112.500000	52.528617	-1.006331e+01	2000	1	13	0
start	67	2000	1	9	0
	74	105	104.062500	58.131598	-1.128008e+01	2000	1	9	0
	74	104	104.062500	56.730857	-1.136969e+01	2000	1	9	1
	75	105	105.468750	58.131598	-1.147766e+01	2000	1	9	2
	75	104	105.468750	56.730857	-1.160580e+01	2000	1	9	3
	76	104	106.875000	56.730857	-1.176338e+01	2000	1	9	4
	77	104	108.281250	56.730857	-1.182178e+01	2000	1	9	5
	77	104	108.281250	56.730857	-1.192860e+01	2000	1	9	6
	77	104	108.281250	56.730857	-1.204027e+01	2000	1	9	7
	78	104	109.687500	56.730857	-1.214549e+01	2000	1	9	8
	78	104	109.687500	56.730857	-1.209754e+01	2000	1	9	9
	79	104	111.093750	56.730857	-1.217600e+01	2000	1	9	10
	80	104	112.500000	56.730857	-1.216111e+01	2000	1	9	11
	80	103	112.500000	55.330112	-1.209776e+01	2000	1	9	12
	80	103	112.500000	55.330112	-1.214417e+01	2000	1	9	13
	80	103	112.500000	55.330112	-1.214137e+01	2000	1	9	14
	80	103	112.500000	55.330112	-1.216180e+01	2000	1	9	15
	81	103	113.906250	55.330112	-1.207248e+01	2000	1	9	16
	81	102	113.906250	53.929366	-1.206975e+01	2000	1	9	17
	82	103	115.312500	55.330112	-1.208703e+01	2000	1	9	18
	83	102	116.718750	53.929366	-1.206018e+01	2000	1	9	19
	83	102	116.718750	53.929366	-1.197842e+01	2000	1	9	20
	84	101	118.125000	52.528617	-1.189749e+01	2000	1	9	21
	84	101	118.125000	52.528617	-1.181685e+01	2000	1	9	22
	85	101	119.531250	52.528617	-1.179593e+01	2000	1	9	23
	85	101	119.531250	52.528617	-1.172306e+01	2000	1	10	0
	85	101	119.531250	52.528617	-1.164587e+01	2000	1	10	1
	87	100	122.343750	51.127867	-1.158989e+01	2000	1	10	2
	87	100	122.343750	51.127867	-1.152768e+01	2000	1	10	3
	88	100	123.750000	51.127867	-1.151890e+01	2000	1	10	4
	88	100	123.750000	51.127867	-1.156551e+01	2000	1	10	5
	88	100	123.750000	51.127867	-1.149708e+01	2000	1	10	6
	89	99	125.156250	49.727115	-1.149292e+01	2000	1	10	7
	89	100	125.156250	51.127867	-1.152473e+01	2000	1	10	8
	90	100	126.562500	51.127867	-1.155830e+01	2000	1	10	9
	91	100	127.968750	51.127867	-1.150095e+01	2000	1	10	10
	91	100	127.968750	51.127867	-1.151947e+01	2000	1	10	11
	91	100	127.968750	51.127867	-1.145853e+01	2000	1	10	12
	92	100	129.375000	51.127867	-1.148743e+01	2000	1	10	13
	93	100	130.781250	51.127867	-1.142324e+01	2000	1	10	14
	93	100	130.781250	51.127867	-1.141739e+01	2000	1	10	15
	94	100	132.187500	51.127867	-1.138993e+01	2000	1	10	16
	95	100	133.593750	51.127867	-1.138655e+01	2000	1	10	17
	95	101	133.593750	52.528617	-1.137662e+01	2000	1	10	18
	96	100	135.000000	51.127867	-1.139018e+01	2000	1	10	19
	97	101	136.406250	52.528617	-1.127787e+01	2000	1	10	20
	98	100	137.812500	51.127867	-1.130091e+01	2000	1	10	21
	99	100	139.218750	51.127867	-1.122525e+01	2000	1	10	22
	100	101	140.625000	52.528617	-1.127786e+01	2000	1	10	23
	101	100	142.031250	51.127867	-1.129212e+01	2000	1	11	0
	102	100	143.437500	51.127867	-1.126762e+01	2000	1	11	1
	103	100	144.843750	51.127867	-1.136766e+01	2000	1	11	2
	104	99	146.250000	49.727115	-1.126428e+01	2000	1	11	3
	104	100	146.250000	51.127867	-1.116362e+01	2000	1	11	4
	105	100	147.656250	51.127867	-1.113066e+01	2000	1	11	5
	106	99	149.062500	49.727115	-1.105211e+01	2000	1	11	6
	107	98	150.468750	48.326361	-1.080840e+01	2000	1	11	7
	108	98	151.875000	48.326361	-1.052375e+01	2000	1	11	8
	108	99	151.875000	49.727115	-1.032078e+01	2000	1	11	9
	109	99	153.281250	49.727115	-1.004945e+01	2000	1	11	10
	110	98	154.687500	48.326361	-9.695279e+00	2000	1	11	11
	111	97	156.093750	46.925606	-9.362123e+00	2000	1	11	12
	112	96	157.500000	45.524850	-9.044657e+00	2000	1	11	13
	113	96	158.906250	45.524850	-8.727312e+00	2000	1	11	14
	114	95	160.312500	44.124093	-8.395330e+00	2000	1	11	15
	116	93	163.125000	41.322576	-7.871583e+00	2000	1	11	17
	117	92	164.531250	39.921816	-7.660902e+00	2000	1	11	18
	118	91	165.937500	38.521056	-7.458957e+00	2000	1	11	19
start	67	2000	1	9	0
	117	105	164.531250	58.131598	-1.125901e+01	2000	1	9	0
	117	105	164.531250	58.131598	-1.136335e+01	2000	1	9	1
	117	105	164.531250	58.131598	-1.152310e+01	2000	1	9	2
	118	104	165.937500	56.730857	-1.163029e+01	2000	1	9	3
	118	104	165.937500	56.730857	-1.177813e+01	2000	1	9	4
	119	104	167.343750	56.730857	-1.188904e+01	2000	1	9	5
	120	104	168.750000	56.730857	-1.192701e+01	2000	1	9	6
	120	104	168.750000	56.730857	-1.205596e+01	2000	1	9	7
	121	104	170.156250	56.730857	-1.207337e+01	2000	1	9	8
	122	104	171.562500	56.730857	-1.207688e+01	2000	1	9	9
	122	104	171.562500	56.730857	-1.218098e+01	2000	1	9	10
	122	104	171.562500	56.730857	-1.215967e+01	2000	1	9	11
	122	103	171.562500	55.330112	-1.209748e+01	2000	1	9	12
	122	103	171.562500	55.330112	-1.215466e+01	2000	1	9	13
	123	103	172.968750	55.330112	-1.209392e+01	2000	1	9	14
	124	103	174.375000	55.330112	-1.217352e+01	2000	1	9	15
	124	102	174.375000	53.929366	-1.210890e+01	2000	1	9	16
	125	102	175.781250	53.929366	-1.207588e+01	2000	1	9	17
	124	103	174.375000	55.330112	-1.208069e+01	2000	1	9	18
	126	102	177.187500	53.929366	-1.202456e+01	2000	1	9	19
	126	102	177.187500	53.929366	-1.202216e+01	2000	1	9	20
	126	101	177.187500	52.528617	-1.188853e+01	2000	1	9	21
	127	101	178.593750	52.528617	-1.181732e+01	2000	1	9	22
	128	101	180.000000	52.528617	-1.175852e+01	2000	1	9	23
	128	101	180.000000	52.528617	-1.176120e+01	2000	1	10	0
	128	101	180.000000	52.528617	-1.167936e+01	2000	1	10	1
	128	101	180.000000	52.528617	-1.163830e+01	2000	1	10	2
	130	100	182.812500	51.127867	-1.158450e+01	2000	1	10	3
	130	100	182.812500	51.127867	-1.160133e+01	2000	1	10	4
	130	100	182.812500	51.127867	-1.152416e+01	2000	1	10	5
	131	100	184.218750	51.127867	-1.156154e+01	2000	1	10	6
	131	100	184.218750	51.127867	-1.153262e+01	2000	1	10	7
	132	100	185.625000	51.127867	-1.153816e+01	2000	1	10	8
	133	100	187.031250	51.127867	-1.151667e+01	2000	1	10	9
	133	100	187.031250	51.127867	-1.153037e+01	2000	1	10	10
	133	100	187.031250	51.127867	-1.146401e+01	2000	1	10	11
	135	99	189.843750	49.727115	-1.141891e+01	2000	1	10	12
	135	100	189.843750	51.127867	-1.146317e+01	2000	1	10	13
	135	100	189.843750	51.127867	-1.146822e+01	2000	1	10	14
	136	100	191.250000	51.127867	-1.136938e+01	2000	1	10	15
	137	100	192.656250	51.127867	-1.139358e+01	2000	1	10	16
	137	100	192.656250	51.127867	-1.140233e+01	2000	1	10	17
	138	101	194.062500	52.528617	-1.131350e+01	2000	1	10	18
	139	100	195.468750	51.127867	-1.138391e+01	2000	1	10	19
	139	100	195.468750	51.127867	-1.131114e+01	2000	1	10	20
	141	101	198.281250	52.528617	-1.125757e+01	2000	1	10	21
	141	101	198.281250	52.528617	-1.123482e+01	2000	1	10	22
	143	101	201.093750	52.528617	-1.126349e+01	2000	1	10	23
	144	100	202.500000	51.127867	-1.126468e+01	2000	1	11	0
	145	100	203.906250	51.127867	-1.126257e+01	2000	1	11	1
	145	100	203.906250	51.127867	-1.124376e+01	2000	1	11	2
	146	100	205.312500	51.127867	-1.128635e+01	2000	1	11	3
	147	100	206.718750	51.127867	-1.128259e+01	2000	1	11	4
	148	99	208.125000	49.727115	-1.108788e+01	2000	1	11	5
	149	99	209.531250	49.727115	-1.073051e+01	2000	1	11	7
	150	99	210.937500	49.727115	-1.057397e+01	2000	1	11	8
	151	99	212.343750	49.727115	-1.030066e+01	2000	1	11	9
	152	98	213.750000	48.326361	-1.010471e+01	2000	1	11	10
	153	97	215.156250	46.925606	-9.747424e+00	2000	1	11	11
	154	96	216.562500	45.524850	-9.340939e+00	2000	1	11	12
	155	96	217.968750	45.524850	-8.997643e+00	2000	1	11	13
	156	95	219.375000	44.124093	-8.810184e+00	2000	1	11	14
	157	94	220.781250	42.723335	-8.571834e+00	2000	1	11	15
	158	93	222.187500	41.322576	-8.306294e+00	2000	1	11	16
	159	92	223.593750	39.921816	-7.999806e+00	2000	1	11	17
	160	92	225.000000	39.921816	-7.712645e+00	2000	1	11	18
	161	91	226.406250	38.521056	-7.462370e+00	2000	1	11	19
start	90	2000	1	9	0
	160	105	225.000000	58.131598	-1.130278e+01	2000	1	9	0
	160	105	225.000000	58.131598	-1.145817e+01	2000	1	9	1
	160	105	225.000000	58.131598	-1.156413e+01	2000	1	9	2
	161	104	226.406250	56.730857	-1.168882e+01	2000	1	9	3
	161	104	226.406250	56.730857	-1.177708e+01	2000	1	9	4
	162	104	227.812500	56.730857	-1.179358e+01	2000	1	9	5
	162	104	227.812500	56.730857	-1.195828e+01	2000	1	9	6
	163	104	229.218750	56.730857	-1.211297e+01	2000	1	9	7
	164	104	230.625000	56.730857	-1.201582e+01	2000	1	9	8
	164	104	230.625000	56.730857	-1.217552e+01	2000	1	9	9
	165	104	232.031250	56.730857	-1.211945e+01	2000	1	9	10
	165	104	232.031250	56.730857	-1.211895e+01	2000	1	9	11
	164	103	230.625000	55.330112	-1.212398e+01	2000	1	9	12
	166	103	233.437500	55.330112	-1.216022e+01	2000	1	9	13
	166	103	233.437500	55.330112	-1.220051e+01	2000	1	9	14
	166	103	233.437500	55.330112	-1.211960e+01	2000	1	9	15
	167	102	234.843750	53.929366	-1.210867e+01	2000	1	9	16
	167	102	234.843750	53.929366	-1.207880e+01	2000	1	9	17
	167	102	234.843750	53.929366	-1.202949e+01	2000	1	9	18
	168	102	236.250000	53.929366	-1.200830e+01	2000	1	9	19
	168	102	236.250000	53.929366	-1.192609e+01	2000	1	9	20
	169	102	237.656250	53.929366	-1.191817e+01	2000	1	9	21
	170	101	239.062500	52.528617	-1.186957e+01	2000	1	9	22
	170	101	239.062500	52.528617	-1.175906e+01	2000	1	9	23
	170	101	239.062500	52.528617	-1.168731e+01	2000	1	10	0
	172	100	241.875000	51.127867	-1.162989e+01	2000	1	10	1
	172	100	241.875000	51.127867	-1.161218e+01	2000	1	10	2
	172	100	241.875000	51.127867	-1.158236e+01	2000	1	10	3
	173	100	243.281250	51.127867	-1.156417e+01	2000	1	10	4
	174	100	244.687500	51.127867	-1.156348e+01	2000	1	10	5
	174	100	244.687500	51.127867	-1.152156e+01	2000	1	10	6
	174	100	244.687500	51.127867	-1.159730e+01	2000	1	10	7
	174	100	244.687500	51.127867	-1.152536e+01	2000	1	10	8
	176	99	247.500000	49.727115	-1.151366e+01	2000	1	10	9
	176	100	247.500000	51.127867	-1.152645e+01	2000	1	10	10
	176	100	247.500000	51.127867	-1.155466e+01	2000	1	10	11
	176	100	247.500000	51.127867	-1.143763e+01	2000	1	10	12
	177	100	248.906250	51.127867	-1.142398e+01	2000	1	10	13
	178	100	250.312500	51.127867	-1.143725e+01	2000	1	10	14
	178	100	250.312500	51.127867	-1.139777e+01	2000	1	10	15
	179	100	251.718750	51.127867	-1.135607e+01	2000	1	10	16
	180	100	253.125000	51.127867	-1.133881e+01	2000	1	10	17
	181	100	254.531250	51.127867	-1.138089e+01	2000	1	10	18
	181	100	254.531250	51.127867	-1.132777e+01	2000	1	10	19
	183	100	257.343750	51.127867	-1.134909e+01	2000	1	10	20
	183	100	257.343750	51.127867	-1.131098e+01	2000	1	10	21
	184	101	258.750000	52.528617	-1.126495e+01	2000	1	10	22
	185	100	260.156250	51.127867	-1.132395e+01	2000	1	10	23
	186	101	261.562500	52.528617	-1.129718e+01	2000	1	11	0
	187	101	262.968750	52.528617	-1.125947e+01	2000	1	11	1
	188	100	264.375000	51.127867	-1.128259e+01	2000	1	11	2
	189	100	265.781250	51.127867	-1.131202e+01	2000	1	11	3
	190	99	267.187500	49.727115	-1.124684e+01	2000	1	11	4
	190	100	267.187500	51.127867	-1.103593e+01	2000	1	11	5
	191	100	268.593750	51.127867	-1.092724e+01	2000	1	11	6
	192	99	270.000000	49.727115	-1.086625e+01	2000	1	11	7
	193	98	271.406250	48.326361	-1.060485e+01	2000	1	11	8
	194	98	272.812500	48.326361	-1.029231e+01	2000	1	11	9
	195	97	274.218750	46.925606	-9.968278e+00	2000	1	11	10
	195	99	274.218750	49.727115	-9.710588e+00	2000	1	11	11
	190	100	267.187500	51.127867	-7.494115e+00	2000	1	11	15
	190	100	267.187500	51.127867	-7.498394e+00	2000	1	11	16
	190	100	267.187500	51.127867	-7.548272e+00	2000	1	11	17
	191	100	268.593750	51.127867	-7.538588e+00	2000	1	11	18
	190	100	267.187500	51.127867	-7.585716e+00	2000	1	11	19
	191	100	268.593750	51.127867	-7.711273e+00	2000	1	11	20
	190	101	267.187500	52.528617	-7.747568e+00	2000	1	11	21
	192	101	270.000000	52.528617	-7.882744e+00	2000	1	11	22
	192	101	270.000000	52.528617	-8.044124e+00	2000	1	11	23
	192	101	270.000000	52.528617	-8.176362e+00	2000	1	12	0
	194	101	272.812500	52.528617	-8.295856e+00	2000	1	12	1
	194	101	272.812500	52.528617	-8.460690e+00	2000	1	12	2
	196	101	275.625000	52.528617	-8.609274e+00	2000	1	12	3
	196	101	275.625000	52.528617	-8.720139e+00	2000	1	12	4
	198	101	278.437500	52.528617	-8.801370e+00	2000	1	12	5
	199	101	279.843750	52.528617	-8.868196e+00	2000	1	12	6
	200	102	281.250000	53.929366	-8.842210e+00	2000	1	12	7
	201	102	282.656250	53.929366	-8.815229e+00	2000	1	12	8
	202	102	284.062500	53.929366	-8.725046e+00	2000	1	12	9
	203	102	285.468750	53.929366	-8.531924e+00	2000	1	12	10
	204	102	286.875000	53.929366	-8.327168e+00	2000	1	12	11
	205	102	288.281250	53.929366	-7.969460e+00	2000	1	12	12
	205	102	288.281250	53.929366	-7.556325e+00	2000	1	12	13
	207	102	291.093750	53.929366	-7.062138e+00	2000	1	12	14
	204	100	286.875000	51.127867	-8.883774e+00	2000	1	12	19
	205	101	288.281250	52.528617	-9.191547e+00	2000	1	12	20
	205	101	288.281250	52.528617	-9.511342e+00	2000	1	12	21
	207	101	291.093750	52.528617	-9.767393e+00	2000	1	12	22
	207	101	291.093750	52.528617	-1.001435e+01	2000	1	12	23
	208	101	292.500000	52.528617	-1.006331e+01	2000	1	13	0
start	68	2000	1	9	0
	202	105	284.062500	58.131598	-1.128008e+01	2000	1	9	0
	202	104	284.062500	56.730857	-1.136969e+01	2000	1	9	1
	203	105	285.468750	58.131598	-1.147766e+01	2000	1	9	2
	203	104	285.468750	56.730857	-1.160580e+01	2000	1	9	3
	204	104	286.875000	56.730857	-1.176338e+01	2000	1	9	4
	205	104	288.281250	56.730857	-1.182178e+01	2000	1	9	5
	205	104	288.281250	56.730857	-1.192860e+01	2000	1	9	6
	205	104	288.281250	56.730857	-1.204027e+01	2000	1	9	7
	206	104	289.687500	56.730857	-1.214549e+01	2000	1	9	8
	206	104	289.687500	56.730857	-1.209754e+01	2000	1	9	9
	207	104	291.093750	56.730857	-1.217600e+01	2000	1	9	10
	208	104	292.500000	56.730857	-1.216111e+01	2000	1	9	11
	208	103	292.500000	55.330112	-1.209776e+01	2000	1	9	12
	208	103	292.500000	55.330112	-1.214417e+01	2000	1	9	13
	208	103	292.500000	55.330112	-1.214137e+01	2000	1	9	14
	208	103	292.500000	55.330112	-1.216180e+01	2000	1	9	15
	209	103	293.906250	55.330112	-1.207248e+01	2000	1	9	16
	209	102	293.906250	53.929366	-1.206975e+01	2000	1	9	17
	210	103	295.312500	55.330112	-1.208703e+01	2000	1	9	18
	211	102	296.718750	53.929366	-1.206018e+01	2000	1	9	19
	211	102	296.718750	53.929366	-1.197842e+01	2000	1	9	20
	212	101	298.125000	52.528617	-1.189749e+01	2000	1	9	21
	212	101	298.125000	52.528617	-1.181685e+01	2000	1	9	22
	213	101	299.531250	52.528617	-1.179593e+01	2000	1	9	23
	213	101	299.531250	52.528617	-1.172306e+01	2000	1	10	0
	213	101	299.531250	52.528617	-1.164587e+01	2000	1	10	1
	215	100	302.343750	51.127867	-1.158989e+01	2000	1	10	2
	215	100	302.343750	51.127867	-1.152768e+01	2000	1	10	3
	216	100	303.750000	51.127867	-1.151890e+01	2000	1	10	4
	216	100	303.750000	51.127867	-1.156551e+01	2000	1	10	5
	216	100	303.750000	51.127867	-1.149708e+01	2000	1	10	6
	217	100	305.156250	51.127867	-1.148625e+01	2000	1	10	7
	217	100	305.156250	51.127867	-1.152473e+01	2000	1	10	8
	218	100	306.562500	51.127867	-1.155830e+01	2000	1	10	9
	219	100	307.968750	51.127867	-1.150095e+01	2000	1	10	10
	219	100	307.968750	51.127867	-1.151947e+01	2000	1	10	11
	219	100	307.968750	51.127867	-1.145853e+01	2000	1	10	12
	220	100	309.375000	51.127867	-1.148743e+01	2000	1	10	13
	221	100	310.781250	51.127867	-1.142324e+01	2000	1	10	14
	221	100	310.781250	51.127867	-1.141739e+01	2000	1	10	15
	222	100	312.187500	51.127867	-1.138993e+01	2000	1	10	16
	223	100	313.593750	51.127867	-1.138655e+01	2000	1	10	17
	223	101	313.593750	52.528617	-1.137662e+01	2000	1	10	18
	224	100	315.000000	51.127867	-1.139018e+01	2000	1	10	19
	225	101	316.406250	52.528617	-1.127787e+01	2000	1	10	20
	226	100	317.812500	51.127867	-1.130091e+01	2000	1	10	21
	227	100	319.218750	51.127867	-1.122525e+01	2000	1	10	22
	228	101	320.625000	52.528617	-1.127786e+01	2000	1	10	23
	229	100	322.031250	51.127867	-1.129212e+01	2000	1	11	0
	230	100	323.437500	51.127867	-1.126762e+01	2000	1	11	1
	231	100	324.843750	51.127867	-1.136769e+01	2000	1	11	2
	232	99	326.250000	49.727115	-1.126428e+01	2000	1	11	3
	232	100	326.250000	51.127867	-1.116362e+01	2000	1	11	4
	233	100	327.656250	51.127867	-1.113068e+01	2000	1	11	5
	234	99	329.062500	49.727115	-1.105211e+01	2000	1	11	6
	235	98	330.468750	48.326361	-1.080840e+01	2000	1	11	7
	236	98	331.875000	48.326361	-1.052375e+01	2000	1	11	8
	236	99	331.875000	49.727115	-1.032078e+01	2000	1	11	9
	237	99	333.281250	49.727115	-1.004945e+01	2000	1	11	10
	238	98	334.687500	48.326361	-9.695279e+00	2000	1	11	11
	239	97	336.093750	46.925606	-9.362123e+00	2000	1	11	12
	240	96	337.500000	45.524850	-9.050886e+00	2000	1	11	13
	241	96	338.906250	45.524850	-8.727312e+00	2000	1	11	14
	242	95	340.312500	44.124093	-8.401390e+00	2000	1	11	15
	243	93	341.718750	41.322576	-8.034572e+00	2000	1	11	16
	244	93	343.125000	41.322576	-7.874851e+00	2000	1	11	17
	245	92	344.531250	39.921816	-7.632668e+00	2000	1	11	18
	246	91	345.937500	38.521056	-7.458957e+00	2000	1	11	19
start	67	2000	1	9	0
	245	105	344.531250	58.131598	-1.125901e+01	2000	1	9	0
	245	105	344.531250	58.131598	-1.136335e+01	2000	1	9	1
	245	105	344.531250	58.131598	-1.152310e+01	2000	1	9	2
	246	104	345.937500	56.730857	-1.163029e+01	2000	1	9	3
	246	104	345.937500	56.730857	-1.177813e+01	2000	1	9	4
	247	104	347.343750	56.730857	-1.188904e+01	2000	1	9	5
	248	104	348.750000	56.730857	-1.192701e+01	2000	1	9	6
	248	104	348.750000	56.730857	-1.205596e+01	2000	1	9	7
	249	104	350.156250	56.730857	-1.207337e+01	2000	1	9	8
	250	104	351.562500	56.730857	-1.207688e+01	2000	1	9	9
	250	104	351.562500	56.730857	-1.218098e+01	2000	1	9	10
	250	104	351.562500	56.730857	-1.215967e+01	2000	1	9	11
	250	103	351.562500	55.330112	-1.209748e+01	2000	1	9	12
	250	103	351.562500	55.330112	-1.215466e+01	2000	1	9	13
	251	103	352.968750	55.330112	-1.209392e+01	2000	1	9	14
	252	103	354.375000	55.330112	-1.217352e+01	2000	1	9	15
	252	102	354.375000	53.929366	-1.210890e+01	2000	1	9	16
	253	102	355.781250	53.929366	-1.207588e+01	2000	1	9	17
	252	103	354.375000	55.330112	-1.208069e+01	2000	1	9	18
	254	102	357.187500	53.929366	-1.202456e+01	2000	1	9	19
	254	102	357.187500	53.929366	-1.202216e+01	2000	1	9	20
	254	101	357.187500	52.528617	-1.188853e+01	2000	1	9	21
	255	101	358.593750	52.528617	-1.181732e+01	2000	1	9	22
	0	101	0.000000	52.528617	-1.175852e+01	2000	1	9	23
	0	101	0.000000	52.528617	-1.176120e+01	2000	1	10	0
	0	101	0.000000	52.528617	-1.167936e+01	2000	1	10	1
	0	101	0.000000	52.528617	-1.163830e+01	2000	1	10	2
	2	100	2.812500	51.127867	-1.158450e+01	2000	1	10	3
	2	100	2.812500	51.127867	-1.160133e+01	2000	1	10	4
	2	100	2.812500	51.127867	-1.152416e+01	2000	1	10	5
	3	100	4.218750	51.127867	-1.156154e+01	2000	1	10	6
	3	100	4.218750	51.127867	-1.153262e+01	2000	1	10	7
	4	100	5.625000	51.127867	-1.153816e+01	2000	1	10	8
	5	100	7.031250	51.127867	-1.151667e+01	2000	1	10	9
	5	100	7.031250	51.127867	-1.153037e+01	2000	1	10	10
	5	100	7.031250	51.127867	-1.146401e+01	2000	1	10	11
	7	99	9.843750	49.727115	-1.141891e+01	2000	1	10	12
	7	100	9.843750	51.127867	-1.146317e+01	2000	1	10	13
	7	100	9.843750	51.127867	-1.146822e+01	2000	1	10	14
	8	100	11.250000	51.127867	-1.136938e+01	2000	1	10	15
	9	100	12.656250	51.127867	-1.139358e+01	2000	1	10	16
	9	100	12.656250	51.127867	-1.140233e+01	2000	1	10	17
	10	101	14.062500	52.528617	-1.131350e+01	2000	1	10	18
	11	100	15.468750	51.127867	-1.138391e+01	2000	1	10	19
	11	100	15.468750	51.127867	-1.131114e+01	2000	1	10	20
	13	101	18.281250	52.528617	-1.125757e+01	2000	1	10	21
	13	101	18.281250	52.528617	-1.123482e+01	2000	1	10	22
	15	101	21.093750	52.528617	-1.126349e+01	2000	1	10	23
	16	100	22.500000	51.127867	-1.126468e+01	2000	1	11	0
	17	100	23.906250	51.127867	-1.126257e+01	2000	1	11	1
	17	100	23.906250	51.127867	-1.129272e+01	2000	1	11	2
	18	100	25.312500	51.127867	-1.128635e+01	2000	1	11	3
	19	100	26.718750	51.127867	-1.128259e+01	2000	1	11	4
	20	99	28.125000	49.727115	-1.108788e+01	2000	1	11	5
	21	99	29.531250	49.727115	-1.073051e+01	2000	1	11	7
	22	99	30.937500	49.727115	-1.057397e+01	2000	1	11	8
	23	99	32.343750	49.727115	-1.030066e+01	2000	1	11	9
	24	98	33.750000	48.326361	-1.010861e+01	2000	1	11	10
	25	97	35.156250	46.925606	-9.799640e+00	2000	1	11	11
	26	96	36.562500	45.524850	-9.340939e+00	2000	1	11	12
	27	96	37.968750	45.524850	-8.997643e+00	2000	1	11	13
	28	95	39.375000	44.124093	-8.810184e+00	2000	1	11	14
	29	94	40.781250	42.723335	-8.571834e+00	2000	1	11	15
	30	93	42.187500	41.322576	-8.314445e+00	2000	1	11	16
	31	92	43.593750	39.921816	-7.999806e+00	2000	1	11	17
	32	92	45.000000	39.921816	-7.712645e+00	2000	1	11	18
	33	91	46.406250	38.521056	-7.462370e+00	2000	1	11	19
start	81	2000	1	9	4
	54	117	75.937500	74.940023	-1.531619e+01	2000	1	9	4
	54	117	75.937500	74.940023	-1.445664e+01	2000	1	9	5
	54	117	75.937500	74.940023	-1.281255e+01	2000	1	9	6
	54	117	75.937500	74.940023	-1.258490e+01	2000	1	9	7
	53	117	74.531250	74.940023	-1.220451e+01	2000	1	9	8
	53	117	74.531250	74.940023	-1.225109e+01	2000	1	9	9
	52	117	73.125000	74.940023	-1.162279e+01	2000	1	9	10
	52	117	73.125000	74.940023	-1.136388e+01	2000	1	9	11
	53	117	74.531250	74.940023	-1.133082e+01	2000	1	9	12
	52	117	73.125000	74.940023	-1.085855e+01	2000	1	9	13
	53	117	74.531250	74.940023	-9.974761e+00	2000	1	9	14
	53	117	74.531250	74.940023	-9.309835e+00	2000	1	9	15
	53	117	74.531250	74.940023	-8.385033e+00	2000	1	9	17
	53	117	74.531250	74.940023	-8.340156e+00	2000	1	9	18
	53	117	74.531250	74.940023	-8.544201e+00	2000	1	9	19
	53	117	74.531250	74.940023	-8.458548e+00	2000	1	9	20
	53	117	74.531250	74.940023	-8.554104e+00	2000	1	9	21
	53	117	74.531250	74.940023	-8.833064e+00	2000	1	9	22
	53	117	74.531250	74.940023	-9.507707e+00	2000	1	9	23
	52	116	73.125000	73.539389	-7.674136e+00	2000	1	10	0
	54	117	75.937500	74.940023	-7.675882e+00	2000	1	10	1
	54	117	75.937500	74.940023	-8.344169e+00	2000	1	10	2
	54	117	75.937500	74.940023	-9.001286e+00	2000	1	10	3
	54	117	75.937500	74.940023	-9.292660e+00	2000	1	10	4
	54	117	75.937500	74.940023	-9.856197e+00	2000	1	10	5
	54	117	75.937500	74.940023	-1.011065e+01	2000	1	10	6
	51	116	71.718750	73.539389	-1.142908e+01	2000	1	10	7
	51	116	71.718750	73.539389	-1.140907e+01	2000	1	10	8
	50	116	70.312500	73.539389	-1.349085e+01	2000	1	10	9
	49	116	68.906250	73.539389	-1.317947e+01	2000	1	10	10
	49	116	68.906250	73.539389	-1.172637e+01	2000	1	10	11
	52	117	73.125000	74.940023	-1.131680e+01	2000	1	10	12
	52	117	73.125000	74.940023	-1.137403e+01	2000	1	10	13
	52	117	73.125000	74.940023	-1.138608e+01	2000	1	10	14
	52	117	73.125000	74.940023	-1.127202e+01	2000	1	10	15
	52	117	73.125000	74.940023	-1.044727e+01	2000	1	10	16
	52	117	73.125000	74.940023	-9.894914e+00	2000	1	10	17
	52	117	73.125000	74.940023	-9.414673e+00	2000	1	10	18
	53	116	74.531250	73.539389	-8.939322e+00	2000	1	10	19
	53	116	74.531250	73.539389	-8.969252e+00	2000	1	10	20
	54	115	75.937500	72.138732	-8.929749e+00	2000	1	10	21
	54	115	75.937500	72.138732	-8.977691e+00	2000	1	10	22
	54	115	75.937500	72.138732	-9.009105e+00	2000	1	10	23
	54	115	75.937500	72.138732	-8.949075e+00	2000	1	11	0
	54	115	75.937500	72.138732	-8.849097e+00	2000	1	11	1
	56	115	78.750000	72.138732	-8.775229e+00	2000	1	11	2
	56	115	78.750000	72.138732	-8.737864e+00	2000	1	11	3
	57	115	80.156250	72.138732	-8.869206e+00	2000	1	11	4
	57	115	80.156250	72.138732	-8.965686e+00	2000	1	11	5
	57	115	80.156250	72.138732	-8.903571e+00	2000	1	11	6
	57	115	80.156250	72.138732	-8.665628e+00	2000	1	11	7
	57	115	80.156250	72.138732	-8.329376e+00	2000	1	11	8
	60	116	84.375000	73.539389	-7.695337e+00	2000	1	11	9
	61	116	85.781250	73.539389	-7.617857e+00	2000	1	11	10
	64	116	90.000000	73.539389	-7.475594e+00	2000	1	11	11
	64	116	90.000000	73.539389	-7.386521e+00	2000	1	11	12
	64	116	90.000000	73.539389	-7.165205e+00	2000	1	11	13
	64	116	90.000000	73.539389	-6.924601e+00	2000	1	11	14
	67	116	94.218750	73.539389	-6.664071e+00	2000	1	11	15
	67	116	94.218750	73.539389	-6.744381e+00	2000	1	11	16
	68	116	95.625000	73.539389	-7.030782e+00	2000	1	11	17
	68	116	95.625000	73.539389	-7.140149e+00	2000	1	11	18
	71	116	99.843750	73.539389	-7.566973e+00	2000	1	11	19
	71	116	99.843750	73.539389	-7.797566e+00	2000	1	11	20
	71	116	99.843750	73.539389	-7.750250e+00	2000	1	11	21
	71	116	99.843750	73.539389	-7.796844e+00	2000	1	11	22
	71	116	99.843750	73.539389	-7.703299e+00	2000	1	11	23
	72	116	101.250000	73.539389	-7.632969e+00	2000	1	12	0
	72	116	101.250000	73.539389	-7.584884e+00	2000	1	12	1
	72	116	101.250000	73.539389	-7.501768e+00	2000	1	12	2
	72	116	101.250000	73.539389	-7.498808e+00	2000	1	12	3
	72	116	101.250000	73.539389	-7.100519e+00	2000	1	12	4
	72	116	101.250000	73.539389	-7.027384e+00	2000	1	12	5
	74	116	104.062500	73.539389	-6.846911e+00	2000	1	12	6
	75	116	105.468750	73.539389	-6.650387e+00	2000	1	12	7
	75	116	105.468750	73.539389	-6.461511e+00	2000	1	12	8
	75	116	105.468750	73.539389	-6.448985e+00	2000	1	12	9
	75	116	105.468750	73.539389	-6.032678e+00	2000	1	12	10
	76	116	106.875000	73.539389	-5.632207e+00	2000	1	12	11
	82	116	115.312500	73.539389	-4.874716e+00	2000	1	12	15
	82	116	115.312500	73.539389	-4.752861e+00	2000	1	12	16
start	82	2000	1	9	4
	96	117	135.000000	74.940023	-1.592258e+01	2000	1	9	4
	97	117	136.406250	74.940023	-1.417462e+01	2000	1	9	5
	96	117	135.000000	74.940023	-1.324729e+01	2000	1	9	6
	96	117	135.000000	74.940023	-1.291802e+01	2000	1	9	7
	95	117	133.593750	74.940023	-1.243586e+01	2000	1	9	8
	96	117	135.000000	74.940023	-1.215276e+01	2000	1	9	9
	95	117	133.593750	74.940023	-1.145629e+01	2000	1	9	10
	95	117	133.593750	74.940023	-1.115874e+01	2000	1	9	11
	95	117	133.593750	74.940023	-1.133250e+01	2000	1	9	12
	95	117	133.593750	74.940023	-1.073425e+01	2000	1	9	13
	95	117	133.593750	74.940023	-1.066737e+01	2000	1	9	14
	95	117	133.593750	74.940023	-1.054316e+01	2000	1	9	15
	95	117	133.593750	74.940023	-1.017507e+01	2000	1	9	16
	95	117	133.593750	74.940023	-1.031084e+01	2000	1	9	17
	95	117	133.593750	74.940023	-1.000871e+01	2000	1	9	18
	96	117	135.000000	74.940023	-7.930198e+00	2000	1	9	19
	96	117	135.000000	74.940023	-7.714452e+00	2000	1	9	20
	96	117	135.000000	74.940023	-7.964496e+00	2000	1	9	21
	96	117	135.000000	74.940023	-8.136175e+00	2000	1	9	22
	96	117	135.000000	74.940023	-8.603578e+00	2000	1	9	23
	96	117	135.000000	74.940023	-9.035538e+00	2000	1	10	0
	96	117	135.000000	74.940023	-9.651649e+00	2000	1	10	1
	95	116	133.593750	73.539389	-8.164867e+00	2000	1	10	2
	95	116	133.593750	73.539389	-8.432713e+00	2000	1	10	3
	95	116	133.593750	73.539389	-8.770637e+00	2000	1	10	4
	97	117	136.406250	74.940023	-9.178384e+00	2000	1	10	5
	95	116	133.593750	73.539389	-9.528080e+00	2000	1	10	6
	94	116	132.187500	73.539389	-1.139743e+01	2000	1	10	7
	96	117	135.000000	74.940023	-1.329160e+01	2000	1	10	8
	95	117	133.593750	74.940023	-1.331009e+01	2000	1	10	9
	95	117	133.593750	74.940023	-1.313319e+01	2000	1	10	10
	93	117	130.781250	74.940023	-1.172945e+01	2000	1	10	11
	94	117	132.187500	74.940023	-1.124455e+01	2000	1	10	12
	94	117	132.187500	74.940023	-1.121862e+01	2000	1	10	13
	94	117	132.187500	74.940023	-1.129710e+01	2000	1	10	14
	94	117	132.187500	74.940023	-1.062999e+01	2000	1	10	15
	94	117	132.187500	74.940023	-1.011795e+01	2000	1	10	16
	95	117	133.593750	74.940023	-9.466142e+00	2000	1	10	17
	94	115	132.187500	72.138732	-8.951759e+00	2000	1	10	18
	95	115	133.593750	72.138732	-8.852465e+00	2000	1	10	19
	95	115	133.593750	72.138732	-8.839753e+00	2000	1	10	20
	96	115	135.000000	72.138732	-8.896702e+00	2000	1	10	21
	97	115	136.406250	72.138732	-8.796432e+00	2000	1	10	22
	96	115	135.000000	72.138732	-8.838729e+00	2000	1	10	23
	97	115	136.406250	72.138732	-8.798101e+00	2000	1	11	0
	98	115	137.812500	72.138732	-8.824419e+00	2000	1	11	1
	98	115	137.812500	72.138732	-8.918735e+00	2000	1	11	2
	98	115	137.812500	72.138732	-8.851154e+00	2000	1	11	3
	99	115	139.218750	72.138732	-8.765435e+00	2000	1	11	4
	99	115	139.218750	72.138732	-8.661179e+00	2000	1	11	5
	100	115	140.625000	72.138732	-8.778739e+00	2000	1	11	6
	101	115	142.031250	72.138732	-8.626772e+00	2000	1	11	7
	101	115	142.031250	72.138732	-8.534288e+00	2000	1	11	8
	101	115	142.031250	72.138732	-8.221528e+00	2000	1	11	9
	105	116	147.656250	73.539389	-7.578946e+00	2000	1	11	10
	106	116	149.062500	73.539389	-7.474864e+00	2000	1	11	11
	107	116	150.468750	73.539389	-7.340386e+00	2000	1	11	12
	107	116	150.468750	73.539389	-7.114849e+00	2000	1	11	13
	107	116	150.468750	73.539389	-7.010236e+00	2000	1	11	14
	109	116	153.281250	73.539389	-6.586785e+00	2000	1	11	15
	111	116	156.093750	73.539389	-6.654335e+00	2000	1	11	16
	112	116	157.500000	73.539389	-6.712265e+00	2000	1	11	17
	113	116	158.906250	73.539389	-7.324160e+00	2000	1	11	18
	113	116	158.906250	73.539389	-7.567680e+00	2000	1	11	19
	113	116	158.906250	73.539389	-7.684587e+00	2000	1	11	20
	113	116	158.906250	73.539389	-7.672668e+00	2000	1	11	21
	114	116	160.312500	73.539389	-7.735306e+00	2000	1	11	22
	114	116	160.312500	73.539389	-7.561889e+00	2000	1	11	23
	114	116	160.312500	73.539389	-7.526908e+00	2000	1	12	0
	114	116	160.312500	73.539389	-7.572898e+00	2000	1	12	1
	114	116	160.312500	73.539389	-7.370277e+00	2000	1	12	2
	114	116	160.312500	73.539389	-7.289062e+00	2000	1	12	3
	115	116	161.718750	73.539389	-7.020495e+00	2000	1	12	4
	116	116	163.125000	73.539389	-7.059619e+00	2000	1	12	5
	117	116	164.531250	73.539389	-6.734997e+00	2000	1	12	6
	117	116	164.531250	73.539389	-6.945199e+00	2000	1	12	7
	117	116	164.531250	73.539389	-6.589488e+00	2000	1	12	8
	117	116	164.531250	73.539389	-6.272618e+00	2000	1	12	9
	117	116	164.531250	73.539389	-5.849266e+00	2000	1	12	10
	121	116	170.156250	73.539389	-5.623804e+00	2000	1	12	11
	121	116	170.156250	73.539389	-5.490094e+00	2000	1	12	12
	125	116	175.781250	73.539389	-4.767387e+00	2000	1	12	16
start	82	2000	1	9	4
	182	117	255.937500	74.940023	-1.528711e+01	2000	1	9	4
	182	117	255.937500	74.940023	-1.445664e+01	2000	1	9	5
	182	117	255.937500	74.940023	-1.281255e+01	2000	1	9	6
	182	117	255.937500	74.940023	-1.258490e+01	2000	1	9	7
	181	117	254.531250	74.940023	-1.220451e+01	2000	1	9	8
	181	117	254.531250	74.940023	-1.225109e+01	2000	1	9	9
	180	117	253.125000	74.940023	-1.162279e+01	2000	1	9	10
	180	117	253.125000	74.940023	-1.135928e+01	2000	1	9	11
	181	117	254.531250	74.940023	-1.133060e+01	2000	1	9	12
	180	117	253.125000	74.940023	-1.085855e+01	2000	1	9	13
	181	117	254.531250	74.940023	-9.974761e+00	2000	1	9	14
	181	117	254.531250	74.940023	-9.309835e+00	2000	1	9	15
	181	117	254.531250	74.940023	-8.385033e+00	2000	1	9	17
	181	117	254.531250	74.940023	-8.340156e+00	2000	1	9	18
	181	117	254.531250	74.940023	-8.544201e+00	2000	1	9	19
	181	117	254.531250	74.940023	-8.458548e+00	2000	1	9	20
	181	117	254.531250	74.940023	-8.554104e+00	2000	1	9	21
	181	117	254.531250	74.940023	-8.833064e+00	2000	1	9	22
	181	117	254.531250	74.940023	-9.507707e+00	2000	1	9	23
	180	116	253.125000	73.539389	-7.671317e+00	2000	1	10	0
	182	117	255.937500	74.940023	-7.675882e+00	2000	1	10	1
	182	117	255.937500	74.940023	-8.300145e+00	2000	1	10	2
	182	117	255.937500	74.940023	-9.001286e+00	2000	1	10	3
	182	117	255.937500	74.940023	-9.292660e+00	2000	1	10	4
	182	117	255.937500	74.940023	-9.772466e+00	2000	1	10	5
	182	117	255.937500	74.940023	-1.011065e+01	2000	1	10	6
	179	116	251.718750	73.539389	-1.142908e+01	2000	1	10	7
	179	116	251.718750	73.539389	-1.140907e+01	2000	1	10	8
	178	116	250.312500	73.539389	-1.349085e+01	2000	1	10	9
	177	116	248.906250	73.539389	-1.317947e+01	2000	1	10	10
	177	116	248.906250	73.539389	-1.172637e+01	2000	1	10	11
	180	117	253.125000	74.940023	-1.131680e+01	2000	1	10	12
	180	117	253.125000	74.940023	-1.137403e+01	2000	1	10	13
	180	117	253.125000	74.940023	-1.138608e+01	2000	1	10	14
	180	117	253.125000	74.940023	-1.127202e+01	2000	1	10	15
	180	117	253.125000	74.940023	-1.044727e+01	2000	1	10	16
	180	117	253.125000	74.940023	-9.837343e+00	2000	1	10	17
	180	117	253.125000	74.940023	-9.414673e+00	2000	1	10	18
	181	116	254.531250	73.539389	-8.939322e+00	2000	1	10	19
	181	116	254.531250	73.539389	-8.969252e+00	2000	1	10	20
	182	115	255.937500	72.138732	-8.929749e+00	2000	1	10	21
	182	115	255.937500	72.138732	-8.977691e+00	2000	1	10	22
	182	115	255.937500	72.138732	-9.009105e+00	2000	1	10	23
	182	115	255.937500	72.138732	-8.949075e+00	2000	1	11	0
	182	115	255.937500	72.138732	-8.843206e+00	2000	1	11	1
	184	115	258.750000	72.138732	-8.738415e+00	2000	1	11	2
	184	115	258.750000	72.138732	-8.737864e+00	2000	1	11	3
	185	115	260.156250	72.138732	-8.869206e+00	2000	1	11	4
	185	115	260.156250	72.138732	-9.043681e+00	2000	1	11	5
	185	115	260.156250	72.138732	-8.903571e+00	2000	1	11	6
	185	115	260.156250	72.138732	-8.648985e+00	2000	1	11	7
	185	115	260.156250	72.138732	-8.241119e+00	2000	1	11	8
	189	116	265.781250	73.539389	-7.665887e+00	2000	1	11	9
	189	116	265.781250	73.539389	-7.617857e+00	2000	1	11	10
	191	116	268.593750	73.539389	-7.491610e+00	2000	1	11	11
	192	116	270.000000	73.539389	-7.352343e+00	2000	1	11	12
	192	116	270.000000	73.539389	-7.128409e+00	2000	1	11	13
	192	116	270.000000	73.539389	-6.820620e+00	2000	1	11	14
	195	116	274.218750	73.539389	-6.569473e+00	2000	1	11	15
	195	116	274.218750	73.539389	-6.744381e+00	2000	1	11	16
	196	116	275.625000	73.539389	-7.015598e+00	2000	1	11	17
	196	116	275.625000	73.539389	-7.140149e+00	2000	1	11	18
	199	116	279.843750	73.539389	-7.566973e+00	2000	1	11	19
	199	116	279.843750	73.539389	-7.797566e+00	2000	1	11	20
	199	116	279.843750	73.539389	-7.750250e+00	2000	1	11	21
	199	116	279.843750	73.539389	-7.795814e+00	2000	1	11	22
	199	116	279.843750	73.539389	-7.703299e+00	2000	1	11	23
	200	116	281.250000	73.539389	-7.632969e+00	2000	1	12	0
	200	116	281.250000	73.539389	-7.584884e+00	2000	1	12	1
	200	116	281.250000	73.539389	-7.501768e+00	2000	1	12	2
	200	116	281.250000	73.539389	-7.498808e+00	2000	1	12	3
	200	116	281.250000	73.539389	-7.018539e+00	2000	1	12	4
	200	116	281.250000	73.539389	-7.027384e+00	2000	1	12	5
	202	116	284.062500	73.539389	-6.846911e+00	2000	1	12	6
	203	116	285.468750	73.539389	-6.656697e+00	2000	1	12	7
	203	116	285.468750	73.539389	-6.469718e+00	2000	1	12	8
	203	116	285.468750	73.539389	-6.477431e+00	2000	1	12	9
	203	116	285.468750	73.539389	-6.047858e+00	2000	1	12	10
	203	116	285.468750	73.539389	-5.781060e+00	2000	1	12	11
	210	116	295.312500	73.539389	-4.858248e+00	2000	1	12	15
	210	116	295.312500	73.539389	-4.614706e+00	2000	1	12	16
	210	116	295.312500	73.539389	-4.509061e+00	2000	1	12	17
start	81	2000	1	9	4
	224	117	315.000000	74.940023	-1.592258e+01	2000	1	9	4
	225	117	316.406250	74.940023	-1.417462e+01	2000	1	9	5
	224	117	315.000000	74.940023	-1.324729e+01	2000	1	9	6
	224	117	315.000000	74.940023	-1.291802e+01	2000	1	9	7
	223	117	313.593750	74.940023	-1.243586e+01	2000	1	9	8
	224	117	315.000000	74.940023	-1.215276e+01	2000	1	9	9
	223	117	313.593750	74.940023	-1.145629e+01	2000	1	9	10
	223	117	313.593750	74.940023	-1.115874e+01	2000	1	9	11
	223	117	313.593750	74.940023	-1.133250e+01	2000	1	9	12
	223	117	313.593750	74.940023	-1.073425e+01	2000	1	9	13
	223	117	313.593750	74.940023	-1.066737e+01	2000	1	9	14
	223	117	313.593750	74.940023	-1.054318e+01	2000	1	9	15
	223	117	313.593750	74.940023	-1.017507e+01	2000	1	9	16
	223	117	313.593750	74.940023	-1.031084e+01	2000	1	9	17
	223	117	313.593750	74.940023	-1.000871e+01	2000	1	9	18
	224	117	315.000000	74.940023	-7.930198e+00	2000	1	9	19
	224	117	315.000000	74.940023	-7.781840e+00	2000	1	9	20
	224	117	315.000000	74.940023	-7.964496e+00	2000	1	9	21
	224	117	315.000000	74.940023	-8.136175e+00	2000	1	9	22
	224	117	315.000000	74.940023	-8.603578e+00	2000	1	9	23
	224	117	315.000000	74.940023	-9.035538e+00	2000	1	10	0
	224	117	315.000000	74.940023	-9.651649e+00	2000	1	10	1
	223	116	313.593750	73.539389	-8.164867e+00	2000	1	10	2
	223	116	313.593750	73.539389	-8.432713e+00	2000	1	10	3
	223	116	313.593750	73.539389	-8.770637e+00	2000	1	10	4
	225	117	316.406250	74.940023	-9.178384e+00	2000	1	10	5
	223	116	313.593750	73.539389	-9.528080e+00	2000	1	10	6
	222	116	312.187500	73.539389	-1.139743e+01	2000	1	10	7
	224	117	315.000000	74.940023	-1.329160e+01	2000	1	10	8
	223	117	313.593750	74.940023	-1.331159e+01	2000	1	10	9
	223	117	313.593750	74.940023	-1.313319e+01	2000	1	10	10
	221	117	310.781250	74.940023	-1.172945e+01	2000	1	10	11
	222	117	312.187500	74.940023	-1.124247e+01	2000	1	10	12
	222	117	312.187500	74.940023	-1.121862e+01	2000	1	10	13
	222	117	312.187500	74.940023	-1.129710e+01	2000	1	10	14
	222	117	312.187500	74.940023	-1.062999e+01	2000	1	10	15
	222	117	312.187500	74.940023	-1.011795e+01	2000	1	10	16
	223	117	313.593750	74.940023	-9.466142e+00	2000	1	10	17
	222	115	312.187500	72.138732	-8.951759e+00	2000	1	10	18
	223	115	313.593750	72.138732	-8.852465e+00	2000	1	10	19
	223	115	313.593750	72.138732	-8.839753e+00	2000	1	10	20
	224	115	315.000000	72.138732	-8.896702e+00	2000	1	10	21
	225	115	316.406250	72.138732	-8.796432e+00	2000	1	10	22
	224	115	315.000000	72.138732	-8.838729e+00	2000	1	10	23
	225	115	316.406250	72.138732	-8.798101e+00	2000	1	11	0
	226	115	317.812500	72.138732	-8.824419e+00	2000	1	11	1
	226	115	317.812500	72.138732	-8.918735e+00	2000	1	11	2
	226	115	317.812500	72.138732	-8.851154e+00	2000	1	11	3
	227	115	319.218750	72.138732	-8.765435e+00	2000	1	11	4
	227	115	319.218750	72.138732	-8.661179e+00	2000	1	11	5
	228	115	320.625000	72.138732	-8.778739e+00	2000	1	11	6
	229	115	322.031250	72.138732	-8.626772e+00	2000	1	11	7
	229	115	322.031250	72.138732	-8.534288e+00	2000	1	11	8
	229	115	322.031250	72.138732	-8.221528e+00	2000	1	11	9
	233	116	327.656250	73.539389	-7.578946e+00	2000	1	11	10
	234	116	329.062500	73.539389	-7.474864e+00	2000	1	11	11
	235	116	330.468750	73.539389	-7.334586e+00	2000	1	11	12
	235	116	330.468750	73.539389	-7.114894e+00	2000	1	11	13
	236	116	331.875000	73.539389	-6.700388e+00	2000	1	11	14
	237	116	333.281250	73.539389	-6.603137e+00	2000	1	11	15
	239	116	336.093750	73.539389	-6.671944e+00	2000	1	11	16
	240	116	337.500000	73.539389	-6.712265e+00	2000	1	11	17
	241	116	338.906250	73.539389	-7.235632e+00	2000	1	11	18
	241	116	338.906250	73.539389	-7.567488e+00	2000	1	11	19
	241	116	338.906250	73.539389	-7.679021e+00	2000	1	11	20
	241	116	338.906250	73.539389	-7.672668e+00	2000	1	11	21
	242	116	340.312500	73.539389	-7.641743e+00	2000	1	11	22
	242	116	340.312500	73.539389	-7.561889e+00	2000	1	11	23
	242	116	340.312500	73.539389	-7.526908e+00	2000	1	12	0
	242	116	340.312500	73.539389	-7.474041e+00	2000	1	12	1
	242	116	340.312500	73.539389	-7.370277e+00	2000	1	12	2
	242	116	340.312500	73.539389	-7.289062e+00	2000	1	12	3
	243	116	341.718750	73.539389	-7.020495e+00	2000	1	12	4
	244	116	343.125000	73.539389	-7.059619e+00	2000	1	12	5
	245	116	344.531250	73.539389	-6.721908e+00	2000	1	12	6
	245	116	344.531250	73.539389	-6.930354e+00	2000	1	12	7
	245	116	344.531250	73.539389	-6.515550e+00	2000	1	12	8
	245	116	344.531250	73.539389	-6.390411e+00	2000	1	12	9
	245	116	344.531250	73.539389	-5.832111e+00	2000	1	12	10
	246	116	345.937500	73.539389	-5.600317e+00	2000	1	12	11
	249	116	350.156250	73.539389	-5.465895e+00	2000	1	12	12
start	81	2000	1	9	5
	11	117	15.468750	74.940023	-1.451272e+01	2000	1	9	5
	11	117	15.468750	74.940023	-1.295664e+01	2000	1	9	6
	10	117	14.062500	74.940023	-1.302674e+01	2000	1	9	7
	10	117	14.062500	74.940023	-1.223514e+01	2000	1	9	8
	10	117	14.062500	74.940023	-1.220964e+01	2000	1	9	9
	9	117	12.656250	74.940023	-1.162972e+01	2000	1	9	10
	9	117	12.656250	74.940023	-1.124564e+01	2000	1	9	11
	10	117	14.062500	74.940023	-1.121501e+01	2000	1	9	12
	10	117	14.062500	74.940023	-1.053297e+01	2000	1	9	13
	9	117	12.656250	74.940023	-1.073388e+01	2000	1	9	14
	10	117	14.062500	74.940023	-9.716590e+00	2000	1	9	15
	10	117	14.062500	74.940023	-8.920868e+00	2000	1	9	16
	10	117	14.062500	74.940023	-8.797394e+00	2000	1	9	17
	10	117	14.062500	74.940023	-8.976159e+00	2000	1	9	18
	10	117	14.062500	74.940023	-8.820136e+00	2000	1	9	19
	10	117	14.062500	74.940023	-8.960732e+00	2000	1	9	20
	10	117	14.062500	74.940023	-9.247683e+00	2000	1	9	21
	11	117	15.468750	74.940023	-7.266707e+00	2000	1	9	22
	11	117	15.468750	74.940023	-7.598550e+00	2000	1	9	23
	11	117	15.468750	74.940023	-8.154795e+00	2000	1	10	0
	11	117	15.468750	74.940023	-8.388199e+00	2000	1	10	1
	11	117	15.468750	74.940023	-9.169836e+00	2000	1	10	2
	11	117	15.468750	74.940023	-9.845299e+00	2000	1	10	3
	11	117	15.468750	74.940023	-1.023862e+01	2000	1	10	4
	11	117	15.468750	74.940023	-1.078632e+01	2000	1	10	5
	11	117	15.468750	74.940023	-1.111050e+01	2000	1	10	6
	11	117	15.468750	74.940023	-1.149382e+01	2000	1	10	7
	8	116	11.250000	73.539389	-1.252001e+01	2000	1	10	8
	10	117	14.062500	74.940023	-1.279129e+01	2000	1	10	9
	7	116	9.843750	73.539389	-1.281732e+01	2000	1	10	10
	7	116	9.843750	73.539389	-1.174532e+01	2000	1	10	11
	8	117	11.250000	74.940023	-1.160878e+01	2000	1	10	12
	8	117	11.250000	74.940023	-1.155289e+01	2000	1	10	13
	8	117	11.250000	74.940023	-1.146152e+01	2000	1	10	14
	8	117	11.250000	74.940023	-1.139803e+01	2000	1	10	15
	8	117	11.250000	74.940023	-1.065174e+01	2000	1	10	16
	8	117	11.250000	74.940023	-9.770931e+00	2000	1	10	17
	10	115	14.062500	72.138732	-8.908317e+00	2000	1	10	18
	10	115	14.062500	72.138732	-9.067863e+00	2000	1	10	19
	10	115	14.062500	72.138732	-9.068267e+00	2000	1	10	20
	10	115	14.062500	72.138732	-9.097584e+00	2000	1	10	21
	10	115	14.062500	72.138732	-8.985036e+00	2000	1	10	22
	11	115	15.468750	72.138732	-8.852338e+00	2000	1	10	23
	11	115	15.468750	72.138732	-8.668204e+00	2000	1	11	0
	13	115	18.281250	72.138732	-8.838855e+00	2000	1	11	1
	13	115	18.281250	72.138732	-8.868398e+00	2000	1	11	2
	13	115	18.281250	72.138732	-8.832736e+00	2000	1	11	3
	14	115	19.687500	72.138732	-8.961666e+00	2000	1	11	4
	14	115	19.687500	72.138732	-8.900549e+00	2000	1	11	5
	14	115	19.687500	72.138732	-8.749648e+00	2000	1	11	6
	15	115	21.093750	72.138732	-8.602199e+00	2000	1	11	7
	15	115	21.093750	72.138732	-8.379532e+00	2000	1	11	8
	19	116	26.718750	73.539389	-7.785340e+00	2000	1	11	9
	19	116	26.718750	73.539389	-7.614982e+00	2000	1	11	10
	20	116	28.125000	73.539389	-7.473727e+00	2000	1	11	11
	21	116	29.531250	73.539389	-7.281917e+00	2000	1	11	12
	21	116	29.531250	73.539389	-7.144855e+00	2000	1	11	13
	22	116	30.937500	73.539389	-6.839417e+00	2000	1	11	14
	24	116	33.750000	73.539389	-6.351543e+00	2000	1	11	15
	25	116	35.156250	73.539389	-6.552075e+00	2000	1	11	16
	26	116	36.562500	73.539389	-6.844072e+00	2000	1	11	17
	26	116	36.562500	73.539389	-7.313614e+00	2000	1	11	18
	27	116	37.968750	73.539389	-7.518575e+00	2000	1	11	19
	28	116	39.375000	73.539389	-7.653160e+00	2000	1	11	20
	28	116	39.375000	73.539389	-7.603602e+00	2000	1	11	21
	29	116	40.781250	73.539389	-7.776285e+00	2000	1	11	22
	29	116	40.781250	73.539389	-7.597586e+00	2000	1	11	23
	29	116	40.781250	73.539389	-7.568048e+00	2000	1	12	0
	29	116	40.781250	73.539389	-7.543989e+00	2000	1	12	1
	29	116	40.781250	73.539389	-7.452176e+00	2000	1	12	2
	30	116	42.187500	73.539389	-7.564700e+00	2000	1	12	3
	30	116	42.187500	73.539389	-7.169480e+00	2000	1	12	4
	30	116	42.187500	73.539389	-6.920341e+00	2000	1	12	5
	31	116	43.593750	73.539389	-6.917834e+00	2000	1	12	6
	30	116	42.187500	73.539389	-6.653439e+00	2000	1	12	7
	32	116	45.000000	73.539389	-6.456625e+00	2000	1	12	8
	32	116	45.000000	73.539389	-6.352374e+00	2000	1	12	9
	32	116	45.000000	73.539389	-6.107495e+00	2000	1	12	10
	34	116	47.812500	73.539389	-5.606914e+00	2000	1	12	11
	35	116	49.218750	73.539389	-5.337139e+00	2000	1	12	12
	36	116	50.625000	73.539389	-5.287797e+00	2000	1	12	13
start	81	2000	1	9	5
	139	117	195.468750	74.940023	-1.451272e+01	2000	1	9	5
	139	117	195.468750	74.940023	-1.295664e+01	2000	1	9	6
	138	117	194.062500	74.940023	-1.302674e+01	2000	1	9	7
	138	117	194.062500	74.940023	-1.223514e+01	2000	1	9	8
	138	117	194.062500	74.940023	-1.220964e+01	2000	1	9	9
	137	117	192.656250	74.940023	-1.162972e+01	2000	1	9	10
	137	117	192.656250	74.940023	-1.124564e+01	2000	1	9	11
	138	117	194.062500	74.940023	-1.121501e+01	2000	1	9	12
	138	117	194.062500	74.940023	-1.053297e+01	2000	1	9	13
	137	117	192.656250	74.940023	-1.073388e+01	2000	1	9	14
	138	117	194.062500	74.940023	-9.716590e+00	2000	1	9	15
	138	117	194.062500	74.940023	-8.920868e+00	2000	1	9	16
	138	117	194.062500	74.940023	-8.797394e+00	2000	1	9	17
	138	117	194.062500	74.940023	-8.976159e+00	2000	1	9	18
	138	117	194.062500	74.940023	-8.820136e+00	2000	1	9	19
	138	117	194.062500	74.940023	-8.960732e+00	2000	1	9	20
	138	117	194.062500	74.940023	-9.247683e+00	2000	1	9	21
	139	117	195.468750	74.940023	-7.266707e+00	2000	1	9	22
	139	117	195.468750	74.940023	-7.549283e+00	2000	1	9	23
	139	117	195.468750	74.940023	-8.154795e+00	2000	1	10	0
	139	117	195.468750	74.940023	-8.388199e+00	2000	1	10	1
	139	117	195.468750	74.940023	-9.169836e+00	2000	1	10	2
	139	117	195.468750	74.940023	-9.845299e+00	2000	1	10	3
	139	117	195.468750	74.940023	-1.023862e+01	2000	1	10	4
	139	117	195.468750	74.940023	-1.078632e+01	2000	1	10	5
	139	117	195.468750	74.940023	-1.111050e+01	2000	1	10	6
	139	117	195.468750	74.940023	-1.149382e+01	2000	1	10	7
	136	116	191.250000	73.539389	-1.252001e+01	2000	1	10	8
	138	117	194.062500	74.940023	-1.279129e+01	2000	1	10	9
	135	116	189.843750	73.539389	-1.281732e+01	2000	1	10	10
	135	116	189.843750	73.539389	-1.174532e+01	2000	1	10	11
	136	117	191.250000	74.940023	-1.160878e+01	2000	1	10	12
	136	117	191.250000	74.940023	-1.155318e+01	2000	1	10	13
	136	117	191.250000	74.940023	-1.146152e+01	2000	1	10	14
	136	117	191.250000	74.940023	-1.139803e+01	2000	1	10	15
	136	117	191.250000	74.940023	-1.046369e+01	2000	1	10	16
	136	117	191.250000	74.940023	-9.770931e+00	2000	1	10	17
	138	115	194.062500	72.138732	-8.908317e+00	2000	1	10	18
	138	115	194.062500	72.138732	-9.067863e+00	2000	1	10	19
	138	115	194.062500	72.138732	-9.068267e+00	2000	1	10	20
	138	115	194.062500	72.138732	-9.097584e+00	2000	1	10	21
	138	115	194.062500	72.138732	-8.985036e+00	2000	1	10	22
	139	115	195.468750	72.138732	-8.852338e+00	2000	1	10	23
	139	115	195.468750	72.138732	-8.668204e+00	2000	1	11	0
	141	115	198.281250	72.138732	-8.838855e+00	2000	1	11	1
	141	115	198.281250	72.138732	-8.883281e+00	2000	1	11	2
	141	115	198.281250	72.138732	-8.832736e+00	2000	1	11	3
	142	115	199.687500	72.138732	-8.961666e+00	2000	1	11	4
	142	115	199.687500	72.138732	-8.900549e+00	2000	1	11	5
	142	115	199.687500	72.138732	-8.749648e+00	2000	1	11	6
	143	115	201.093750	72.138732	-8.602199e+00	2000	1	11	7
	143	115	201.093750	72.138732	-8.379532e+00	2000	1	11	8
	147	116	206.718750	73.539389	-7.779449e+00	2000	1	11	9
	147	116	206.718750	73.539389	-7.614982e+00	2000	1	11	10
	148	116	208.125000	73.539389	-7.473727e+00	2000	1	11	11
	149	116	209.531250	73.539389	-7.281917e+00	2000	1	11	12
	149	116	209.531250	73.539389	-7.144855e+00	2000	1	11	13
	150	116	210.937500	73.539389	-6.978419e+00	2000	1	11	14
	151	116	212.343750	73.539389	-6.651909e+00	2000	1	11	15
	153	116	215.156250	73.539389	-6.552075e+00	2000	1	11	16
	154	116	216.562500	73.539389	-6.939455e+00	2000	1	11	17
	155	116	217.968750	73.539389	-7.065751e+00	2000	1	11	18
	155	116	217.968750	73.539389	-7.439385e+00	2000	1	11	19
	156	116	219.375000	73.539389	-7.653160e+00	2000	1	11	20
	156	116	219.375000	73.539389	-7.603602e+00	2000	1	11	21
	157	116	220.781250	73.539389	-7.776285e+00	2000	1	11	22
	157	116	220.781250	73.539389	-7.597586e+00	2000	1	11	23
	157	116	220.781250	73.539389	-7.568048e+00	2000	1	12	0
	157	116	220.781250	73.539389	-7.504490e+00	2000	1	12	1
	157	116	220.781250	73.539389	-7.458377e+00	2000	1	12	2
	158	116	222.187500	73.539389	-7.564700e+00	2000	1	12	3
	158	116	222.187500	73.539389	-7.265128e+00	2000	1	12	4
	158	116	222.187500	73.539389	-7.276539e+00	2000	1	12	5
	159	116	223.593750	73.539389	-6.917834e+00	2000	1	12	6
	158	116	222.187500	73.539389	-6.642061e+00	2000	1	12	7
	159	116	223.593750	73.539389	-6.495109e+00	2000	1	12	8
	160	116	225.000000	73.539389	-6.264256e+00	2000	1	12	9
	160	116	225.000000	73.539389	-6.090450e+00	2000	1	12	10
	162	116	227.812500	73.539389	-5.585245e+00	2000	1	12	11
	163	116	229.218750	73.539389	-5.477364e+00	2000	1	12	12
	164	116	230.625000	73.539389	-5.143370e+00	2000	1	12	13
