start	96	2000	1	9	0
	7	105	9.843750	58.131598	1.126337e+01	2000	1	9	0
	7	105	9.843750	58.131598	1.141939e+01	2000	1	9	1
	8	104	11.250000	56.730857	1.165404e+01	2000	1	9	2
	8	104	11.250000	56.730857	1.184649e+01	2000	1	9	3
	8	104	11.250000	56.730857	1.197584e+01	2000	1	9	4
	9	104	12.656250	56.730857	1.209702e+01	2000	1	9	5
	9	104	12.656250	56.730857	1.222451e+01	2000	1	9	6
	10	103	14.062500	55.330112	1.249425e+01	2000	1	9	7
	10	103	14.062500	55.330112	1.267252e+01	2000	1	9	8
	10	103	14.062500	55.330112	1.283032e+01	2000	1	9	9
	10	103	14.062500	55.330112	1.283144e+01	2000	1	9	10
	11	102	15.468750	53.929366	1.291837e+01	2000	1	9	11
	12	102	16.875000	53.929366	1.305015e+01	2000	1	9	12
	12	102	16.875000	53.929366	1.323402e+01	2000	1	9	13
	13	101	18.281250	52.528617	1.334369e+01	2000	1	9	14
	13	101	18.281250	52.528617	1.361475e+01	2000	1	9	15
	13	101	18.281250	52.528617	1.378269e+01	2000	1	9	16
	14	100	19.687500	51.127867	1.382966e+01	2000	1	9	17
	14	100	19.687500	51.127867	1.402780e+01	2000	1	9	18
	15	100	21.093750	51.127867	1.416774e+01	2000	1	9	19
	15	100	21.093750	51.127867	1.431846e+01	2000	1	9	20
	16	99	22.500000	49.727115	1.448903e+01	2000	1	9	21
	16	99	22.500000	49.727115	1.471843e+01	2000	1	9	22
	17	99	23.906250	49.727115	1.479163e+01	2000	1	9	23
	17	99	23.906250	49.727115	1.495998e+01	2000	1	10	0
	18	99	25.312500	49.727115	1.509292e+01	2000	1	10	1
	19	99	26.718750	49.727115	1.519141e+01	2000	1	10	2
	19	99	26.718750	49.727115	1.539317e+01	2000	1	10	3
	20	98	28.125000	48.326361	1.540584e+01	2000	1	10	4
	20	98	28.125000	48.326361	1.560109e+01	2000	1	10	5
	21	98	29.531250	48.326361	1.563045e+01	2000	1	10	6
	21	98	29.531250	48.326361	1.570184e+01	2000	1	10	7
	22	98	30.937500	48.326361	1.585983e+01	2000	1	10	8
	22	98	30.937500	48.326361	1.582334e+01	2000	1	10	9
	23	98	32.343750	48.326361	1.578405e+01	2000	1	10	10
	24	98	33.750000	48.326361	1.579368e+01	2000	1	10	11
	24	98	33.750000	48.326361	1.575809e+01	2000	1	10	12
	25	98	35.156250	48.326361	1.572542e+01	2000	1	10	13
	26	98	36.562500	48.326361	1.557928e+01	2000	1	10	14
	26	98	36.562500	48.326361	1.557703e+01	2000	1	10	15
	27	98	37.968750	48.326361	1.556977e+01	2000	1	10	16
	27	98	37.968750	48.326361	1.544771e+01	2000	1	10	17
	28	97	39.375000	46.925606	1.532296e+01	2000	1	10	18
	28	97	39.375000	46.925606	1.535402e+01	2000	1	10	19
	29	97	40.781250	46.925606	1.515290e+01	2000	1	10	20
	29	97	40.781250	46.925606	1.505853e+01	2000	1	10	21
	30	97	42.187500	46.925606	1.503503e+01	2000	1	10	22
	31	97	43.593750	46.925606	1.494782e+01	2000	1	10	23
	31	97	43.593750	46.925606	1.485806e+01	2000	1	11	0
	32	97	45.000000	46.925606	1.472695e+01	2000	1	11	1
	32	96	45.000000	45.524850	1.468086e+01	2000	1	11	2
	33	97	46.406250	46.925606	1.452085e+01	2000	1	11	3
	34	97	47.812500	46.925606	1.433014e+01	2000	1	11	4
	34	96	47.812500	45.524850	1.414585e+01	2000	1	11	5
	35	96	49.218750	45.524850	1.406198e+01	2000	1	11	6
	36	97	50.625000	46.925606	1.390207e+01	2000	1	11	7
	36	97	50.625000	46.925606	1.362869e+01	2000	1	11	8
	37	96	52.031250	45.524850	1.347931e+01	2000	1	11	9
	38	97	53.437500	46.925606	1.317589e+01	2000	1	11	10
	38	96	53.437500	45.524850	1.291918e+01	2000	1	11	11
	39	97	54.843750	46.925606	1.269749e+01	2000	1	11	12
	40	97	56.250000	46.925606	1.241337e+01	2000	1	11	13
	41	97	57.656250	46.925606	1.215355e+01	2000	1	11	15
	41	99	57.656250	49.727115	1.201042e+01	2000	1	11	16
	41	99	57.656250	49.727115	1.195879e+01	2000	1	11	17
	42	99	59.062500	49.727115	1.186691e+01	2000	1	11	18
	42	99	59.062500	49.727115	1.181652e+01	2000	1	11	19
	43	99	60.468750	49.727115	1.179577e+01	2000	1	11	20
	43	99	60.468750	49.727115	1.165356e+01	2000	1	11	21
	44	100	61.875000	51.127867	1.160509e+01	2000	1	11	22
	44	100	61.875000	51.127867	1.154513e+01	2000	1	11	23
	45	99	63.281250	49.727115	1.145931e+01	2000	1	12	0
	46	100	64.687500	51.127867	1.136598e+01	2000	1	12	1
	46	100	64.687500	51.127867	1.138005e+01	2000	1	12	2
	46	100	64.687500	51.127867	1.129466e+01	2000	1	12	3
	47	100	66.093750	51.127867	1.122524e+01	2000	1	12	4
	48	100	67.500000	51.127867	1.133161e+01	2000	1	12	5
	48	100	67.500000	51.127867	1.134938e+01	2000	1	12	6
	49	100	68.906250	51.127867	1.132450e+01	2000	1	12	7
	50	100	70.312500	51.127867	1.137744e+01	2000	1	12	8
	50	100	70.312500	51.127867	1.138050e+01	2000	1	12	9
	51	100	71.718750	51.127867	1.147130e+01	2000	1	12	10
	52	100	73.125000	51.127867	1.143957e+01	2000	1	12	11
	53	100	74.531250	51.127867	1.151785e+01	2000	1	12	12
	53	100	74.531250	51.127867	1.153185e+01	2000	1	12	13
	54	100	75.937500	51.127867	1.140996e+01	2000	1	12	14
	55	100	77.343750	51.127867	1.148214e+01	2000	1	12	15
	55	100	77.343750	51.127867	1.129265e+01	2000	1	12	16
	57	100	80.156250	51.127867	1.117615e+01	2000	1	12	17
	57	100	80.156250	51.127867	1.109103e+01	2000	1	12	18
	58	100	81.562500	51.127867	1.086670e+01	2000	1	12	19
	59	100	82.968750	51.127867	1.066764e+01	2000	1	12	20
	59	100	82.968750	51.127867	1.047574e+01	2000	1	12	21
	60	100	84.375000	51.127867	1.026335e+01	2000	1	12	22
	60	100	84.375000	51.127867	9.955423e+00	2000	1	12	23
	61	100	85.781250	51.127867	9.725923e+00	2000	1	13	0
start	97	2000	1	9	0
	49	105	68.906250	58.131598	1.126493e+01	2000	1	9	0
	50	104	70.312500	56.730857	1.142583e+01	2000	1	9	1
	51	105	71.718750	58.131598	1.158062e+01	2000	1	9	2
	51	104	71.718750	56.730857	1.176605e+01	2000	1	9	3
	51	104	71.718750	56.730857	1.199573e+01	2000	1	9	4
	52	104	73.125000	56.730857	1.211628e+01	2000	1	9	5
	52	103	73.125000	55.330112	1.236078e+01	2000	1	9	6
	52	103	73.125000	55.330112	1.251071e+01	2000	1	9	7
	52	103	73.125000	55.330112	1.264765e+01	2000	1	9	8
	53	103	74.531250	55.330112	1.267899e+01	2000	1	9	9
	53	103	74.531250	55.330112	1.278077e+01	2000	1	9	10
	54	103	75.937500	55.330112	1.297459e+01	2000	1	9	11
	54	102	75.937500	53.929366	1.309665e+01	2000	1	9	12
	54	102	75.937500	53.929366	1.319071e+01	2000	1	9	13
	55	101	77.343750	52.528617	1.341115e+01	2000	1	9	14
	55	101	77.343750	52.528617	1.355332e+01	2000	1	9	15
	56	101	78.750000	52.528617	1.370929e+01	2000	1	9	16
	57	100	80.156250	51.127867	1.383135e+01	2000	1	9	17
	57	100	80.156250	51.127867	1.408700e+01	2000	1	9	18
	57	100	80.156250	51.127867	1.423249e+01	2000	1	9	19
	58	100	81.562500	51.127867	1.434069e+01	2000	1	9	20
	58	100	81.562500	51.127867	1.443136e+01	2000	1	9	21
	59	99	82.968750	49.727115	1.472400e+01	2000	1	9	22
	59	99	82.968750	49.727115	1.484520e+01	2000	1	9	23
	60	99	84.375000	49.727115	1.495196e+01	2000	1	10	0
	61	99	85.781250	49.727115	1.502673e+01	2000	1	10	1
	61	99	85.781250	49.727115	1.518148e+01	2000	1	10	2
	62	99	87.187500	49.727115	1.534429e+01	2000	1	10	3
	62	98	87.187500	48.326361	1.548678e+01	2000	1	10	4
	63	98	88.593750	48.326361	1.550503e+01	2000	1	10	5
	64	98	90.000000	48.326361	1.571054e+01	2000	1	10	6
	64	98	90.000000	48.326361	1.591481e+01	2000	1	10	7
	64	98	90.000000	48.326361	1.585886e+01	2000	1	10	8
	65	98	91.406250	48.326361	1.574386e+01	2000	1	10	9
	66	98	92.812500	48.326361	1.584562e+01	2000	1	10	10
	66	98	92.812500	48.326361	1.579531e+01	2000	1	10	11
	67	98	94.218750	48.326361	1.577839e+01	2000	1	10	12
	68	98	95.625000	48.326361	1.564386e+01	2000	1	10	13
	68	98	95.625000	48.326361	1.560709e+01	2000	1	10	14
	69	98	97.031250	48.326361	1.566380e+01	2000	1	10	15
	69	98	97.031250	48.326361	1.553757e+01	2000	1	10	16
	70	98	98.437500	48.326361	1.536342e+01	2000	1	10	17
	71	98	99.843750	48.326361	1.532875e+01	2000	1	10	18
	71	97	99.843750	46.925606	1.525403e+01	2000	1	10	19
	72	97	101.250000	46.925606	1.514682e+01	2000	1	10	20
	72	97	101.250000	46.925606	1.519346e+01	2000	1	10	21
	73	97	102.656250	46.925606	1.495777e+01	2000	1	10	22
	73	97	102.656250	46.925606	1.486313e+01	2000	1	10	23
	74	97	104.062500	46.925606	1.493796e+01	2000	1	11	0
	74	97	104.062500	46.925606	1.466619e+01	2000	1	11	1
	75	96	105.468750	45.524850	1.456521e+01	2000	1	11	2
	76	97	106.875000	46.925606	1.448566e+01	2000	1	11	3
	77	97	108.281250	46.925606	1.435460e+01	2000	1	11	4
	77	97	108.281250	46.925606	1.427518e+01	2000	1	11	5
	77	96	108.281250	45.524850	1.395593e+01	2000	1	11	6
	79	97	111.093750	46.925606	1.382825e+01	2000	1	11	7
	79	97	111.093750	46.925606	1.366499e+01	2000	1	11	8
	80	96	112.500000	45.524850	1.344510e+01	2000	1	11	9
	80	96	112.500000	45.524850	1.333281e+01	2000	1	11	10
	81	97	113.906250	46.925606	1.290247e+01	2000	1	11	11
	82	97	115.312500	46.925606	1.277204e+01	2000	1	11	12
	82	97	115.312500	46.925606	1.253181e+01	2000	1	11	13
	83	98	116.718750	48.326361	1.223846e+01	2000	1	11	14
	83	98	116.718750	48.326361	1.209983e+01	2000	1	11	15
	83	99	116.718750	49.727115	1.200083e+01	2000	1	11	16
	84	99	118.125000	49.727115	1.194276e+01	2000	1	11	17
	84	99	118.125000	49.727115	1.185758e+01	2000	1	11	18
	85	99	119.531250	49.727115	1.183756e+01	2000	1	11	19
	86	99	120.937500	49.727115	1.172315e+01	2000	1	11	20
	86	99	120.937500	49.727115	1.165427e+01	2000	1	11	21
	86	100	120.937500	51.127867	1.158975e+01	2000	1	11	22
	87	100	122.343750	51.127867	1.154307e+01	2000	1	11	23
	88	100	123.750000	51.127867	1.144175e+01	2000	1	12	0
	88	100	123.750000	51.127867	1.142886e+01	2000	1	12	1
	89	100	125.156250	51.127867	1.133810e+01	2000	1	12	2
	89	100	125.156250	51.127867	1.130630e+01	2000	1	12	3
	90	100	126.562500	51.127867	1.125785e+01	2000	1	12	4
	90	100	126.562500	51.127867	1.123590e+01	2000	1	12	5
	91	100	127.968750	51.127867	1.133051e+01	2000	1	12	6
	92	100	129.375000	51.127867	1.132375e+01	2000	1	12	7
	92	100	129.375000	51.127867	1.130637e+01	2000	1	12	8
	93	100	130.781250	51.127867	1.144029e+01	2000	1	12	9
	94	100	132.187500	51.127867	1.144321e+01	2000	1	12	10
	95	100	133.593750	51.127867	1.145043e+01	2000	1	12	11
	95	100	133.593750	51.127867	1.150355e+01	2000	1	12	12
	96	100	135.000000	51.127867	1.152154e+01	2000	1	12	13
	97	100	136.406250	51.127867	1.149077e+01	2000	1	12	14
	97	100	136.406250	51.127867	1.134816e+01	2000	1	12	15
	98	100	137.812500	51.127867	1.126605e+01	2000	1	12	16
	99	100	139.218750	51.127867	1.119152e+01	2000	1	12	17
	100	100	140.625000	51.127867	1.100588e+01	2000	1	12	18
	101	100	142.031250	51.127867	1.085269e+01	2000	1	12	19
	101	100	142.031250	51.127867	1.069169e+01	2000	1	12	20
	102	100	143.437500	51.127867	1.050632e+01	2000	1	12	21
	103	100	144.843750	51.127867	1.023499e+01	2000	1	12	22
	103	100	144.843750	51.127867	9.983768e+00	2000	1	12	23
	104	100	146.250000	51.127867	9.739920e+00	2000	1	13	0
start	97	2000	1	9	0
	92	105	129.375000	58.131598	1.126817e+01	2000	1	9	0
	93	104	130.781250	56.730857	1.148293e+01	2000	1	9	1
	93	104	130.781250	56.730857	1.169933e+01	2000	1	9	2
	93	104	130.781250	56.730857	1.185299e+01	2000	1	9	3
	93	104	130.781250	56.730857	1.198843e+01	2000	1	9	4
	94	103	132.187500	55.330112	1.213427e+01	2000	1	9	5
	94	103	132.187500	55.330112	1.230777e+01	2000	1	9	6
	95	104	133.593750	56.730857	1.245011e+01	2000	1	9	7
	96	103	135.000000	55.330112	1.258735e+01	2000	1	9	8
	96	103	135.000000	55.330112	1.274680e+01	2000	1	9	9
	96	103	135.000000	55.330112	1.288040e+01	2000	1	9	10
	96	103	135.000000	55.330112	1.297237e+01	2000	1	9	11
	97	102	136.406250	53.929366	1.315561e+01	2000	1	9	12
	97	102	136.406250	53.929366	1.330730e+01	2000	1	9	13
	98	101	137.812500	52.528617	1.336825e+01	2000	1	9	14
	98	101	137.812500	52.528617	1.358690e+01	2000	1	9	15
	98	101	137.812500	52.528617	1.368456e+01	2000	1	9	16
	99	100	139.218750	51.127867	1.388828e+01	2000	1	9	17
	99	100	139.218750	51.127867	1.400817e+01	2000	1	9	18
	100	100	140.625000	51.127867	1.422372e+01	2000	1	9	19
	101	100	142.031250	51.127867	1.429322e+01	2000	1	9	20
	101	100	142.031250	51.127867	1.450458e+01	2000	1	9	21
	102	99	143.437500	49.727115	1.466640e+01	2000	1	9	22
	102	99	143.437500	49.727115	1.489596e+01	2000	1	9	23
	103	99	144.843750	49.727115	1.493100e+01	2000	1	10	0
	103	99	144.843750	49.727115	1.510581e+01	2000	1	10	1
	104	99	146.250000	49.727115	1.524347e+01	2000	1	10	2
	104	98	146.250000	48.326361	1.532974e+01	2000	1	10	3
	105	99	147.656250	49.727115	1.546671e+01	2000	1	10	4
	106	98	149.062500	48.326361	1.553269e+01	2000	1	10	5
	106	98	149.062500	48.326361	1.575493e+01	2000	1	10	6
	106	98	149.062500	48.326361	1.569332e+01	2000	1	10	7
	107	98	150.468750	48.326361	1.574307e+01	2000	1	10	8
	108	98	151.875000	48.326361	1.586091e+01	2000	1	10	9
	108	98	151.875000	48.326361	1.581274e+01	2000	1	10	10
	109	98	153.281250	48.326361	1.585288e+01	2000	1	10	11
	110	98	154.687500	48.326361	1.570901e+01	2000	1	10	12
	110	98	154.687500	48.326361	1.568749e+01	2000	1	10	13
	111	98	156.093750	48.326361	1.570716e+01	2000	1	10	14
	111	98	156.093750	48.326361	1.555857e+01	2000	1	10	15
	112	98	157.500000	48.326361	1.547939e+01	2000	1	10	16
	113	98	158.906250	48.326361	1.544026e+01	2000	1	10	17
	113	97	158.906250	46.925606	1.535519e+01	2000	1	10	18
	113	97	158.906250	46.925606	1.522985e+01	2000	1	10	19
	114	97	160.312500	46.925606	1.515621e+01	2000	1	10	20
	115	97	161.718750	46.925606	1.519067e+01	2000	1	10	21
	115	97	161.718750	46.925606	1.506429e+01	2000	1	10	22
	116	97	163.125000	46.925606	1.494773e+01	2000	1	10	23
	117	97	164.531250	46.925606	1.475988e+01	2000	1	11	0
	117	97	164.531250	46.925606	1.469283e+01	2000	1	11	1
	118	97	165.937500	46.925606	1.471944e+01	2000	1	11	2
	118	97	165.937500	46.925606	1.444828e+01	2000	1	11	3
	119	97	167.343750	46.925606	1.426742e+01	2000	1	11	4
	120	97	168.750000	46.925606	1.423614e+01	2000	1	11	5
	120	96	168.750000	45.524850	1.416041e+01	2000	1	11	6
	121	97	170.156250	46.925606	1.382093e+01	2000	1	11	7
	122	97	171.562500	46.925606	1.355927e+01	2000	1	11	8
	123	97	172.968750	46.925606	1.343335e+01	2000	1	11	9
	123	97	172.968750	46.925606	1.327266e+01	2000	1	11	10
	123	96	172.968750	45.524850	1.292787e+01	2000	1	11	11
	124	96	174.375000	45.524850	1.261276e+01	2000	1	11	12
	125	97	175.781250	46.925606	1.251597e+01	2000	1	11	13
	125	97	175.781250	46.925606	1.221494e+01	2000	1	11	14
	126	98	177.187500	48.326361	1.213659e+01	2000	1	11	15
	126	99	177.187500	49.727115	1.203467e+01	2000	1	11	16
	126	99	177.187500	49.727115	1.190376e+01	2000	1	11	17
	127	99	178.593750	49.727115	1.186906e+01	2000	1	11	18
	128	99	180.000000	49.727115	1.187234e+01	2000	1	11	19
	128	99	180.000000	49.727115	1.182314e+01	2000	1	11	20
	128	100	180.000000	51.127867	1.166196e+01	2000	1	11	21
	130	99	182.812500	49.727115	1.155493e+01	2000	1	11	22
	130	100	182.812500	51.127867	1.155387e+01	2000	1	11	23
	130	100	182.812500	51.127867	1.152835e+01	2000	1	12	0
	131	100	184.218750	51.127867	1.139082e+01	2000	1	12	1
	131	100	184.218750	51.127867	1.130753e+01	2000	1	12	2
	132	100	185.625000	51.127867	1.132387e+01	2000	1	12	3
	132	100	185.625000	51.127867	1.124079e+01	2000	1	12	4
	133	100	187.031250	51.127867	1.126434e+01	2000	1	12	5
	134	100	188.437500	51.127867	1.126898e+01	2000	1	12	6
	135	100	189.843750	51.127867	1.130499e+01	2000	1	12	7
	135	100	189.843750	51.127867	1.143835e+01	2000	1	12	8
	135	100	189.843750	51.127867	1.133482e+01	2000	1	12	9
	137	100	192.656250	51.127867	1.145478e+01	2000	1	12	10
	137	100	192.656250	51.127867	1.154174e+01	2000	1	12	11
	138	100	194.062500	51.127867	1.141832e+01	2000	1	12	12
	139	100	195.468750	51.127867	1.154249e+01	2000	1	12	13
	139	100	195.468750	51.127867	1.148329e+01	2000	1	12	14
	140	100	196.875000	51.127867	1.133160e+01	2000	1	12	15
	141	100	198.281250	51.127867	1.132349e+01	2000	1	12	16
	142	100	199.687500	51.127867	1.116765e+01	2000	1	12	17
	142	100	199.687500	51.127867	1.100974e+01	2000	1	12	18
	143	100	201.093750	51.127867	1.083853e+01	2000	1	12	19
	144	100	202.500000	51.127867	1.074358e+01	2000	1	12	20
	144	100	202.500000	51.127867	1.045008e+01	2000	1	12	21
	146	100	205.312500	51.127867	1.023086e+01	2000	1	12	22
	146	100	205.312500	51.127867	1.001256e+01	2000	1	12	23
	146	100	205.312500	51.127867	9.699657e+00	2000	1	13	0
start	96	2000	1	9	0
	135	105	189.843750	58.131598	1.126337e+01	2000	1	9	0
	135	105	189.843750	58.131598	1.141939e+01	2000	1	9	1
	136	104	191.250000	56.730857	1.165404e+01	2000	1	9	2
	136	104	191.250000	56.730857	1.184649e+01	2000	1	9	3
	136	104	191.250000	56.730857	1.197584e+01	2000	1	9	4
	137	104	192.656250	56.730857	1.209702e+01	2000	1	9	5
	137	104	192.656250	56.730857	1.222451e+01	2000	1	9	6
	138	103	194.062500	55.330112	1.249425e+01	2000	1	9	7
	138	103	194.062500	55.330112	1.267252e+01	2000	1	9	8
	138	103	194.062500	55.330112	1.283032e+01	2000	1	9	9
	138	103	194.062500	55.330112	1.283144e+01	2000	1	9	10
	139	102	195.468750	53.929366	1.291837e+01	2000	1	9	11
	140	102	196.875000	53.929366	1.305015e+01	2000	1	9	12
	140	102	196.875000	53.929366	1.323402e+01	2000	1	9	13
	141	101	198.281250	52.528617	1.334369e+01	2000	1	9	14
	141	101	198.281250	52.528617	1.361475e+01	2000	1	9	15
	141	101	198.281250	52.528617	1.378269e+01	2000	1	9	16
	142	100	199.687500	51.127867	1.382966e+01	2000	1	9	17
	142	100	199.687500	51.127867	1.402780e+01	2000	1	9	18
	143	100	201.093750	51.127867	1.416774e+01	2000	1	9	19
	143	100	201.093750	51.127867	1.431846e+01	2000	1	9	20
	144	99	202.500000	49.727115	1.448903e+01	2000	1	9	21
	144	99	202.500000	49.727115	1.471843e+01	2000	1	9	22
	145	99	203.906250	49.727115	1.479163e+01	2000	1	9	23
	145	99	203.906250	49.727115	1.495998e+01	2000	1	10	0
	146	99	205.312500	49.727115	1.509292e+01	2000	1	10	1
	147	99	206.718750	49.727115	1.519141e+01	2000	1	10	2
	147	99	206.718750	49.727115	1.539317e+01	2000	1	10	3
	148	98	208.125000	48.326361	1.540584e+01	2000	1	10	4
	148	98	208.125000	48.326361	1.560109e+01	2000	1	10	5
	149	98	209.531250	48.326361	1.563045e+01	2000	1	10	6
	149	98	209.531250	48.326361	1.570184e+01	2000	1	10	7
	150	98	210.937500	48.326361	1.585983e+01	2000	1	10	8
	150	98	210.937500	48.326361	1.581139e+01	2000	1	10	9
	151	98	212.343750	48.326361	1.578405e+01	2000	1	10	10
	152	98	213.750000	48.326361	1.579368e+01	2000	1	10	11
	152	98	213.750000	48.326361	1.575809e+01	2000	1	10	12
	153	98	215.156250	48.326361	1.572542e+01	2000	1	10	13
	154	98	216.562500	48.326361	1.557928e+01	2000	1	10	14
	154	98	216.562500	48.326361	1.557703e+01	2000	1	10	15
	155	98	217.968750	48.326361	1.556977e+01	2000	1	10	16
	155	98	217.968750	48.326361	1.544771e+01	2000	1	10	17
	156	97	219.375000	46.925606	1.532296e+01	2000	1	10	18
	156	97	219.375000	46.925606	1.535402e+01	2000	1	10	19
	157	97	220.781250	46.925606	1.515290e+01	2000	1	10	20
	157	97	220.781250	46.925606	1.505853e+01	2000	1	10	21
	158	97	222.187500	46.925606	1.503503e+01	2000	1	10	22
	159	97	223.593750	46.925606	1.494782e+01	2000	1	10	23
	159	97	223.593750	46.925606	1.485806e+01	2000	1	11	0
	160	97	225.000000	46.925606	1.472695e+01	2000	1	11	1
	160	96	225.000000	45.524850	1.468086e+01	2000	1	11	2
	161	97	226.406250	46.925606	1.452085e+01	2000	1	11	3
	162	97	227.812500	46.925606	1.433014e+01	2000	1	11	4
	162	96	227.812500	45.524850	1.414585e+01	2000	1	11	5
	163	96	229.218750	45.524850	1.406198e+01	2000	1	11	6
	164	97	230.625000	46.925606	1.390207e+01	2000	1	11	7
	164	97	230.625000	46.925606	1.362869e+01	2000	1	11	8
	165	96	232.031250	45.524850	1.347931e+01	2000	1	11	9
	166	97	233.437500	46.925606	1.317589e+01	2000	1	11	10
	166	96	233.437500	45.524850	1.292527e+01	2000	1	11	11
	167	97	234.843750	46.925606	1.269749e+01	2000	1	11	12
	168	97	236.250000	46.925606	1.241337e+01	2000	1	11	13
	169	97	237.656250	46.925606	1.215355e+01	2000	1	11	15
	169	99	237.656250	49.727115	1.201042e+01	2000	1	11	16
	169	99	237.656250	49.727115	1.195879e+01	2000	1	11	17
	170	99	239.062500	49.727115	1.186691e+01	2000	1	11	18
	170	99	239.062500	49.727115	1.181652e+01	2000	1	11	19
	171	99	240.468750	49.727115	1.177792e+01	2000	1	11	20
	171	99	240.468750	49.727115	1.165356e+01	2000	1	11	21
	172	100	241.875000	51.127867	1.160509e+01	2000	1	11	22
	172	100	241.875000	51.127867	1.154513e+01	2000	1	11	23
	173	99	243.281250	49.727115	1.144729e+01	2000	1	12	0
	174	100	244.687500	51.127867	1.136598e+01	2000	1	12	1
	174	100	244.687500	51.127867	1.138005e+01	2000	1	12	2
	174	100	244.687500	51.127867	1.129466e+01	2000	1	12	3
	175	100	246.093750	51.127867	1.122524e+01	2000	1	12	4
	176	100	247.500000	51.127867	1.133161e+01	2000	1	12	5
	176	100	247.500000	51.127867	1.134938e+01	2000	1	12	6
	177	100	248.906250	51.127867	1.132450e+01	2000	1	12	7
	178	100	250.312500	51.127867	1.137744e+01	2000	1	12	8
	178	100	250.312500	51.127867	1.138050e+01	2000	1	12	9
	179	100	251.718750	51.127867	1.147130e+01	2000	1	12	10
	180	100	253.125000	51.127867	1.143957e+01	2000	1	12	11
	181	100	254.531250	51.127867	1.151785e+01	2000	1	12	12
	181	100	254.531250	51.127867	1.153185e+01	2000	1	12	13
	182	100	255.937500	51.127867	1.140996e+01	2000	1	12	14
	183	100	257.343750	51.127867	1.147017e+01	2000	1	12	15
	183	100	257.343750	51.127867	1.129265e+01	2000	1	12	16
	185	100	260.156250	51.127867	1.117615e+01	2000	1	12	17
	185	100	260.156250	51.127867	1.107927e+01	2000	1	12	18
	186	100	261.562500	51.127867	1.086670e+01	2000	1	12	19
	187	100	262.968750	51.127867	1.066764e+01	2000	1	12	20
	187	100	262.968750	51.127867	1.047574e+01	2000	1	12	21
	188	100	264.375000	51.127867	1.026335e+01	2000	1	12	22
	189	100	265.781250	51.127867	9.952489e+00	2000	1	12	23
	189	100	265.781250	51.127867	9.725923e+00	2000	1	13	0
start	97	2000	1	9	0
	177	105	248.906250	58.131598	1.126493e+01	2000	1	9	0
	178	104	250.312500	56.730857	1.142583e+01	2000	1	9	1
	179	105	251.718750	58.131598	1.158062e+01	2000	1	9	2
	179	104	251.718750	56.730857	1.176605e+01	2000	1	9	3
	179	104	251.718750	56.730857	1.199573e+01	2000	1	9	4
	180	104	253.125000	56.730857	1.213725e+01	2000	1	9	5
	180	103	253.125000	55.330112	1.236078e+01	2000	1	9	6
	180	103	253.125000	55.330112	1.251071e+01	2000	1	9	7
	180	103	253.125000	55.330112	1.264765e+01	2000	1	9	8
	181	103	254.531250	55.330112	1.267899e+01	2000	1	9	9
	181	103	254.531250	55.330112	1.278077e+01	2000	1	9	10
	182	103	255.937500	55.330112	1.297459e+01	2000	1	9	11
	182	102	255.937500	53.929366	1.309665e+01	2000	1	9	12
	182	102	255.937500	53.929366	1.319071e+01	2000	1	9	13
	183	101	257.343750	52.528617	1.341115e+01	2000	1	9	14
	183	101	257.343750	52.528617	1.355332e+01	2000	1	9	15
	184	101	258.750000	52.528617	1.370929e+01	2000	1	9	16
	185	100	260.156250	51.127867	1.383135e+01	2000	1	9	17
	185	100	260.156250	51.127867	1.408700e+01	2000	1	9	18
	185	100	260.156250	51.127867	1.423249e+01	2000	1	9	19
	186	100	261.562500	51.127867	1.434069e+01	2000	1	9	20
	186	100	261.562500	51.127867	1.443136e+01	2000	1	9	21
	187	99	262.968750	49.727115	1.472400e+01	2000	1	9	22
	187	99	262.968750	49.727115	1.484520e+01	2000	1	9	23
	188	99	264.375000	49.727115	1.495196e+01	2000	1	10	0
	189	99	265.781250	49.727115	1.502673e+01	2000	1	10	1
	189	99	265.781250	49.727115	1.518148e+01	2000	1	10	2
	190	99	267.187500	49.727115	1.534429e+01	2000	1	10	3
	190	98	267.187500	48.326361	1.548678e+01	2000	1	10	4
	191	98	268.593750	48.326361	1.550503e+01	2000	1	10	5
	192	98	270.000000	48.326361	1.571054e+01	2000	1	10	6
	192	98	270.000000	48.326361	1.591481e+01	2000	1	10	7
	192	98	270.000000	48.326361	1.585886e+01	2000	1	10	8
	193	98	271.406250	48.326361	1.574386e+01	2000	1	10	9
	194	98	272.812500	48.326361	1.584562e+01	2000	1	10	10
	194	98	272.812500	48.326361	1.579531e+01	2000	1	10	11
	195	98	274.218750	48.326361	1.577839e+01	2000	1	10	12
	196	98	275.625000	48.326361	1.564386e+01	2000	1	10	13
	196	98	275.625000	48.326361	1.560709e+01	2000	1	10	14
	197	98	277.031250	48.326361	1.566380e+01	2000	1	10	15
	197	98	277.031250	48.326361	1.553757e+01	2000	1	10	16
	198	98	278.437500	48.326361	1.536342e+01	2000	1	10	17
	199	98	279.843750	48.326361	1.532875e+01	2000	1	10	18
	199	97	279.843750	46.925606	1.525403e+01	2000	1	10	19
	200	97	281.250000	46.925606	1.514682e+01	2000	1	10	20
	200	97	281.250000	46.925606	1.519346e+01	2000	1	10	21
	201	97	282.656250	46.925606	1.495777e+01	2000	1	10	22
	201	97	282.656250	46.925606	1.486313e+01	2000	1	10	23
	202	97	284.062500	46.925606	1.493796e+01	2000	1	11	0
	202	97	284.062500	46.925606	1.466619e+01	2000	1	11	1
	203	96	285.468750	45.524850	1.456521e+01	2000	1	11	2
	204	97	286.875000	46.925606	1.448566e+01	2000	1	11	3
	205	97	288.281250	46.925606	1.435460e+01	2000	1	11	4
	205	97	288.281250	46.925606	1.427518e+01	2000	1	11	5
	205	96	288.281250	45.524850	1.395593e+01	2000	1	11	6
	207	97	291.093750	46.925606	1.382825e+01	2000	1	11	7
	207	97	291.093750	46.925606	1.366499e+01	2000	1	11	8
	208	96	292.500000	45.524850	1.344510e+01	2000	1	11	9
	208	96	292.500000	45.524850	1.333281e+01	2000	1	11	10
	209	97	293.906250	46.925606	1.290247e+01	2000	1	11	11
	210	97	295.312500	46.925606	1.277204e+01	2000	1	11	12
	210	97	295.312500	46.925606	1.253181e+01	2000	1	11	13
	211	98	296.718750	48.326361	1.223846e+01	2000	1	11	14
	211	98	296.718750	48.326361	1.209983e+01	2000	1	11	15
	211	99	296.718750	49.727115	1.200083e+01	2000	1	11	16
	212	99	298.125000	49.727115	1.194276e+01	2000	1	11	17
	213	99	299.531250	49.727115	1.185648e+01	2000	1	11	18
	213	99	299.531250	49.727115	1.183756e+01	2000	1	11	19
	214	99	300.937500	49.727115	1.172315e+01	2000	1	11	20
	214	99	300.937500	49.727115	1.165427e+01	2000	1	11	21
	214	100	300.937500	51.127867	1.158975e+01	2000	1	11	22
	215	100	302.343750	51.127867	1.154307e+01	2000	1	11	23
	216	100	303.750000	51.127867	1.144175e+01	2000	1	12	0
	216	100	303.750000	51.127867	1.142886e+01	2000	1	12	1
	217	100	305.156250	51.127867	1.133810e+01	2000	1	12	2
	217	100	305.156250	51.127867	1.130630e+01	2000	1	12	3
	218	100	306.562500	51.127867	1.125785e+01	2000	1	12	4
	218	100	306.562500	51.127867	1.123590e+01	2000	1	12	5
	219	100	307.968750	51.127867	1.133051e+01	2000	1	12	6
	220	100	309.375000	51.127867	1.132375e+01	2000	1	12	7
	220	100	309.375000	51.127867	1.133671e+01	2000	1	12	8
	221	100	310.781250	51.127867	1.144029e+01	2000	1	12	9
	222	100	312.187500	51.127867	1.144321e+01	2000	1	12	10
	223	100	313.593750	51.127867	1.145043e+01	2000	1	12	11
	223	100	313.593750	51.127867	1.150355e+01	2000	1	12	12
	224	100	315.000000	51.127867	1.152154e+01	2000	1	12	13
	225	100	316.406250	51.127867	1.149077e+01	2000	1	12	14
	225	100	316.406250	51.127867	1.134816e+01	2000	1	12	15
	226	100	317.812500	51.127867	1.129086e+01	2000	1	12	16
	227	100	319.218750	51.127867	1.121793e+01	2000	1	12	17
	228	100	320.625000	51.127867	1.100588e+01	2000	1	12	18
	229	100	322.031250	51.127867	1.085269e+01	2000	1	12	19
	229	100	322.031250	51.127867	1.068087e+01	2000	1	12	20
	230	100	323.437500	51.127867	1.050632e+01	2000	1	12	21
	231	100	324.843750	51.127867	1.024647e+01	2000	1	12	22
	231	100	324.843750	51.127867	9.983768e+00	2000	1	12	23
	232	100	326.250000	51.127867	9.739920e+00	2000	1	13	0
start	97	2000	1	9	0
	220	105	309.375000	58.131598	1.125678e+01	2000	1	9	0
	221	104	310.781250	56.730857	1.147148e+01	2000	1	9	1
	221	104	310.781250	56.730857	1.169933e+01	2000	1	9	2
	221	104	310.781250	56.730857	1.185299e+01	2000	1	9	3
	221	104	310.781250	56.730857	1.199996e+01	2000	1	9	4
	222	103	312.187500	55.330112	1.213427e+01	2000	1	9	5
	222	103	312.187500	55.330112	1.230777e+01	2000	1	9	6
	223	104	313.593750	56.730857	1.245011e+01	2000	1	9	7
	224	103	315.000000	55.330112	1.258735e+01	2000	1	9	8
	224	103	315.000000	55.330112	1.274680e+01	2000	1	9	9
	224	103	315.000000	55.330112	1.288040e+01	2000	1	9	10
	224	103	315.000000	55.330112	1.297237e+01	2000	1	9	11
	225	102	316.406250	53.929366	1.315561e+01	2000	1	9	12
	225	102	316.406250	53.929366	1.330730e+01	2000	1	9	13
	226	101	317.812500	52.528617	1.336825e+01	2000	1	9	14
	226	101	317.812500	52.528617	1.358690e+01	2000	1	9	15
	226	101	317.812500	52.528617	1.368456e+01	2000	1	9	16
	227	100	319.218750	51.127867	1.388828e+01	2000	1	9	17
	227	100	319.218750	51.127867	1.400817e+01	2000	1	9	18
	228	100	320.625000	51.127867	1.422372e+01	2000	1	9	19
	229	100	322.031250	51.127867	1.429322e+01	2000	1	9	20
	229	100	322.031250	51.127867	1.450458e+01	2000	1	9	21
	230	99	323.437500	49.727115	1.466640e+01	2000	1	9	22
	230	99	323.437500	49.727115	1.488406e+01	2000	1	9	23
	231	99	324.843750	49.727115	1.493100e+01	2000	1	10	0
	231	99	324.843750	49.727115	1.510581e+01	2000	1	10	1
	232	99	326.250000	49.727115	1.524347e+01	2000	1	10	2
	232	98	326.250000	48.326361	1.532974e+01	2000	1	10	3
	233	99	327.656250	49.727115	1.546671e+01	2000	1	10	4
	234	98	329.062500	48.326361	1.553269e+01	2000	1	10	5
	234	98	329.062500	48.326361	1.575493e+01	2000	1	10	6
	234	98	329.062500	48.326361	1.569332e+01	2000	1	10	7
	235	98	330.468750	48.326361	1.574307e+01	2000	1	10	8
	236	98	331.875000	48.326361	1.586091e+01	2000	1	10	9
	236	98	331.875000	48.326361	1.581274e+01	2000	1	10	10
	237	98	333.281250	48.326361	1.585288e+01	2000	1	10	11
	238	98	334.687500	48.326361	1.570901e+01	2000	1	10	12
	238	98	334.687500	48.326361	1.568749e+01	2000	1	10	13
	239	98	336.093750	48.326361	1.570716e+01	2000	1	10	14
	239	98	336.093750	48.326361	1.558625e+01	2000	1	10	15
	240	98	337.500000	48.326361	1.547939e+01	2000	1	10	16
	241	98	338.906250	48.326361	1.544026e+01	2000	1	10	17
	241	97	338.906250	46.925606	1.535519e+01	2000	1	10	18
	241	97	338.906250	46.925606	1.522985e+01	2000	1	10	19
	242	97	340.312500	46.925606	1.515621e+01	2000	1	10	20
	243	97	341.718750	46.925606	1.519067e+01	2000	1	10	21
	243	97	341.718750	46.925606	1.506429e+01	2000	1	10	22
	244	97	343.125000	46.925606	1.494773e+01	2000	1	10	23
	245	97	344.531250	46.925606	1.475988e+01	2000	1	11	0
	245	97	344.531250	46.925606	1.469283e+01	2000	1	11	1
	246	97	345.937500	46.925606	1.471944e+01	2000	1	11	2
	246	97	345.937500	46.925606	1.444828e+01	2000	1	11	3
	247	97	347.343750	46.925606	1.426742e+01	2000	1	11	4
	248	97	348.750000	46.925606	1.423614e+01	2000	1	11	5
	248	96	348.750000	45.524850	1.416041e+01	2000	1	11	6
	249	97	350.156250	46.925606	1.382093e+01	2000	1	11	7
	250	97	351.562500	46.925606	1.355927e+01	2000	1	11	8
	251	97	352.968750	46.925606	1.343335e+01	2000	1	11	9
	251	97	352.968750	46.925606	1.327266e+01	2000	1	11	10
	251	96	352.968750	45.524850	1.292787e+01	2000	1	11	11
	252	96	354.375000	45.524850	1.261276e+01	2000	1	11	12
	253	97	355.781250	46.925606	1.251597e+01	2000	1	11	13
	253	97	355.781250	46.925606	1.220339e+01	2000	1	11	14
	254	98	357.187500	48.326361	1.213659e+01	2000	1	11	15
	254	99	357.187500	49.727115	1.203467e+01	2000	1	11	16
	254	99	357.187500	49.727115	1.190376e+01	2000	1	11	17
	255	99	358.593750	49.727115	1.186906e+01	2000	1	11	18
	0	99	0.000000	49.727115	1.187234e+01	2000	1	11	19
	0	99	0.000000	49.727115	1.182314e+01	2000	1	11	20
	0	100	0.000000	51.127867	1.166196e+01	2000	1	11	21
	2	99	2.812500	49.727115	1.155493e+01	2000	1	11	22
	2	100	2.812500	51.127867	1.155387e+01	2000	1	11	23
	2	100	2.812500	51.127867	1.152835e+01	2000	1	12	0
	3	100	4.218750	51.127867	1.139082e+01	2000	1	12	1
	3	100	4.218750	51.127867	1.130753e+01	2000	1	12	2
	4	100	5.625000	51.127867	1.132387e+01	2000	1	12	3
	4	100	5.625000	51.127867	1.124079e+01	2000	1	12	4
	5	100	7.031250	51.127867	1.126434e+01	2000	1	12	5
	6	100	8.437500	51.127867	1.126898e+01	2000	1	12	6
	7	100	9.843750	51.127867	1.130499e+01	2000	1	12	7
	7	100	9.843750	51.127867	1.143835e+01	2000	1	12	8
	7	100	9.843750	51.127867	1.133482e+01	2000	1	12	9
	9	100	12.656250	51.127867	1.145478e+01	2000	1	12	10
	9	100	12.656250	51.127867	1.154174e+01	2000	1	12	11
	10	100	14.062500	51.127867	1.141832e+01	2000	1	12	12
	11	100	15.468750	51.127867	1.154249e+01	2000	1	12	13
	11	100	15.468750	51.127867	1.148329e+01	2000	1	12	14
	12	100	16.875000	51.127867	1.133160e+01	2000	1	12	15
	13	100	18.281250	51.127867	1.130438e+01	2000	1	12	16
	14	100	19.687500	51.127867	1.116765e+01	2000	1	12	17
	14	100	19.687500	51.127867	1.100974e+01	2000	1	12	18
	15	100	21.093750	51.127867	1.083853e+01	2000	1	12	19
	16	100	22.500000	51.127867	1.074358e+01	2000	1	12	20
	16	100	22.500000	51.127867	1.045008e+01	2000	1	12	21
	18	100	25.312500	51.127867	1.023086e+01	2000	1	12	22
	18	100	25.312500	51.127867	1.001256e+01	2000	1	12	23
	18	100	25.312500	51.127867	9.699657e+00	2000	1	13	0
start	64	2000	1	10	8
	127	116	178.593750	73.539389	3.233432e+00	2000	1	10	8
	129	116	181.406250	73.539389	4.050196e+00	2000	1	10	9
	132	116	185.625000	73.539389	6.135633e+00	2000	1	10	10
	129	116	181.406250	73.539389	5.588712e+00	2000	1	10	11
	122	117	171.562500	74.940023	5.643962e+00	2000	1	10	12
	121	117	170.156250	74.940023	5.624447e+00	2000	1	10	13
	121	117	170.156250	74.940023	5.764647e+00	2000	1	10	14
	121	117	170.156250	74.940023	5.680737e+00	2000	1	10	15
	130	116	182.812500	73.539389	5.245591e+00	2000	1	10	16
	130	116	182.812500	73.539389	5.127788e+00	2000	1	10	17
	130	116	182.812500	73.539389	5.067756e+00	2000	1	10	18
	129	116	181.406250	73.539389	5.021939e+00	2000	1	10	19
	131	116	184.218750	73.539389	4.987611e+00	2000	1	10	20
	122	117	171.562500	74.940023	6.117597e+00	2000	1	10	22
	122	117	171.562500	74.940023	6.246115e+00	2000	1	10	23
	124	117	174.375000	74.940023	6.493770e+00	2000	1	11	0
	121	117	170.156250	74.940023	6.498350e+00	2000	1	11	1
	123	117	172.968750	74.940023	6.687663e+00	2000	1	11	2
	124	117	174.375000	74.940023	6.788541e+00	2000	1	11	3
	125	117	175.781250	74.940023	6.898007e+00	2000	1	11	4
	124	117	174.375000	74.940023	7.009305e+00	2000	1	11	5
	124	117	174.375000	74.940023	7.126849e+00	2000	1	11	6
	124	117	174.375000	74.940023	7.195498e+00	2000	1	11	7
	124	117	174.375000	74.940023	7.176433e+00	2000	1	11	8
	124	117	174.375000	74.940023	7.053770e+00	2000	1	11	9
	127	117	178.593750	74.940023	6.572691e+00	2000	1	11	10
	128	117	180.000000	74.940023	6.498024e+00	2000	1	11	11
	128	117	180.000000	74.940023	6.265496e+00	2000	1	11	12
	128	117	180.000000	74.940023	5.631249e+00	2000	1	11	13
	132	117	185.625000	74.940023	5.753664e+00	2000	1	11	14
	132	117	185.625000	74.940023	5.599968e+00	2000	1	11	15
	132	117	185.625000	74.940023	5.318195e+00	2000	1	11	16
	135	117	189.843750	74.940023	5.254895e+00	2000	1	11	17
	133	117	187.031250	74.940023	5.273160e+00	2000	1	11	18
	136	117	191.250000	74.940023	5.380577e+00	2000	1	11	19
	135	117	189.843750	74.940023	5.445196e+00	2000	1	11	20
	136	117	191.250000	74.940023	5.747070e+00	2000	1	11	21
	137	117	192.656250	74.940023	5.681389e+00	2000	1	11	22
	139	117	195.468750	74.940023	6.029677e+00	2000	1	11	23
	139	117	195.468750	74.940023	5.867801e+00	2000	1	12	0
	140	117	196.875000	74.940023	5.638059e+00	2000	1	12	1
	140	117	196.875000	74.940023	5.796589e+00	2000	1	12	2
	142	117	199.687500	74.940023	5.491529e+00	2000	1	12	3
	142	117	199.687500	74.940023	5.519727e+00	2000	1	12	4
	143	117	201.093750	74.940023	5.493480e+00	2000	1	12	5
	144	117	202.500000	74.940023	5.570381e+00	2000	1	12	6
	143	117	201.093750	74.940023	5.608308e+00	2000	1	12	7
	143	117	201.093750	74.940023	5.766968e+00	2000	1	12	8
	143	117	201.093750	74.940023	5.879478e+00	2000	1	12	9
	143	117	201.093750	74.940023	5.839742e+00	2000	1	12	10
	144	117	202.500000	74.940023	5.582951e+00	2000	1	12	11
	143	117	201.093750	74.940023	5.506887e+00	2000	1	12	12
	144	117	202.500000	74.940023	5.164370e+00	2000	1	12	13
	143	117	201.093750	74.940023	4.751323e+00	2000	1	12	14
	144	117	202.500000	74.940023	4.433204e+00	2000	1	12	15
	144	117	202.500000	74.940023	4.151459e+00	2000	1	12	16
	145	117	203.906250	74.940023	3.888467e+00	2000	1	12	17
	151	114	212.343750	70.738059	3.625950e+00	2000	1	12	18
	153	114	215.156250	70.738059	3.549781e+00	2000	1	12	19
	153	114	215.156250	70.738059	3.539002e+00	2000	1	12	20
	152	114	213.750000	70.738059	3.455505e+00	2000	1	12	21
	154	114	216.562500	70.738059	3.449249e+00	2000	1	12	22
	154	114	216.562500	70.738059	3.372838e+00	2000	1	12	23
	155	114	217.968750	70.738059	3.370003e+00	2000	1	13	0
start	62	2000	1	10	8
	255	116	358.593750	73.539389	3.233432e+00	2000	1	10	8
	1	116	1.406250	73.539389	4.050196e+00	2000	1	10	9
	4	116	5.625000	73.539389	6.135633e+00	2000	1	10	10
	1	116	1.406250	73.539389	5.588712e+00	2000	1	10	11
	250	117	351.562500	74.940023	5.643711e+00	2000	1	10	12
	249	117	350.156250	74.940023	5.624447e+00	2000	1	10	13
	249	117	350.156250	74.940023	5.764647e+00	2000	1	10	14
	249	117	350.156250	74.940023	5.680737e+00	2000	1	10	15
	253	117	355.781250	74.940023	5.253045e+00	2000	1	10	16
	2	116	2.812500	73.539389	5.127788e+00	2000	1	10	17
	2	116	2.812500	73.539389	5.067756e+00	2000	1	10	18
	1	116	1.406250	73.539389	5.021939e+00	2000	1	10	19
	3	116	4.218750	73.539389	4.987611e+00	2000	1	10	20
	250	117	351.562500	74.940023	6.117597e+00	2000	1	10	22
	250	117	351.562500	74.940023	6.246115e+00	2000	1	10	23
	252	117	354.375000	74.940023	6.493770e+00	2000	1	11	0
	251	117	352.968750	74.940023	6.738605e+00	2000	1	11	1
	251	117	352.968750	74.940023	6.687663e+00	2000	1	11	2
	252	117	354.375000	74.940023	6.788541e+00	2000	1	11	3
	253	117	355.781250	74.940023	6.898007e+00	2000	1	11	4
	252	117	354.375000	74.940023	7.009305e+00	2000	1	11	5
	252	117	354.375000	74.940023	7.126849e+00	2000	1	11	6
	252	117	354.375000	74.940023	7.195498e+00	2000	1	11	7
	252	117	354.375000	74.940023	7.184630e+00	2000	1	11	8
	252	117	354.375000	74.940023	7.053770e+00	2000	1	11	9
	253	117	355.781250	74.940023	6.657567e+00	2000	1	11	10
	0	117	0.000000	74.940023	6.500545e+00	2000	1	11	11
	0	117	0.000000	74.940023	6.265496e+00	2000	1	11	12
	0	117	0.000000	74.940023	5.631249e+00	2000	1	11	13
	4	117	5.625000	74.940023	5.753664e+00	2000	1	11	14
	4	117	5.625000	74.940023	5.555628e+00	2000	1	11	15
	4	117	5.625000	74.940023	5.318195e+00	2000	1	11	16
	5	117	7.031250	74.940023	5.278193e+00	2000	1	11	17
	5	117	7.031250	74.940023	5.285661e+00	2000	1	11	18
	8	117	11.250000	74.940023	5.380577e+00	2000	1	11	19
	7	117	9.843750	74.940023	5.445196e+00	2000	1	11	20
	8	117	11.250000	74.940023	5.755657e+00	2000	1	11	21
	9	117	12.656250	74.940023	5.772886e+00	2000	1	11	22
	11	117	15.468750	74.940023	5.960664e+00	2000	1	11	23
	11	117	15.468750	74.940023	5.871536e+00	2000	1	12	0
	12	117	16.875000	74.940023	5.642918e+00	2000	1	12	1
	12	117	16.875000	74.940023	5.803624e+00	2000	1	12	2
	13	117	18.281250	74.940023	5.592810e+00	2000	1	12	3
	14	117	19.687500	74.940023	5.527926e+00	2000	1	12	4
	15	117	21.093750	74.940023	5.599551e+00	2000	1	12	5
	16	117	22.500000	74.940023	5.580852e+00	2000	1	12	6
	15	117	21.093750	74.940023	5.619260e+00	2000	1	12	7
	15	117	21.093750	74.940023	5.835984e+00	2000	1	12	8
	15	117	21.093750	74.940023	5.890501e+00	2000	1	12	9
	16	117	22.500000	74.940023	5.904818e+00	2000	1	12	10
	16	117	22.500000	74.940023	5.582951e+00	2000	1	12	11
	15	117	21.093750	74.940023	5.506887e+00	2000	1	12	12
	16	117	22.500000	74.940023	5.172222e+00	2000	1	12	13
	15	117	21.093750	74.940023	4.751323e+00	2000	1	12	14
	16	117	22.500000	74.940023	4.431575e+00	2000	1	12	15
	16	117	22.500000	74.940023	4.150578e+00	2000	1	12	16
	16	117	22.500000	74.940023	3.888305e+00	2000	1	12	17
	18	117	25.312500	74.940023	3.648741e+00	2000	1	12	18
	24	114	33.750000	70.738059	3.446081e+00	2000	1	12	21
	26	114	36.562500	70.738059	3.439903e+00	2000	1	12	22
	26	114	36.562500	70.738059	3.372838e+00	2000	1	12	23
	27	114	37.968750	70.738059	3.370003e+00	2000	1	13	0
start	63	2000	1	10	9
	87	116	122.343750	73.539389	4.440942e+00	2000	1	10	9
	88	116	123.750000	73.539389	5.741655e+00	2000	1	10	10
	85	116	119.531250	73.539389	5.270098e+00	2000	1	10	11
	87	116	122.343750	73.539389	5.681240e+00	2000	1	10	12
	77	117	108.281250	74.940023	5.650982e+00	2000	1	10	13
	79	117	111.093750	74.940023	5.732067e+00	2000	1	10	14
	80	117	112.500000	74.940023	5.670619e+00	2000	1	10	15
	81	117	113.906250	74.940023	5.536674e+00	2000	1	10	16
	80	117	112.500000	74.940023	5.662334e+00	2000	1	10	17
	88	116	123.750000	73.539389	5.183854e+00	2000	1	10	18
	88	116	123.750000	73.539389	5.127515e+00	2000	1	10	19
	79	117	111.093750	74.940023	6.050046e+00	2000	1	10	21
	80	117	112.500000	74.940023	6.193621e+00	2000	1	10	22
	79	117	111.093750	74.940023	6.312888e+00	2000	1	10	23
	80	117	112.500000	74.940023	6.350204e+00	2000	1	11	0
	79	117	111.093750	74.940023	6.510545e+00	2000	1	11	1
	79	117	111.093750	74.940023	6.665222e+00	2000	1	11	2
	80	117	112.500000	74.940023	6.758972e+00	2000	1	11	3
	81	117	113.906250	74.940023	6.918867e+00	2000	1	11	4
	81	117	113.906250	74.940023	6.996684e+00	2000	1	11	5
	81	117	113.906250	74.940023	7.101560e+00	2000	1	11	6
	83	117	116.718750	74.940023	7.142314e+00	2000	1	11	7
	83	117	116.718750	74.940023	7.156587e+00	2000	1	11	8
	83	117	116.718750	74.940023	7.048848e+00	2000	1	11	9
	83	117	116.718750	74.940023	6.852884e+00	2000	1	11	10
	84	117	118.125000	74.940023	6.416322e+00	2000	1	11	11
	87	117	122.343750	74.940023	6.114232e+00	2000	1	11	12
	88	117	123.750000	74.940023	5.629116e+00	2000	1	11	13
	88	117	123.750000	74.940023	5.613992e+00	2000	1	11	14
	90	117	126.562500	74.940023	5.570084e+00	2000	1	11	15
	91	117	127.968750	74.940023	5.286878e+00	2000	1	11	16
	92	117	129.375000	74.940023	5.275027e+00	2000	1	11	17
	92	117	129.375000	74.940023	5.301420e+00	2000	1	11	18
	93	117	130.781250	74.940023	5.260324e+00	2000	1	11	19
	94	117	132.187500	74.940023	5.464869e+00	2000	1	11	20
	93	117	130.781250	74.940023	5.589100e+00	2000	1	11	21
	94	117	132.187500	74.940023	5.780287e+00	2000	1	11	22
	96	117	135.000000	74.940023	5.679677e+00	2000	1	11	23
	96	117	135.000000	74.940023	6.011367e+00	2000	1	12	0
	97	117	136.406250	74.940023	5.718224e+00	2000	1	12	1
	98	117	137.812500	74.940023	5.630206e+00	2000	1	12	2
	98	117	137.812500	74.940023	5.275446e+00	2000	1	12	3
	99	117	139.218750	74.940023	5.242514e+00	2000	1	12	4
	99	117	139.218750	74.940023	5.582610e+00	2000	1	12	5
	100	117	140.625000	74.940023	5.526795e+00	2000	1	12	6
	100	117	140.625000	74.940023	5.914151e+00	2000	1	12	7
	100	117	140.625000	74.940023	5.727235e+00	2000	1	12	8
	100	117	140.625000	74.940023	5.857193e+00	2000	1	12	9
	100	117	140.625000	74.940023	5.861742e+00	2000	1	12	10
	101	117	142.031250	74.940023	5.545112e+00	2000	1	12	11
	100	117	140.625000	74.940023	5.367865e+00	2000	1	12	12
	101	117	142.031250	74.940023	5.036137e+00	2000	1	12	13
	100	117	140.625000	74.940023	4.610868e+00	2000	1	12	14
	101	117	142.031250	74.940023	4.332087e+00	2000	1	12	15
	102	117	143.437500	74.940023	3.994205e+00	2000	1	12	16
	100	117	140.625000	74.940023	3.794069e+00	2000	1	12	17
	103	117	144.843750	74.940023	3.601001e+00	2000	1	12	18
	109	114	153.281250	70.738059	3.580389e+00	2000	1	12	19
	109	114	153.281250	70.738059	3.526886e+00	2000	1	12	20
	110	114	154.687500	70.738059	3.452906e+00	2000	1	12	21
	112	114	157.500000	70.738059	3.436309e+00	2000	1	12	22
	112	114	157.500000	70.738059	3.405772e+00	2000	1	12	23
	112	114	157.500000	70.738059	3.321037e+00	2000	1	13	0
start	56	2000	1	10	9
	215	116	302.343750	73.539389	4.440942e+00	2000	1	10	9
	216	116	303.750000	73.539389	5.741655e+00	2000	1	10	10
	213	116	299.531250	73.539389	5.270098e+00	2000	1	10	11
	215	116	302.343750	73.539389	5.681240e+00	2000	1	10	12
	205	117	288.281250	74.940023	5.650982e+00	2000	1	10	13
	207	117	291.093750	74.940023	5.732067e+00	2000	1	10	14
	208	117	292.500000	74.940023	5.670619e+00	2000	1	10	15
	209	117	293.906250	74.940023	5.537615e+00	2000	1	10	16
	208	117	292.500000	74.940023	5.662334e+00	2000	1	10	17
	216	116	303.750000	73.539389	5.183854e+00	2000	1	10	18
	216	116	303.750000	73.539389	5.127515e+00	2000	1	10	19
	207	117	291.093750	74.940023	6.050046e+00	2000	1	10	21
	208	117	292.500000	74.940023	6.193621e+00	2000	1	10	22
	207	117	291.093750	74.940023	6.312888e+00	2000	1	10	23
	208	117	292.500000	74.940023	6.350204e+00	2000	1	11	0
	207	117	291.093750	74.940023	6.511023e+00	2000	1	11	1
	207	117	291.093750	74.940023	6.623539e+00	2000	1	11	2
	208	117	292.500000	74.940023	6.758972e+00	2000	1	11	3
	209	117	293.906250	74.940023	6.918867e+00	2000	1	11	4
	209	117	293.906250	74.940023	6.996684e+00	2000	1	11	5
	209	117	293.906250	74.940023	7.101560e+00	2000	1	11	6
	211	117	296.718750	74.940023	7.142314e+00	2000	1	11	7
	211	117	296.718750	74.940023	7.156587e+00	2000	1	11	8
	211	117	296.718750	74.940023	7.048848e+00	2000	1	11	9
	211	117	296.718750	74.940023	6.852594e+00	2000	1	11	10
	212	117	298.125000	74.940023	6.416322e+00	2000	1	11	11
	215	117	302.343750	74.940023	6.114232e+00	2000	1	11	12
	216	117	303.750000	74.940023	5.629116e+00	2000	1	11	13
	216	117	303.750000	74.940023	5.613992e+00	2000	1	11	14
	218	117	306.562500	74.940023	5.570084e+00	2000	1	11	15
	219	117	307.968750	74.940023	5.286878e+00	2000	1	11	16
	220	117	309.375000	74.940023	5.262901e+00	2000	1	11	17
	220	117	309.375000	74.940023	5.288481e+00	2000	1	11	18
	221	117	310.781250	74.940023	5.260324e+00	2000	1	11	19
	220	117	309.375000	74.940023	5.445196e+00	2000	1	11	20
	221	117	310.781250	74.940023	5.607247e+00	2000	1	11	21
	222	117	312.187500	74.940023	5.780287e+00	2000	1	11	22
	224	117	315.000000	74.940023	5.971513e+00	2000	1	11	23
	224	117	315.000000	74.940023	6.008168e+00	2000	1	12	0
	224	117	315.000000	74.940023	5.966795e+00	2000	1	12	1
	225	117	316.406250	74.940023	5.759185e+00	2000	1	12	2
	226	117	317.812500	74.940023	5.608730e+00	2000	1	12	3
	227	117	319.218750	74.940023	5.543896e+00	2000	1	12	4
	227	117	319.218750	74.940023	5.655253e+00	2000	1	12	5
	228	117	320.625000	74.940023	5.516858e+00	2000	1	12	6
	229	117	322.031250	74.940023	5.574965e+00	2000	1	12	7
	229	117	322.031250	74.940023	5.766968e+00	2000	1	12	8
	228	117	320.625000	74.940023	5.845929e+00	2000	1	12	9
	228	117	320.625000	74.940023	5.782696e+00	2000	1	12	10
	230	117	323.437500	74.940023	5.545934e+00	2000	1	12	11
	228	117	320.625000	74.940023	5.355471e+00	2000	1	12	12
	229	117	322.031250	74.940023	5.034687e+00	2000	1	12	13
	228	117	320.625000	74.940023	4.598005e+00	2000	1	12	14
	228	117	320.625000	74.940023	4.354548e+00	2000	1	12	15
	229	117	322.031250	74.940023	4.039470e+00	2000	1	12	16
	230	117	323.437500	74.940023	3.816954e+00	2000	1	12	17
start	56	2000	1	10	10
	47	116	66.093750	73.539389	6.124130e+00	2000	1	10	10
	43	116	60.468750	73.539389	5.445604e+00	2000	1	10	11
	34	117	47.812500	74.940023	5.648455e+00	2000	1	10	12
	36	117	50.625000	74.940023	5.683524e+00	2000	1	10	13
	36	117	50.625000	74.940023	5.656163e+00	2000	1	10	14
	36	117	50.625000	74.940023	5.607954e+00	2000	1	10	15
	37	117	52.031250	74.940023	5.712083e+00	2000	1	10	16
	37	117	52.031250	74.940023	5.691262e+00	2000	1	10	17
	45	116	63.281250	73.539389	5.123594e+00	2000	1	10	18
	37	117	52.031250	74.940023	5.751084e+00	2000	1	10	19
	46	116	64.687500	73.539389	4.999324e+00	2000	1	10	20
	36	117	50.625000	74.940023	6.193913e+00	2000	1	10	22
	38	117	53.437500	74.940023	6.376575e+00	2000	1	10	23
	36	117	50.625000	74.940023	6.497135e+00	2000	1	11	0
	36	117	50.625000	74.940023	6.509876e+00	2000	1	11	1
	38	117	53.437500	74.940023	6.762139e+00	2000	1	11	2
	40	117	56.250000	74.940023	6.847375e+00	2000	1	11	3
	39	117	54.843750	74.940023	6.944100e+00	2000	1	11	4
	38	117	53.437500	74.940023	6.996684e+00	2000	1	11	5
	38	117	53.437500	74.940023	7.101752e+00	2000	1	11	6
	39	117	54.843750	74.940023	7.153515e+00	2000	1	11	7
	39	117	54.843750	74.940023	7.176433e+00	2000	1	11	8
	39	117	54.843750	74.940023	7.067175e+00	2000	1	11	9
	40	117	56.250000	74.940023	6.840782e+00	2000	1	11	10
	43	117	60.468750	74.940023	5.918928e+00	2000	1	11	11
	44	117	61.875000	74.940023	6.106640e+00	2000	1	11	12
	45	117	63.281250	74.940023	5.644334e+00	2000	1	11	13
	46	117	64.687500	74.940023	5.604036e+00	2000	1	11	14
	47	117	66.093750	74.940023	5.559855e+00	2000	1	11	15
	48	117	67.500000	74.940023	5.204976e+00	2000	1	11	16
	48	117	67.500000	74.940023	5.278193e+00	2000	1	11	17
	48	117	67.500000	74.940023	5.388466e+00	2000	1	11	18
	51	117	71.718750	74.940023	5.218700e+00	2000	1	11	19
	49	117	68.906250	74.940023	5.334489e+00	2000	1	11	20
	50	117	70.312500	74.940023	5.538889e+00	2000	1	11	21
	53	117	74.531250	74.940023	5.829154e+00	2000	1	11	22
	52	117	73.125000	74.940023	6.064703e+00	2000	1	11	23
	55	117	77.343750	74.940023	5.813702e+00	2000	1	12	0
	55	117	77.343750	74.940023	5.905982e+00	2000	1	12	1
	56	117	78.750000	74.940023	5.847219e+00	2000	1	12	2
	56	117	78.750000	74.940023	5.489003e+00	2000	1	12	3
	56	117	78.750000	74.940023	5.589834e+00	2000	1	12	4
	56	117	78.750000	74.940023	5.499911e+00	2000	1	12	5
	56	117	78.750000	74.940023	5.566904e+00	2000	1	12	6
	57	117	80.156250	74.940023	5.598707e+00	2000	1	12	7
	58	117	81.562500	74.940023	5.653243e+00	2000	1	12	8
	57	117	80.156250	74.940023	5.745123e+00	2000	1	12	9
	57	117	80.156250	74.940023	5.749204e+00	2000	1	12	10
	59	117	82.968750	74.940023	5.491865e+00	2000	1	12	11
	57	117	80.156250	74.940023	5.240170e+00	2000	1	12	12
	59	117	82.968750	74.940023	4.992275e+00	2000	1	12	13
	60	117	84.375000	74.940023	4.621627e+00	2000	1	12	14
	59	117	82.968750	74.940023	4.253287e+00	2000	1	12	15
	59	117	82.968750	74.940023	4.078820e+00	2000	1	12	16
	60	117	84.375000	74.940023	3.847380e+00	2000	1	12	17
	60	117	84.375000	74.940023	3.741378e+00	2000	1	12	18
start	56	2000	1	10	10
	175	116	246.093750	73.539389	6.124130e+00	2000	1	10	10
	171	116	240.468750	73.539389	5.445604e+00	2000	1	10	11
	162	117	227.812500	74.940023	5.648455e+00	2000	1	10	12
	164	117	230.625000	74.940023	5.683524e+00	2000	1	10	13
	164	117	230.625000	74.940023	5.656163e+00	2000	1	10	14
	166	117	233.437500	74.940023	5.676878e+00	2000	1	10	15
	165	117	232.031250	74.940023	5.712083e+00	2000	1	10	16
	165	117	232.031250	74.940023	5.691262e+00	2000	1	10	17
	173	116	243.281250	73.539389	5.123594e+00	2000	1	10	18
	165	117	232.031250	74.940023	5.751084e+00	2000	1	10	19
	174	116	244.687500	73.539389	4.999324e+00	2000	1	10	20
	164	117	230.625000	74.940023	6.193913e+00	2000	1	10	22
	166	117	233.437500	74.940023	6.376575e+00	2000	1	10	23
	165	117	232.031250	74.940023	6.418474e+00	2000	1	11	0
	164	117	230.625000	74.940023	6.509876e+00	2000	1	11	1
	166	117	233.437500	74.940023	6.762139e+00	2000	1	11	2
	168	117	236.250000	74.940023	6.847375e+00	2000	1	11	3
	167	117	234.843750	74.940023	6.944100e+00	2000	1	11	4
	166	117	233.437500	74.940023	6.996684e+00	2000	1	11	5
	166	117	233.437500	74.940023	7.101752e+00	2000	1	11	6
	167	117	234.843750	74.940023	7.153515e+00	2000	1	11	7
	167	117	234.843750	74.940023	7.176433e+00	2000	1	11	8
	167	117	234.843750	74.940023	7.067749e+00	2000	1	11	9
	168	117	236.250000	74.940023	6.842042e+00	2000	1	11	10
	170	117	239.062500	74.940023	6.329308e+00	2000	1	11	11
	172	117	241.875000	74.940023	6.106640e+00	2000	1	11	12
	173	117	243.281250	74.940023	5.654758e+00	2000	1	11	13
	174	117	244.687500	74.940023	5.708031e+00	2000	1	11	14
	175	117	246.093750	74.940023	5.570084e+00	2000	1	11	15
	174	117	244.687500	74.940023	5.171694e+00	2000	1	11	16
	176	117	247.500000	74.940023	5.390195e+00	2000	1	11	17
	176	117	247.500000	74.940023	5.400261e+00	2000	1	11	18
	178	117	250.312500	74.940023	5.256496e+00	2000	1	11	19
	179	117	251.718750	74.940023	5.454508e+00	2000	1	11	20
	181	117	254.531250	74.940023	5.674030e+00	2000	1	11	21
	181	117	254.531250	74.940023	5.838202e+00	2000	1	11	22
	180	117	253.125000	74.940023	6.070244e+00	2000	1	11	23
	180	117	253.125000	74.940023	5.897570e+00	2000	1	12	0
	181	117	254.531250	74.940023	5.680139e+00	2000	1	12	1
	184	117	258.750000	74.940023	5.799749e+00	2000	1	12	2
	185	117	260.156250	74.940023	5.463953e+00	2000	1	12	3
	183	117	257.343750	74.940023	5.328533e+00	2000	1	12	4
	184	117	258.750000	74.940023	5.634093e+00	2000	1	12	5
	184	117	258.750000	74.940023	5.578337e+00	2000	1	12	6
	186	117	261.562500	74.940023	5.602802e+00	2000	1	12	7
	186	117	261.562500	74.940023	5.665258e+00	2000	1	12	8
	185	117	260.156250	74.940023	5.821073e+00	2000	1	12	9
	186	117	261.562500	74.940023	5.833197e+00	2000	1	12	10
	185	117	260.156250	74.940023	5.562218e+00	2000	1	12	11
	185	117	260.156250	74.940023	5.240170e+00	2000	1	12	12
	187	117	262.968750	74.940023	4.999471e+00	2000	1	12	13
	188	117	264.375000	74.940023	4.630620e+00	2000	1	12	14
	187	117	262.968750	74.940023	4.256855e+00	2000	1	12	15
	187	117	262.968750	74.940023	4.085653e+00	2000	1	12	16
	188	117	264.375000	74.940023	3.862467e+00	2000	1	12	17
	188	117	264.375000	74.940023	3.740725e+00	2000	1	12	18
