start	49	2000	1	7	3
	66	99	92.812500	49.727115	-1.554432e-01	2000	1	7	3
	66	98	92.812500	48.326361	-1.670780e-01	2000	1	7	5
	67	98	94.218750	48.326361	-1.825471e-01	2000	1	7	7
	68	98	95.625000	48.326361	-1.884193e-01	2000	1	7	8
	68	97	95.625000	46.925606	-1.953397e-01	2000	1	7	9
	69	97	97.031250	46.925606	-2.052765e-01	2000	1	7	10
	70	96	98.437500	45.524850	-2.160163e-01	2000	1	7	13
	71	99	99.843750	49.727115	-2.296052e-01	2000	1	7	15
	73	99	102.656250	49.727115	-2.448092e-01	2000	1	7	17
	74	98	104.062500	48.326361	-2.614880e-01	2000	1	7	19
	75	99	105.468750	49.727115	-2.695866e-01	2000	1	7	20
	76	98	106.875000	48.326361	-2.762027e-01	2000	1	7	21
	76	98	106.875000	48.326361	-2.757907e-01	2000	1	7	22
	76	97	106.875000	46.925606	-2.851748e-01	2000	1	7	23
	76	97	106.875000	46.925606	-2.920165e-01	2000	1	8	0
	78	100	109.687500	51.127867	-2.986360e-01	2000	1	8	1
	80	100	112.500000	51.127867	-3.220592e-01	2000	1	8	4
	82	97	115.312500	46.925606	-3.471775e-01	2000	1	8	7
	83	96	116.718750	45.524850	-3.694568e-01	2000	1	8	10
	85	97	119.531250	46.925606	-3.738775e-01	2000	1	8	11
	85	96	119.531250	45.524850	-3.851976e-01	2000	1	8	12
	86	96	120.937500	45.524850	-3.935027e-01	2000	1	8	13
	87	97	122.343750	46.925606	-4.008923e-01	2000	1	8	14
	86	95	120.937500	44.124093	-4.137154e-01	2000	1	8	15
	88	96	123.750000	45.524850	-4.276485e-01	2000	1	8	16
	89	97	125.156250	46.925606	-4.400544e-01	2000	1	8	17
	91	98	127.968750	48.326361	-4.503474e-01	2000	1	8	18
	91	98	127.968750	48.326361	-4.549718e-01	2000	1	8	19
	90	97	126.562500	46.925606	-4.656630e-01	2000	1	8	20
	92	97	129.375000	46.925606	-4.755044e-01	2000	1	8	21
	92	97	129.375000	46.925606	-4.854093e-01	2000	1	8	22
	94	98	132.187500	48.326361	-4.932337e-01	2000	1	8	23
	95	99	133.593750	49.727115	-4.996057e-01	2000	1	9	0
	93	96	130.781250	45.524850	-5.069895e-01	2000	1	9	1
	96	98	135.000000	48.326361	-5.180597e-01	2000	1	9	2
	99	100	139.218750	51.127867	-5.223622e-01	2000	1	9	3
	98	99	137.812500	49.727115	-5.245113e-01	2000	1	9	4
	97	98	136.406250	48.326361	-5.340176e-01	2000	1	9	5
	99	99	139.218750	49.727115	-5.424852e-01	2000	1	9	6
	101	99	142.031250	49.727115	-5.385609e-01	2000	1	9	7
	100	98	140.625000	48.326361	-5.447969e-01	2000	1	9	8
	100	98	140.625000	48.326361	-5.501046e-01	2000	1	9	9
	99	96	139.218750	45.524850	-5.455523e-01	2000	1	9	10
	103	98	144.843750	48.326361	-5.574894e-01	2000	1	9	12
	103	97	144.843750	46.925606	-5.526299e-01	2000	1	9	13
	103	97	144.843750	46.925606	-5.479841e-01	2000	1	9	14
	103	97	144.843750	46.925606	-5.450478e-01	2000	1	9	15
	103	96	144.843750	45.524850	-5.404940e-01	2000	1	9	16
	105	97	147.656250	46.925606	-5.339584e-01	2000	1	9	17
start	49	2000	1	7	3
	194	99	272.812500	49.727115	-1.554432e-01	2000	1	7	3
	194	98	272.812500	48.326361	-1.670780e-01	2000	1	7	5
	195	98	274.218750	48.326361	-1.825471e-01	2000	1	7	7
	196	98	275.625000	48.326361	-1.884193e-01	2000	1	7	8
	196	97	275.625000	46.925606	-1.953397e-01	2000	1	7	9
	197	97	277.031250	46.925606	-2.052765e-01	2000	1	7	10
	198	96	278.437500	45.524850	-2.160230e-01	2000	1	7	13
	199	99	279.843750	49.727115	-2.296052e-01	2000	1	7	15
	201	99	282.656250	49.727115	-2.448092e-01	2000	1	7	17
	202	98	284.062500	48.326361	-2.614880e-01	2000	1	7	19
	203	99	285.468750	49.727115	-2.695866e-01	2000	1	7	20
	204	98	286.875000	48.326361	-2.762027e-01	2000	1	7	21
	204	98	286.875000	48.326361	-2.757907e-01	2000	1	7	22
	204	97	286.875000	46.925606	-2.851748e-01	2000	1	7	23
	204	97	286.875000	46.925606	-2.920165e-01	2000	1	8	0
	206	100	289.687500	51.127867	-2.986360e-01	2000	1	8	1
	208	100	292.500000	51.127867	-3.220592e-01	2000	1	8	4
	210	97	295.312500	46.925606	-3.471775e-01	2000	1	8	7
	211	96	296.718750	45.524850	-3.694568e-01	2000	1	8	10
	213	97	299.531250	46.925606	-3.738775e-01	2000	1	8	11
	213	96	299.531250	45.524850	-3.851976e-01	2000	1	8	12
	214	96	300.937500	45.524850	-3.935027e-01	2000	1	8	13
	215	97	302.343750	46.925606	-4.008923e-01	2000	1	8	14
	214	95	300.937500	44.124093	-4.137154e-01	2000	1	8	15
	216	96	303.750000	45.524850	-4.276485e-01	2000	1	8	16
	217	97	305.156250	46.925606	-4.400544e-01	2000	1	8	17
	219	98	307.968750	48.326361	-4.503474e-01	2000	1	8	18
	219	98	307.968750	48.326361	-4.549718e-01	2000	1	8	19
	218	97	306.562500	46.925606	-4.656630e-01	2000	1	8	20
	220	97	309.375000	46.925606	-4.755044e-01	2000	1	8	21
	220	97	309.375000	46.925606	-4.854093e-01	2000	1	8	22
	222	98	312.187500	48.326361	-4.932337e-01	2000	1	8	23
	223	99	313.593750	49.727115	-4.996057e-01	2000	1	9	0
	221	96	310.781250	45.524850	-5.069895e-01	2000	1	9	1
	224	98	315.000000	48.326361	-5.180597e-01	2000	1	9	2
	227	100	319.218750	51.127867	-5.223622e-01	2000	1	9	3
	226	99	317.812500	49.727115	-5.245113e-01	2000	1	9	4
	225	98	316.406250	48.326361	-5.340176e-01	2000	1	9	5
	227	99	319.218750	49.727115	-5.424852e-01	2000	1	9	6
	229	99	322.031250	49.727115	-5.385609e-01	2000	1	9	7
	228	98	320.625000	48.326361	-5.447969e-01	2000	1	9	8
	228	98	320.625000	48.326361	-5.501046e-01	2000	1	9	9
	227	96	319.218750	45.524850	-5.455523e-01	2000	1	9	10
	231	98	324.843750	48.326361	-5.574894e-01	2000	1	9	12
	231	97	324.843750	46.925606	-5.526299e-01	2000	1	9	13
	231	97	324.843750	46.925606	-5.479841e-01	2000	1	9	14
	231	97	324.843750	46.925606	-5.450478e-01	2000	1	9	15
	231	96	324.843750	45.524850	-5.404940e-01	2000	1	9	16
	233	97	327.656250	46.925606	-5.339584e-01	2000	1	9	17
start	44	2000	1	7	6
	110	100	154.687500	51.127867	-1.737113e-01	2000	1	7	6
	110	98	154.687500	48.326361	-1.791873e-01	2000	1	7	7
	112	98	157.500000	48.326361	-2.004223e-01	2000	1	7	10
	111	96	156.093750	45.524850	-2.154164e-01	2000	1	7	12
	113	98	158.906250	48.326361	-2.238765e-01	2000	1	7	14
	114	99	160.312500	49.727115	-2.302418e-01	2000	1	7	15
	116	99	163.125000	49.727115	-2.448034e-01	2000	1	7	17
	116	98	163.125000	48.326361	-2.526340e-01	2000	1	7	18
	117	99	164.531250	49.727115	-2.578602e-01	2000	1	7	19
	117	97	164.531250	46.925606	-2.677531e-01	2000	1	7	20
	117	97	164.531250	46.925606	-2.748427e-01	2000	1	7	21
	119	98	167.343750	48.326361	-2.875013e-01	2000	1	7	23
	120	97	168.750000	46.925606	-2.944255e-01	2000	1	8	0
	122	100	171.562500	51.127867	-3.180213e-01	2000	1	8	3
	124	98	174.375000	48.326361	-3.476439e-01	2000	1	8	7
	126	97	177.187500	46.925606	-3.568559e-01	2000	1	8	9
	128	97	180.000000	46.925606	-3.784118e-01	2000	1	8	11
	128	96	180.000000	45.524850	-3.852572e-01	2000	1	8	12
	129	96	181.406250	45.524850	-3.941822e-01	2000	1	8	13
	128	95	180.000000	44.124093	-4.072847e-01	2000	1	8	14
	130	97	182.812500	46.925606	-4.153948e-01	2000	1	8	15
	130	96	182.812500	45.524850	-4.226861e-01	2000	1	8	16
	131	97	184.218750	46.925606	-4.349241e-01	2000	1	8	17
	133	97	187.031250	46.925606	-4.481058e-01	2000	1	8	18
	133	97	187.031250	46.925606	-4.575195e-01	2000	1	8	19
	135	98	189.843750	48.326361	-4.669123e-01	2000	1	8	20
	135	98	189.843750	48.326361	-4.746423e-01	2000	1	8	21
	136	98	191.250000	48.326361	-4.875369e-01	2000	1	8	22
	139	99	195.468750	49.727115	-4.956703e-01	2000	1	9	0
	140	100	196.875000	51.127867	-5.042033e-01	2000	1	9	1
	140	99	196.875000	49.727115	-5.212302e-01	2000	1	9	3
	140	98	196.875000	48.326361	-5.283251e-01	2000	1	9	4
	141	99	198.281250	49.727115	-5.340877e-01	2000	1	9	5
	142	99	199.687500	49.727115	-5.443273e-01	2000	1	9	6
	143	99	201.093750	49.727115	-5.395031e-01	2000	1	9	7
	143	98	201.093750	48.326361	-5.472345e-01	2000	1	9	8
	145	99	203.906250	49.727115	-5.492263e-01	2000	1	9	10
	144	98	202.500000	48.326361	-5.570159e-01	2000	1	9	11
	145	98	203.906250	48.326361	-5.556030e-01	2000	1	9	12
	146	98	205.312500	48.326361	-5.560050e-01	2000	1	9	13
	146	97	205.312500	46.925606	-5.446525e-01	2000	1	9	14
	148	98	208.125000	48.326361	-5.408044e-01	2000	1	9	15
	146	97	205.312500	46.925606	-5.359130e-01	2000	1	9	16
	146	95	205.312500	44.124093	-5.285406e-01	2000	1	9	17
start	44	2000	1	7	6
	238	100	334.687500	51.127867	-1.737113e-01	2000	1	7	6
	238	98	334.687500	48.326361	-1.791873e-01	2000	1	7	7
	240	98	337.500000	48.326361	-2.004223e-01	2000	1	7	10
	239	96	336.093750	45.524850	-2.154164e-01	2000	1	7	12
	241	98	338.906250	48.326361	-2.238765e-01	2000	1	7	14
	242	99	340.312500	49.727115	-2.302418e-01	2000	1	7	15
	244	99	343.125000	49.727115	-2.448034e-01	2000	1	7	17
	244	98	343.125000	48.326361	-2.526340e-01	2000	1	7	18
	245	99	344.531250	49.727115	-2.578602e-01	2000	1	7	19
	245	97	344.531250	46.925606	-2.677531e-01	2000	1	7	20
	245	97	344.531250	46.925606	-2.748427e-01	2000	1	7	21
	247	98	347.343750	48.326361	-2.875013e-01	2000	1	7	23
	248	97	348.750000	46.925606	-2.944255e-01	2000	1	8	0
	250	100	351.562500	51.127867	-3.180213e-01	2000	1	8	3
	252	98	354.375000	48.326361	-3.476439e-01	2000	1	8	7
	254	97	357.187500	46.925606	-3.568559e-01	2000	1	8	9
	0	97	0.000000	46.925606	-3.784118e-01	2000	1	8	11
	0	96	0.000000	45.524850	-3.852572e-01	2000	1	8	12
	1	96	1.406250	45.524850	-3.941822e-01	2000	1	8	13
	0	95	0.000000	44.124093	-4.072847e-01	2000	1	8	14
	2	97	2.812500	46.925606	-4.153948e-01	2000	1	8	15
	2	96	2.812500	45.524850	-4.226861e-01	2000	1	8	16
	3	97	4.218750	46.925606	-4.349241e-01	2000	1	8	17
	5	97	7.031250	46.925606	-4.481058e-01	2000	1	8	18
	5	97	7.031250	46.925606	-4.575195e-01	2000	1	8	19
	7	98	9.843750	48.326361	-4.669123e-01	2000	1	8	20
	7	98	9.843750	48.326361	-4.746423e-01	2000	1	8	21
	8	98	11.250000	48.326361	-4.875369e-01	2000	1	8	22
	11	99	15.468750	49.727115	-4.956703e-01	2000	1	9	0
	12	100	16.875000	51.127867	-5.042033e-01	2000	1	9	1
	12	99	16.875000	49.727115	-5.212302e-01	2000	1	9	3
	12	98	16.875000	48.326361	-5.283251e-01	2000	1	9	4
	13	99	18.281250	49.727115	-5.340877e-01	2000	1	9	5
	14	99	19.687500	49.727115	-5.443273e-01	2000	1	9	6
	15	99	21.093750	49.727115	-5.395031e-01	2000	1	9	7
	15	98	21.093750	48.326361	-5.472345e-01	2000	1	9	8
	17	99	23.906250	49.727115	-5.492263e-01	2000	1	9	10
	16	98	22.500000	48.326361	-5.570159e-01	2000	1	9	11
	17	98	23.906250	48.326361	-5.556030e-01	2000	1	9	12
	18	98	25.312500	48.326361	-5.560050e-01	2000	1	9	13
	18	97	25.312500	46.925606	-5.446525e-01	2000	1	9	14
	20	98	28.125000	48.326361	-5.408044e-01	2000	1	9	15
	18	97	25.312500	46.925606	-5.359130e-01	2000	1	9	16
	18	95	25.312500	44.124093	-5.285406e-01	2000	1	9	17
start	27	2000	1	9	11
	90	88	126.562500	34.318770	-4.885485e-01	2000	1	9	11
	92	88	129.375000	34.318770	-4.968073e-01	2000	1	9	13
	91	87	127.968750	32.918007	-5.079432e-01	2000	1	9	14
	90	86	126.562500	31.517244	-5.055559e-01	2000	1	9	15
	93	87	130.781250	32.918007	-5.070221e-01	2000	1	9	17
	90	85	126.562500	30.116480	-5.106988e-01	2000	1	9	19
	90	85	126.562500	30.116480	-5.128050e-01	2000	1	9	20
	88	83	123.750000	27.314951	-5.091357e-01	2000	1	10	0
	88	83	123.750000	27.314951	-5.061982e-01	2000	1	10	1
	91	83	127.968750	27.314951	-5.167432e-01	2000	1	10	5
	91	83	127.968750	27.314951	-5.124876e-01	2000	1	10	6
	92	83	129.375000	27.314951	-5.102305e-01	2000	1	10	7
	92	83	129.375000	27.314951	-5.087750e-01	2000	1	10	8
	93	83	130.781250	27.314951	-5.029340e-01	2000	1	10	10
	93	83	130.781250	27.314951	-5.001972e-01	2000	1	10	11
	94	83	132.187500	27.314951	-5.027966e-01	2000	1	10	12
	94	83	132.187500	27.314951	-5.039835e-01	2000	1	10	13
	93	82	130.781250	25.914186	-4.892342e-01	2000	1	10	14
	93	82	130.781250	25.914186	-4.862466e-01	2000	1	10	16
	94	82	132.187500	25.914186	-4.864032e-01	2000	1	10	17
	94	82	132.187500	25.914186	-4.872830e-01	2000	1	10	18
	94	82	132.187500	25.914186	-4.828057e-01	2000	1	10	19
	95	82	133.593750	25.914186	-4.705529e-01	2000	1	10	20
	95	82	133.593750	25.914186	-4.739990e-01	2000	1	10	21
	96	82	135.000000	25.914186	-4.728146e-01	2000	1	10	22
	97	82	136.406250	25.914186	-4.678619e-01	2000	1	10	23
	97	82	136.406250	25.914186	-4.569497e-01	2000	1	11	0
start	27	2000	1	9	11
	218	88	306.562500	34.318770	-4.885485e-01	2000	1	9	11
	220	88	309.375000	34.318770	-4.968073e-01	2000	1	9	13
	219	87	307.968750	32.918007	-5.079432e-01	2000	1	9	14
	218	86	306.562500	31.517244	-5.055559e-01	2000	1	9	15
	221	87	310.781250	32.918007	-5.070221e-01	2000	1	9	17
	218	85	306.562500	30.116480	-5.106988e-01	2000	1	9	19
	218	85	306.562500	30.116480	-5.128050e-01	2000	1	9	20
	216	83	303.750000	27.314951	-5.091357e-01	2000	1	10	0
	216	83	303.750000	27.314951	-5.061982e-01	2000	1	10	1
	219	83	307.968750	27.314951	-5.167432e-01	2000	1	10	5
	219	83	307.968750	27.314951	-5.124876e-01	2000	1	10	6
	220	83	309.375000	27.314951	-5.102305e-01	2000	1	10	7
	220	83	309.375000	27.314951	-5.087750e-01	2000	1	10	8
	221	83	310.781250	27.314951	-5.029340e-01	2000	1	10	10
	221	83	310.781250	27.314951	-5.001972e-01	2000	1	10	11
	222	83	312.187500	27.314951	-5.027966e-01	2000	1	10	12
	222	83	312.187500	27.314951	-5.039835e-01	2000	1	10	13
	221	82	310.781250	25.914186	-4.892342e-01	2000	1	10	14
	221	82	310.781250	25.914186	-4.862466e-01	2000	1	10	16
	222	82	312.187500	25.914186	-4.864032e-01	2000	1	10	17
	222	82	312.187500	25.914186	-4.872830e-01	2000	1	10	18
	222	82	312.187500	25.914186	-4.828057e-01	2000	1	10	19
	223	82	313.593750	25.914186	-4.705529e-01	2000	1	10	20
	223	82	313.593750	25.914186	-4.739990e-01	2000	1	10	21
	224	82	315.000000	25.914186	-4.728146e-01	2000	1	10	22
	225	82	316.406250	25.914186	-4.678619e-01	2000	1	10	23
	225	82	316.406250	25.914186	-4.569497e-01	2000	1	11	0
