start	5	2000	1	9	11
	0	0	126.562500	34.318770	-4.885485e-01	2000	1	9	11
	0	0	129.375000	34.318770	-4.968073e-01	2000	1	9	13
	0	0	127.968750	32.918007	-5.079432e-01	2000	1	9	14
	0	0	126.562500	31.517244	-5.055559e-01	2000	1	9	15
	0	0	130.781250	32.918007	-5.070221e-01	2000	1	9	17
start	5	2000	1	9	11
	0	0	306.562500	34.318770	-4.885485e-01	2000	1	9	11
	0	0	309.375000	34.318770	-4.968073e-01	2000	1	9	13
	0	0	307.968750	32.918007	-5.079432e-01	2000	1	9	14
	0	0	306.562500	31.517244	-5.055559e-01	2000	1	9	15
	0	0	310.781250	32.918007	-5.070221e-01	2000	1	9	17
start	7	2000	1	9	11
	0	0	202.500000	48.326361	-5.570159e-01	2000	1	9	11
	0	0	203.906250	48.326361	-5.556030e-01	2000	1	9	12
	0	0	205.312500	48.326361	-5.560050e-01	2000	1	9	13
	0	0	205.312500	46.925606	-5.446525e-01	2000	1	9	14
	0	0	208.125000	48.326361	-5.408044e-01	2000	1	9	15
	0	0	205.312500	46.925606	-5.359130e-01	2000	1	9	16
	0	0	205.312500	44.124093	-5.285406e-01	2000	1	9	17
start	7	2000	1	9	11
	0	0	22.500000	48.326361	-5.570159e-01	2000	1	9	11
	0	0	23.906250	48.326361	-5.556030e-01	2000	1	9	12
	0	0	25.312500	48.326361	-5.560050e-01	2000	1	9	13
	0	0	25.312500	46.925606	-5.446525e-01	2000	1	9	14
	0	0	28.125000	48.326361	-5.408044e-01	2000	1	9	15
	0	0	25.312500	46.925606	-5.359130e-01	2000	1	9	16
	0	0	25.312500	44.124093	-5.285406e-01	2000	1	9	17
start	6	2000	1	9	12
	0	0	324.843750	48.326361	-5.574894e-01	2000	1	9	12
	0	0	324.843750	46.925606	-5.526299e-01	2000	1	9	13
	0	0	324.843750	46.925606	-5.479841e-01	2000	1	9	14
	0	0	324.843750	46.925606	-5.450478e-01	2000	1	9	15
	0	0	324.843750	45.524850	-5.404940e-01	2000	1	9	16
	0	0	327.656250	46.925606	-5.339584e-01	2000	1	9	17
start	6	2000	1	9	12
	0	0	144.843750	48.326361	-5.574894e-01	2000	1	9	12
	0	0	144.843750	46.925606	-5.526299e-01	2000	1	9	13
	0	0	144.843750	46.925606	-5.479841e-01	2000	1	9	14
	0	0	144.843750	46.925606	-5.450478e-01	2000	1	9	15
	0	0	144.843750	45.524850	-5.404940e-01	2000	1	9	16
	0	0	147.656250	46.925606	-5.339584e-01	2000	1	9	17
