start	97	2000	1	8	0
	0	0	156.093750	56.730857	8.017377e-06	2000	1	8	0
	0	0	156.093750	56.730857	8.342417e-06	2000	1	8	1
	0	0	156.093750	56.730857	8.490897e-06	2000	1	8	2
	0	0	156.093750	58.131598	8.812743e-06	2000	1	8	3
	0	0	157.500000	56.730857	9.160405e-06	2000	1	8	4
	0	0	157.500000	56.730857	9.537855e-06	2000	1	8	5
	0	0	157.500000	56.730857	9.704315e-06	2000	1	8	6
	0	0	157.500000	56.730857	1.012874e-05	2000	1	8	7
	0	0	158.906250	58.131598	1.054898e-05	2000	1	8	8
	0	0	158.906250	56.730857	1.090690e-05	2000	1	8	9
	0	0	158.906250	56.730857	1.129968e-05	2000	1	8	10
	0	0	160.312500	56.730857	1.167965e-05	2000	1	8	11
	0	0	160.312500	56.730857	1.203668e-05	2000	1	8	12
	0	0	160.312500	55.330112	1.234198e-05	2000	1	8	13
	0	0	160.312500	56.730857	1.263867e-05	2000	1	8	14
	0	0	163.125000	55.330112	1.304223e-05	2000	1	8	15
	0	0	161.718750	56.730857	1.357664e-05	2000	1	8	16
	0	0	163.125000	55.330112	1.411644e-05	2000	1	8	17
	0	0	163.125000	56.730857	1.458692e-05	2000	1	8	18
	0	0	163.125000	56.730857	1.526304e-05	2000	1	8	19
	0	0	163.125000	55.330112	1.567568e-05	2000	1	8	20
	0	0	163.125000	56.730857	1.611119e-05	2000	1	8	21
	0	0	163.125000	55.330112	1.649006e-05	2000	1	8	22
	0	0	164.531250	56.730857	1.716584e-05	2000	1	8	23
	0	0	165.937500	56.730857	1.759452e-05	2000	1	9	0
	0	0	165.937500	55.330112	1.813667e-05	2000	1	9	1
	0	0	165.937500	55.330112	1.855665e-05	2000	1	9	2
	0	0	165.937500	55.330112	1.914791e-05	2000	1	9	3
	0	0	165.937500	56.730857	1.957171e-05	2000	1	9	4
	0	0	165.937500	55.330112	1.995616e-05	2000	1	9	5
	0	0	167.343750	56.730857	2.026471e-05	2000	1	9	6
	0	0	167.343750	56.730857	2.074510e-05	2000	1	9	7
	0	0	168.750000	56.730857	2.134128e-05	2000	1	9	8
	0	0	168.750000	56.730857	2.178357e-05	2000	1	9	9
	0	0	168.750000	56.730857	2.212761e-05	2000	1	9	10
	0	0	168.750000	55.330112	2.260123e-05	2000	1	9	11
	0	0	168.750000	56.730857	2.291238e-05	2000	1	9	12
	0	0	168.750000	56.730857	2.320347e-05	2000	1	9	13
	0	0	170.156250	56.730857	2.372119e-05	2000	1	9	14
	0	0	170.156250	56.730857	2.409530e-05	2000	1	9	15
	0	0	171.562500	56.730857	2.445715e-05	2000	1	9	16
	0	0	171.562500	56.730857	2.501350e-05	2000	1	9	17
	0	0	171.562500	56.730857	2.522410e-05	2000	1	9	18
	0	0	171.562500	56.730857	2.580451e-05	2000	1	9	19
	0	0	171.562500	56.730857	2.577629e-05	2000	1	9	20
	0	0	172.968750	56.730857	2.619448e-05	2000	1	9	21
	0	0	174.375000	56.730857	2.631372e-05	2000	1	9	22
	0	0	172.968750	56.730857	2.670134e-05	2000	1	9	23
	0	0	174.375000	56.730857	2.719185e-05	2000	1	10	0
	0	0	174.375000	56.730857	2.754819e-05	2000	1	10	1
	0	0	174.375000	56.730857	2.802734e-05	2000	1	10	2
	0	0	177.187500	56.730857	2.818446e-05	2000	1	10	3
	0	0	177.187500	55.330112	2.861037e-05	2000	1	10	4
	0	0	177.187500	56.730857	2.910140e-05	2000	1	10	5
	0	0	177.187500	56.730857	2.967306e-05	2000	1	10	6
	0	0	177.187500	56.730857	2.979578e-05	2000	1	10	7
	0	0	177.187500	56.730857	3.023384e-05	2000	1	10	8
	0	0	177.187500	56.730857	3.016680e-05	2000	1	10	9
	0	0	178.593750	56.730857	3.056751e-05	2000	1	10	10
	0	0	180.000000	56.730857	3.097309e-05	2000	1	10	11
	0	0	180.000000	56.730857	3.117255e-05	2000	1	10	12
	0	0	180.000000	56.730857	3.188676e-05	2000	1	10	13
	0	0	180.000000	56.730857	3.209067e-05	2000	1	10	14
	0	0	180.000000	56.730857	3.247613e-05	2000	1	10	15
	0	0	180.000000	58.131598	3.280782e-05	2000	1	10	16
	0	0	180.000000	58.131598	3.307253e-05	2000	1	10	17
	0	0	180.000000	58.131598	3.320166e-05	2000	1	10	18
	0	0	180.000000	58.131598	3.346238e-05	2000	1	10	19
	0	0	180.000000	58.131598	3.376024e-05	2000	1	10	20
	0	0	182.812500	56.730857	3.367497e-05	2000	1	10	21
	0	0	182.812500	56.730857	3.386895e-05	2000	1	10	22
	0	0	182.812500	56.730857	3.451081e-05	2000	1	10	23
	0	0	182.812500	58.131598	3.465356e-05	2000	1	11	0
	0	0	182.812500	58.131598	3.502849e-05	2000	1	11	1
	0	0	182.812500	58.131598	3.507724e-05	2000	1	11	2
	0	0	182.812500	59.532337	3.539381e-05	2000	1	11	3
	0	0	182.812500	59.532337	3.584292e-05	2000	1	11	4
	0	0	182.812500	59.532337	3.556958e-05	2000	1	11	5
	0	0	182.812500	59.532337	3.567280e-05	2000	1	11	6
	0	0	184.218750	59.532337	3.587572e-05	2000	1	11	7
	0	0	184.218750	59.532337	3.609835e-05	2000	1	11	8
	0	0	184.218750	60.933072	3.641815e-05	2000	1	11	9
	0	0	184.218750	60.933072	3.677499e-05	2000	1	11	10
	0	0	185.625000	59.532337	3.680261e-05	2000	1	11	11
	0	0	185.625000	59.532337	3.696763e-05	2000	1	11	12
	0	0	185.625000	59.532337	3.709699e-05	2000	1	11	13
	0	0	185.625000	60.933072	3.721834e-05	2000	1	11	14
	0	0	185.625000	60.933072	3.724012e-05	2000	1	11	15
	0	0	185.625000	60.933072	3.734787e-05	2000	1	11	16
	0	0	187.031250	60.933072	3.739453e-05	2000	1	11	17
	0	0	187.031250	62.333803	3.752888e-05	2000	1	11	18
	0	0	187.031250	60.933072	3.774865e-05	2000	1	11	19
	0	0	187.031250	62.333803	3.790070e-05	2000	1	11	20
	0	0	187.031250	62.333803	3.811478e-05	2000	1	11	21
	0	0	187.031250	62.333803	3.832163e-05	2000	1	11	22
	0	0	187.031250	62.333803	3.829895e-05	2000	1	11	23
	0	0	187.031250	62.333803	3.848608e-05	2000	1	12	0
start	97	2000	1	8	0
	0	0	336.093750	56.730857	8.017377e-06	2000	1	8	0
	0	0	336.093750	56.730857	8.342417e-06	2000	1	8	1
	0	0	336.093750	56.730857	8.490897e-06	2000	1	8	2
	0	0	336.093750	58.131598	8.812743e-06	2000	1	8	3
	0	0	337.500000	56.730857	9.160405e-06	2000	1	8	4
	0	0	337.500000	56.730857	9.537855e-06	2000	1	8	5
	0	0	337.500000	56.730857	9.704315e-06	2000	1	8	6
	0	0	337.500000	56.730857	1.012874e-05	2000	1	8	7
	0	0	338.906250	58.131598	1.054898e-05	2000	1	8	8
	0	0	338.906250	56.730857	1.090690e-05	2000	1	8	9
	0	0	338.906250	56.730857	1.129968e-05	2000	1	8	10
	0	0	340.312500	56.730857	1.167965e-05	2000	1	8	11
	0	0	340.312500	56.730857	1.203668e-05	2000	1	8	12
	0	0	340.312500	55.330112	1.234198e-05	2000	1	8	13
	0	0	340.312500	56.730857	1.263867e-05	2000	1	8	14
	0	0	343.125000	55.330112	1.304223e-05	2000	1	8	15
	0	0	341.718750	56.730857	1.357664e-05	2000	1	8	16
	0	0	343.125000	55.330112	1.411644e-05	2000	1	8	17
	0	0	343.125000	56.730857	1.458692e-05	2000	1	8	18
	0	0	343.125000	56.730857	1.526304e-05	2000	1	8	19
	0	0	343.125000	55.330112	1.567568e-05	2000	1	8	20
	0	0	343.125000	56.730857	1.611119e-05	2000	1	8	21
	0	0	343.125000	55.330112	1.649006e-05	2000	1	8	22
	0	0	344.531250	56.730857	1.716584e-05	2000	1	8	23
	0	0	345.937500	56.730857	1.759452e-05	2000	1	9	0
	0	0	345.937500	55.330112	1.813667e-05	2000	1	9	1
	0	0	345.937500	55.330112	1.855665e-05	2000	1	9	2
	0	0	345.937500	55.330112	1.914791e-05	2000	1	9	3
	0	0	345.937500	56.730857	1.957171e-05	2000	1	9	4
	0	0	345.937500	55.330112	1.995616e-05	2000	1	9	5
	0	0	347.343750	56.730857	2.026471e-05	2000	1	9	6
	0	0	347.343750	56.730857	2.074510e-05	2000	1	9	7
	0	0	348.750000	56.730857	2.134128e-05	2000	1	9	8
	0	0	348.750000	56.730857	2.178357e-05	2000	1	9	9
	0	0	348.750000	56.730857	2.212761e-05	2000	1	9	10
	0	0	348.750000	55.330112	2.260123e-05	2000	1	9	11
	0	0	348.750000	56.730857	2.291238e-05	2000	1	9	12
	0	0	348.750000	56.730857	2.320347e-05	2000	1	9	13
	0	0	350.156250	56.730857	2.372119e-05	2000	1	9	14
	0	0	350.156250	56.730857	2.409530e-05	2000	1	9	15
	0	0	351.562500	56.730857	2.445715e-05	2000	1	9	16
	0	0	351.562500	56.730857	2.501350e-05	2000	1	9	17
	0	0	351.562500	56.730857	2.522007e-05	2000	1	9	18
	0	0	351.562500	56.730857	2.580451e-05	2000	1	9	19
	0	0	351.562500	56.730857	2.577629e-05	2000	1	9	20
	0	0	352.968750	56.730857	2.619448e-05	2000	1	9	21
	0	0	354.375000	56.730857	2.631372e-05	2000	1	9	22
	0	0	352.968750	56.730857	2.670134e-05	2000	1	9	23
	0	0	354.375000	56.730857	2.719185e-05	2000	1	10	0
	0	0	354.375000	56.730857	2.754819e-05	2000	1	10	1
	0	0	354.375000	56.730857	2.802734e-05	2000	1	10	2
	0	0	357.187500	56.730857	2.818446e-05	2000	1	10	3
	0	0	357.187500	55.330112	2.861037e-05	2000	1	10	4
	0	0	357.187500	56.730857	2.910140e-05	2000	1	10	5
	0	0	357.187500	56.730857	2.967306e-05	2000	1	10	6
	0	0	357.187500	56.730857	2.979578e-05	2000	1	10	7
	0	0	357.187500	56.730857	3.023384e-05	2000	1	10	8
	0	0	357.187500	56.730857	3.016680e-05	2000	1	10	9
	0	0	358.593750	56.730857	3.056751e-05	2000	1	10	10
	0	0	0.000000	56.730857	3.097309e-05	2000	1	10	11
	0	0	0.000000	56.730857	3.117255e-05	2000	1	10	12
	0	0	0.000000	56.730857	3.188676e-05	2000	1	10	13
	0	0	0.000000	56.730857	3.209067e-05	2000	1	10	14
	0	0	0.000000	56.730857	3.247613e-05	2000	1	10	15
	0	0	0.000000	58.131598	3.280782e-05	2000	1	10	16
	0	0	0.000000	58.131598	3.307253e-05	2000	1	10	17
	0	0	0.000000	58.131598	3.320166e-05	2000	1	10	18
	0	0	0.000000	58.131598	3.346238e-05	2000	1	10	19
	0	0	0.000000	58.131598	3.376024e-05	2000	1	10	20
	0	0	2.812500	56.730857	3.367497e-05	2000	1	10	21
	0	0	2.812500	56.730857	3.386895e-05	2000	1	10	22
	0	0	2.812500	56.730857	3.451081e-05	2000	1	10	23
	0	0	2.812500	58.131598	3.465356e-05	2000	1	11	0
	0	0	2.812500	58.131598	3.502849e-05	2000	1	11	1
	0	0	2.812500	58.131598	3.507724e-05	2000	1	11	2
	0	0	2.812500	59.532337	3.539381e-05	2000	1	11	3
	0	0	2.812500	59.532337	3.584292e-05	2000	1	11	4
	0	0	2.812500	59.532337	3.556958e-05	2000	1	11	5
	0	0	2.812500	59.532337	3.567280e-05	2000	1	11	6
	0	0	4.218750	59.532337	3.587572e-05	2000	1	11	7
	0	0	4.218750	59.532337	3.609835e-05	2000	1	11	8
	0	0	4.218750	60.933072	3.641815e-05	2000	1	11	9
	0	0	4.218750	60.933072	3.677499e-05	2000	1	11	10
	0	0	5.625000	59.532337	3.680261e-05	2000	1	11	11
	0	0	5.625000	59.532337	3.696763e-05	2000	1	11	12
	0	0	5.625000	59.532337	3.709699e-05	2000	1	11	13
	0	0	5.625000	60.933072	3.721834e-05	2000	1	11	14
	0	0	5.625000	60.933072	3.724012e-05	2000	1	11	15
	0	0	5.625000	60.933072	3.734787e-05	2000	1	11	16
	0	0	7.031250	60.933072	3.739453e-05	2000	1	11	17
	0	0	7.031250	62.333803	3.752258e-05	2000	1	11	18
	0	0	7.031250	60.933072	3.774865e-05	2000	1	11	19
	0	0	7.031250	62.333803	3.790070e-05	2000	1	11	20
	0	0	7.031250	62.333803	3.811478e-05	2000	1	11	21
	0	0	7.031250	62.333803	3.832163e-05	2000	1	11	22
	0	0	7.031250	62.333803	3.829895e-05	2000	1	11	23
	0	0	7.031250	62.333803	3.847954e-05	2000	1	12	0
start	96	2000	1	8	0
	0	0	282.656250	42.723335	8.600060e-06	2000	1	8	0
	0	0	282.656250	41.322576	8.675912e-06	2000	1	8	1
	0	0	284.062500	42.723335	8.899146e-06	2000	1	8	2
	0	0	282.656250	42.723335	9.150284e-06	2000	1	8	3
	0	0	282.656250	42.723335	9.378027e-06	2000	1	8	4
	0	0	285.468750	42.723335	9.635875e-06	2000	1	8	5
	0	0	285.468750	42.723335	1.003132e-05	2000	1	8	6
	0	0	285.468750	42.723335	1.023629e-05	2000	1	8	7
	0	0	286.875000	41.322576	1.042668e-05	2000	1	8	8
	0	0	286.875000	41.322576	1.077851e-05	2000	1	8	9
	0	0	286.875000	41.322576	1.093333e-05	2000	1	8	10
	0	0	288.281250	41.322576	1.117540e-05	2000	1	8	11
	0	0	286.875000	42.723335	1.129654e-05	2000	1	8	12
	0	0	288.281250	41.322576	1.172019e-05	2000	1	8	13
	0	0	288.281250	42.723335	1.192690e-05	2000	1	8	14
	0	0	288.281250	41.322576	1.217735e-05	2000	1	8	15
	0	0	289.687500	42.723335	1.243520e-05	2000	1	8	16
	0	0	291.093750	42.723335	1.294167e-05	2000	1	8	17
	0	0	291.093750	42.723335	1.320629e-05	2000	1	8	18
	0	0	291.093750	42.723335	1.362827e-05	2000	1	8	19
	0	0	291.093750	42.723335	1.374499e-05	2000	1	8	20
	0	0	292.500000	42.723335	1.414555e-05	2000	1	8	21
	0	0	291.093750	42.723335	1.428848e-05	2000	1	8	22
	0	0	292.500000	42.723335	1.460495e-05	2000	1	8	23
	0	0	293.906250	42.723335	1.482242e-05	2000	1	9	0
	0	0	293.906250	42.723335	1.505651e-05	2000	1	9	1
	0	0	293.906250	42.723335	1.568995e-05	2000	1	9	2
	0	0	293.906250	42.723335	1.591426e-05	2000	1	9	3
	0	0	295.312500	42.723335	1.633925e-05	2000	1	9	4
	0	0	295.312500	41.322576	1.656322e-05	2000	1	9	5
	0	0	296.718750	42.723335	1.707132e-05	2000	1	9	6
	0	0	296.718750	42.723335	1.719722e-05	2000	1	9	7
	0	0	296.718750	42.723335	1.771170e-05	2000	1	9	8
	0	0	296.718750	41.322576	1.801029e-05	2000	1	9	9
	0	0	298.125000	42.723335	1.844957e-05	2000	1	9	10
	0	0	298.125000	41.322576	1.860226e-05	2000	1	9	11
	0	0	298.125000	42.723335	1.921676e-05	2000	1	9	12
	0	0	299.531250	42.723335	1.936930e-05	2000	1	9	13
	0	0	299.531250	42.723335	1.985156e-05	2000	1	9	14
	0	0	299.531250	42.723335	2.013602e-05	2000	1	9	15
	0	0	300.937500	42.723335	2.063421e-05	2000	1	9	16
	0	0	299.531250	42.723335	2.122456e-05	2000	1	9	17
	0	0	302.343750	42.723335	2.137974e-05	2000	1	9	18
	0	0	302.343750	42.723335	2.172354e-05	2000	1	9	19
	0	0	302.343750	42.723335	2.225867e-05	2000	1	9	20
	0	0	303.750000	42.723335	2.267535e-05	2000	1	9	21
	0	0	302.343750	42.723335	2.324299e-05	2000	1	9	22
	0	0	303.750000	42.723335	2.323370e-05	2000	1	9	23
	0	0	305.156250	42.723335	2.369454e-05	2000	1	10	0
	0	0	303.750000	42.723335	2.398284e-05	2000	1	10	1
	0	0	305.156250	42.723335	2.431198e-05	2000	1	10	2
	0	0	303.750000	42.723335	2.480485e-05	2000	1	10	3
	0	0	306.562500	42.723335	2.509486e-05	2000	1	10	4
	0	0	306.562500	42.723335	2.580841e-05	2000	1	10	5
	0	0	306.562500	42.723335	2.633598e-05	2000	1	10	6
	0	0	306.562500	42.723335	2.682093e-05	2000	1	10	7
	0	0	306.562500	42.723335	2.734109e-05	2000	1	10	8
	0	0	306.562500	44.124093	2.735189e-05	2000	1	10	9
	0	0	306.562500	44.124093	2.778336e-05	2000	1	10	10
	0	0	309.375000	42.723335	2.829297e-05	2000	1	10	11
	0	0	307.968750	44.124093	2.902988e-05	2000	1	10	12
	0	0	309.375000	42.723335	2.949886e-05	2000	1	10	13
	0	0	307.968750	44.124093	3.020280e-05	2000	1	10	14
	0	0	309.375000	44.124093	3.147007e-05	2000	1	10	16
	0	0	307.968750	46.925606	3.213337e-05	2000	1	10	17
	0	0	309.375000	44.124093	3.289411e-05	2000	1	10	18
	0	0	309.375000	45.524850	3.385552e-05	2000	1	10	19
	0	0	310.781250	45.524850	3.409821e-05	2000	1	10	20
	0	0	310.781250	45.524850	3.515169e-05	2000	1	10	21
	0	0	310.781250	45.524850	3.563091e-05	2000	1	10	22
	0	0	312.187500	44.124093	3.669192e-05	2000	1	10	23
	0	0	313.593750	44.124093	3.718324e-05	2000	1	11	0
	0	0	313.593750	44.124093	3.820722e-05	2000	1	11	1
	0	0	313.593750	44.124093	3.917014e-05	2000	1	11	2
	0	0	315.000000	44.124093	3.941223e-05	2000	1	11	3
	0	0	315.000000	44.124093	4.040387e-05	2000	1	11	4
	0	0	316.406250	44.124093	4.063268e-05	2000	1	11	5
	0	0	316.406250	44.124093	4.163610e-05	2000	1	11	6
	0	0	317.812500	42.723335	4.208427e-05	2000	1	11	7
	0	0	319.218750	42.723335	4.225804e-05	2000	1	11	8
	0	0	320.625000	42.723335	4.264734e-05	2000	1	11	9
	0	0	319.218750	44.124093	4.325319e-05	2000	1	11	10
	0	0	320.625000	42.723335	4.379105e-05	2000	1	11	11
	0	0	322.031250	42.723335	4.394308e-05	2000	1	11	12
	0	0	322.031250	42.723335	4.387780e-05	2000	1	11	13
	0	0	323.437500	42.723335	4.430817e-05	2000	1	11	14
	0	0	323.437500	42.723335	4.450822e-05	2000	1	11	15
	0	0	323.437500	42.723335	4.442549e-05	2000	1	11	16
	0	0	324.843750	42.723335	4.412940e-05	2000	1	11	17
	0	0	326.250000	42.723335	4.406671e-05	2000	1	11	18
	0	0	326.250000	42.723335	4.401513e-05	2000	1	11	19
	0	0	326.250000	42.723335	4.395518e-05	2000	1	11	20
	0	0	327.656250	42.723335	4.415596e-05	2000	1	11	21
	0	0	327.656250	42.723335	4.408052e-05	2000	1	11	22
	0	0	327.656250	42.723335	4.399265e-05	2000	1	11	23
	0	0	329.062500	42.723335	4.393687e-05	2000	1	12	0
start	96	2000	1	8	0
	0	0	102.656250	42.723335	8.600060e-06	2000	1	8	0
	0	0	102.656250	41.322576	8.675912e-06	2000	1	8	1
	0	0	104.062500	42.723335	8.899146e-06	2000	1	8	2
	0	0	102.656250	42.723335	9.150284e-06	2000	1	8	3
	0	0	102.656250	42.723335	9.378027e-06	2000	1	8	4
	0	0	105.468750	42.723335	9.635875e-06	2000	1	8	5
	0	0	105.468750	42.723335	1.003132e-05	2000	1	8	6
	0	0	105.468750	42.723335	1.023629e-05	2000	1	8	7
	0	0	106.875000	41.322576	1.042668e-05	2000	1	8	8
	0	0	106.875000	41.322576	1.077851e-05	2000	1	8	9
	0	0	106.875000	41.322576	1.093333e-05	2000	1	8	10
	0	0	108.281250	41.322576	1.117540e-05	2000	1	8	11
	0	0	106.875000	42.723335	1.129654e-05	2000	1	8	12
	0	0	108.281250	41.322576	1.172019e-05	2000	1	8	13
	0	0	108.281250	42.723335	1.192690e-05	2000	1	8	14
	0	0	108.281250	41.322576	1.217735e-05	2000	1	8	15
	0	0	109.687500	42.723335	1.243520e-05	2000	1	8	16
	0	0	111.093750	42.723335	1.294167e-05	2000	1	8	17
	0	0	111.093750	42.723335	1.320629e-05	2000	1	8	18
	0	0	111.093750	42.723335	1.362827e-05	2000	1	8	19
	0	0	111.093750	42.723335	1.374499e-05	2000	1	8	20
	0	0	112.500000	42.723335	1.414555e-05	2000	1	8	21
	0	0	111.093750	42.723335	1.428848e-05	2000	1	8	22
	0	0	112.500000	42.723335	1.460495e-05	2000	1	8	23
	0	0	113.906250	42.723335	1.482242e-05	2000	1	9	0
	0	0	113.906250	42.723335	1.505651e-05	2000	1	9	1
	0	0	113.906250	42.723335	1.568995e-05	2000	1	9	2
	0	0	113.906250	42.723335	1.591426e-05	2000	1	9	3
	0	0	115.312500	42.723335	1.633925e-05	2000	1	9	4
	0	0	115.312500	41.322576	1.656322e-05	2000	1	9	5
	0	0	116.718750	42.723335	1.707132e-05	2000	1	9	6
	0	0	116.718750	42.723335	1.719722e-05	2000	1	9	7
	0	0	116.718750	42.723335	1.771170e-05	2000	1	9	8
	0	0	116.718750	41.322576	1.801029e-05	2000	1	9	9
	0	0	118.125000	42.723335	1.844957e-05	2000	1	9	10
	0	0	118.125000	41.322576	1.860226e-05	2000	1	9	11
	0	0	118.125000	42.723335	1.921676e-05	2000	1	9	12
	0	0	119.531250	42.723335	1.936930e-05	2000	1	9	13
	0	0	119.531250	42.723335	1.985156e-05	2000	1	9	14
	0	0	119.531250	42.723335	2.013602e-05	2000	1	9	15
	0	0	120.937500	42.723335	2.063421e-05	2000	1	9	16
	0	0	119.531250	42.723335	2.122456e-05	2000	1	9	17
	0	0	122.343750	42.723335	2.137974e-05	2000	1	9	18
	0	0	122.343750	42.723335	2.172354e-05	2000	1	9	19
	0	0	122.343750	42.723335	2.225867e-05	2000	1	9	20
	0	0	123.750000	42.723335	2.267535e-05	2000	1	9	21
	0	0	122.343750	42.723335	2.324299e-05	2000	1	9	22
	0	0	123.750000	42.723335	2.323370e-05	2000	1	9	23
	0	0	125.156250	42.723335	2.369454e-05	2000	1	10	0
	0	0	123.750000	42.723335	2.398284e-05	2000	1	10	1
	0	0	125.156250	42.723335	2.431198e-05	2000	1	10	2
	0	0	123.750000	42.723335	2.480485e-05	2000	1	10	3
	0	0	126.562500	42.723335	2.509486e-05	2000	1	10	4
	0	0	126.562500	42.723335	2.580841e-05	2000	1	10	5
	0	0	126.562500	42.723335	2.633598e-05	2000	1	10	6
	0	0	126.562500	42.723335	2.682093e-05	2000	1	10	7
	0	0	126.562500	42.723335	2.734109e-05	2000	1	10	8
	0	0	126.562500	44.124093	2.735189e-05	2000	1	10	9
	0	0	126.562500	44.124093	2.778336e-05	2000	1	10	10
	0	0	129.375000	42.723335	2.829297e-05	2000	1	10	11
	0	0	127.968750	44.124093	2.902988e-05	2000	1	10	12
	0	0	129.375000	42.723335	2.949886e-05	2000	1	10	13
	0	0	127.968750	44.124093	3.020280e-05	2000	1	10	14
	0	0	129.375000	44.124093	3.147007e-05	2000	1	10	16
	0	0	127.968750	46.925606	3.213337e-05	2000	1	10	17
	0	0	129.375000	44.124093	3.289411e-05	2000	1	10	18
	0	0	129.375000	45.524850	3.385552e-05	2000	1	10	19
	0	0	130.781250	45.524850	3.409821e-05	2000	1	10	20
	0	0	130.781250	45.524850	3.515169e-05	2000	1	10	21
	0	0	130.781250	45.524850	3.563091e-05	2000	1	10	22
	0	0	132.187500	44.124093	3.669192e-05	2000	1	10	23
	0	0	133.593750	44.124093	3.718324e-05	2000	1	11	0
	0	0	133.593750	44.124093	3.820722e-05	2000	1	11	1
	0	0	133.593750	44.124093	3.917014e-05	2000	1	11	2
	0	0	133.593750	45.524850	3.929624e-05	2000	1	11	3
	0	0	135.000000	44.124093	4.040387e-05	2000	1	11	4
	0	0	136.406250	44.124093	4.063268e-05	2000	1	11	5
	0	0	136.406250	44.124093	4.163610e-05	2000	1	11	6
	0	0	137.812500	42.723335	4.208427e-05	2000	1	11	7
	0	0	139.218750	42.723335	4.225804e-05	2000	1	11	8
	0	0	140.625000	42.723335	4.264734e-05	2000	1	11	9
	0	0	139.218750	44.124093	4.325319e-05	2000	1	11	10
	0	0	140.625000	42.723335	4.379105e-05	2000	1	11	11
	0	0	142.031250	42.723335	4.394308e-05	2000	1	11	12
	0	0	142.031250	42.723335	4.387780e-05	2000	1	11	13
	0	0	143.437500	42.723335	4.430817e-05	2000	1	11	14
	0	0	143.437500	42.723335	4.450822e-05	2000	1	11	15
	0	0	143.437500	42.723335	4.442549e-05	2000	1	11	16
	0	0	144.843750	42.723335	4.412940e-05	2000	1	11	17
	0	0	146.250000	42.723335	4.406671e-05	2000	1	11	18
	0	0	146.250000	42.723335	4.401513e-05	2000	1	11	19
	0	0	146.250000	42.723335	4.395518e-05	2000	1	11	20
	0	0	147.656250	42.723335	4.415596e-05	2000	1	11	21
	0	0	147.656250	42.723335	4.408052e-05	2000	1	11	22
	0	0	147.656250	42.723335	4.399265e-05	2000	1	11	23
	0	0	149.062500	42.723335	4.393687e-05	2000	1	12	0
start	95	2000	1	8	0
	0	0	222.187500	42.723335	8.510612e-06	2000	1	8	0
	0	0	222.187500	41.322576	8.670987e-06	2000	1	8	1
	0	0	223.593750	42.723335	8.892558e-06	2000	1	8	2
	0	0	223.593750	42.723335	9.126042e-06	2000	1	8	3
	0	0	223.593750	42.723335	9.549364e-06	2000	1	8	4
	0	0	225.000000	42.723335	9.628859e-06	2000	1	8	5
	0	0	225.000000	42.723335	1.002548e-05	2000	1	8	6
	0	0	225.000000	42.723335	1.022819e-05	2000	1	8	7
	0	0	225.000000	42.723335	1.057500e-05	2000	1	8	8
	0	0	226.406250	41.322576	1.077267e-05	2000	1	8	9
	0	0	227.812500	42.723335	1.089303e-05	2000	1	8	10
	0	0	226.406250	42.723335	1.119310e-05	2000	1	8	11
	0	0	229.218750	41.322576	1.128893e-05	2000	1	8	12
	0	0	229.218750	42.723335	1.157261e-05	2000	1	8	13
	0	0	227.812500	42.723335	1.191664e-05	2000	1	8	14
	0	0	229.218750	41.322576	1.219311e-05	2000	1	8	15
	0	0	230.625000	42.723335	1.245665e-05	2000	1	8	16
	0	0	230.625000	42.723335	1.292884e-05	2000	1	8	17
	0	0	230.625000	42.723335	1.319475e-05	2000	1	8	18
	0	0	230.625000	42.723335	1.361364e-05	2000	1	8	19
	0	0	230.625000	42.723335	1.373219e-05	2000	1	8	20
	0	0	232.031250	42.723335	1.413272e-05	2000	1	8	21
	0	0	232.031250	41.322576	1.446359e-05	2000	1	8	22
	0	0	233.437500	42.723335	1.462552e-05	2000	1	8	23
	0	0	233.437500	42.723335	1.481053e-05	2000	1	9	0
	0	0	233.437500	42.723335	1.504264e-05	2000	1	9	1
	0	0	233.437500	41.322576	1.553966e-05	2000	1	9	2
	0	0	233.437500	42.723335	1.589844e-05	2000	1	9	3
	0	0	233.437500	42.723335	1.631218e-05	2000	1	9	4
	0	0	236.250000	41.322576	1.655140e-05	2000	1	9	5
	0	0	236.250000	42.723335	1.705743e-05	2000	1	9	6
	0	0	236.250000	41.322576	1.728972e-05	2000	1	9	7
	0	0	236.250000	42.723335	1.769584e-05	2000	1	9	8
	0	0	237.656250	41.322576	1.783881e-05	2000	1	9	9
	0	0	237.656250	42.723335	1.843566e-05	2000	1	9	10
	0	0	237.656250	41.322576	1.858529e-05	2000	1	9	11
	0	0	237.656250	42.723335	1.919891e-05	2000	1	9	12
	0	0	239.062500	42.723335	1.935048e-05	2000	1	9	13
	0	0	240.468750	42.723335	1.970461e-05	2000	1	9	14
	0	0	239.062500	42.723335	2.011252e-05	2000	1	9	15
	0	0	240.468750	42.723335	2.061828e-05	2000	1	9	16
	0	0	240.468750	42.723335	2.107097e-05	2000	1	9	17
	0	0	241.875000	42.723335	2.136375e-05	2000	1	9	18
	0	0	240.468750	42.723335	2.174986e-05	2000	1	9	19
	0	0	241.875000	42.723335	2.223740e-05	2000	1	9	20
	0	0	243.281250	42.723335	2.266621e-05	2000	1	9	21
	0	0	241.875000	42.723335	2.300922e-05	2000	1	9	22
	0	0	244.687500	42.723335	2.325428e-05	2000	1	9	23
	0	0	244.687500	42.723335	2.369454e-05	2000	1	10	0
	0	0	244.687500	42.723335	2.389166e-05	2000	1	10	1
	0	0	244.687500	42.723335	2.453889e-05	2000	1	10	2
	0	0	244.687500	42.723335	2.487499e-05	2000	1	10	3
	0	0	244.687500	42.723335	2.534008e-05	2000	1	10	4
	0	0	246.093750	42.723335	2.579153e-05	2000	1	10	5
	0	0	246.093750	42.723335	2.631331e-05	2000	1	10	6
	0	0	246.093750	42.723335	2.679326e-05	2000	1	10	7
	0	0	247.500000	42.723335	2.732333e-05	2000	1	10	9
	0	0	247.500000	44.124093	2.786203e-05	2000	1	10	10
	0	0	248.906250	42.723335	2.830305e-05	2000	1	10	11
	0	0	247.500000	44.124093	2.898810e-05	2000	1	10	12
	0	0	250.312500	44.124093	2.943790e-05	2000	1	10	13
	0	0	248.906250	44.124093	3.031440e-05	2000	1	10	14
	0	0	246.093750	48.326361	3.162214e-05	2000	1	10	16
	0	0	247.500000	46.925606	3.203476e-05	2000	1	10	17
	0	0	250.312500	44.124093	3.291494e-05	2000	1	10	18
	0	0	248.906250	46.925606	3.366803e-05	2000	1	10	19
	0	0	250.312500	44.124093	3.418961e-05	2000	1	10	20
	0	0	250.312500	45.524850	3.504819e-05	2000	1	10	21
	0	0	251.718750	45.524850	3.557452e-05	2000	1	10	22
	0	0	251.718750	44.124093	3.661681e-05	2000	1	10	23
	0	0	253.125000	44.124093	3.711478e-05	2000	1	11	0
	0	0	253.125000	44.124093	3.813572e-05	2000	1	11	1
	0	0	254.531250	44.124093	3.932073e-05	2000	1	11	2
	0	0	254.531250	44.124093	4.029994e-05	2000	1	11	3
	0	0	255.937500	44.124093	4.053082e-05	2000	1	11	4
	0	0	254.531250	44.124093	4.063248e-05	2000	1	11	5
	0	0	255.937500	44.124093	4.156469e-05	2000	1	11	6
	0	0	257.343750	42.723335	4.204487e-05	2000	1	11	7
	0	0	257.343750	44.124093	4.269869e-05	2000	1	11	8
	0	0	258.750000	44.124093	4.294279e-05	2000	1	11	9
	0	0	258.750000	44.124093	4.321180e-05	2000	1	11	10
	0	0	260.156250	42.723335	4.376073e-05	2000	1	11	11
	0	0	261.562500	42.723335	4.394308e-05	2000	1	11	12
	0	0	262.968750	42.723335	4.390152e-05	2000	1	11	13
	0	0	262.968750	42.723335	4.429234e-05	2000	1	11	14
	0	0	262.968750	42.723335	4.420037e-05	2000	1	11	15
	0	0	264.375000	42.723335	4.418561e-05	2000	1	11	16
	0	0	265.781250	42.723335	4.413686e-05	2000	1	11	17
	0	0	265.781250	42.723335	4.408165e-05	2000	1	11	18
	0	0	265.781250	42.723335	4.427268e-05	2000	1	11	19
	0	0	265.781250	42.723335	4.419778e-05	2000	1	11	20
	0	0	267.187500	42.723335	4.414880e-05	2000	1	11	21
	0	0	268.593750	42.723335	4.406619e-05	2000	1	11	22
	0	0	268.593750	42.723335	4.399981e-05	2000	1	11	23
	0	0	270.000000	42.723335	4.394404e-05	2000	1	12	0
start	95	2000	1	8	0
	0	0	42.187500	42.723335	8.510612e-06	2000	1	8	0
	0	0	42.187500	41.322576	8.670987e-06	2000	1	8	1
	0	0	43.593750	42.723335	8.892558e-06	2000	1	8	2
	0	0	43.593750	42.723335	9.126042e-06	2000	1	8	3
	0	0	43.593750	42.723335	9.549364e-06	2000	1	8	4
	0	0	45.000000	42.723335	9.628859e-06	2000	1	8	5
	0	0	45.000000	42.723335	1.002548e-05	2000	1	8	6
	0	0	45.000000	42.723335	1.022819e-05	2000	1	8	7
	0	0	45.000000	42.723335	1.057500e-05	2000	1	8	8
	0	0	46.406250	41.322576	1.077267e-05	2000	1	8	9
	0	0	47.812500	42.723335	1.089303e-05	2000	1	8	10
	0	0	46.406250	42.723335	1.119310e-05	2000	1	8	11
	0	0	49.218750	41.322576	1.128893e-05	2000	1	8	12
	0	0	49.218750	42.723335	1.157261e-05	2000	1	8	13
	0	0	47.812500	42.723335	1.191664e-05	2000	1	8	14
	0	0	49.218750	41.322576	1.219311e-05	2000	1	8	15
	0	0	50.625000	42.723335	1.245665e-05	2000	1	8	16
	0	0	50.625000	42.723335	1.292884e-05	2000	1	8	17
	0	0	50.625000	42.723335	1.319475e-05	2000	1	8	18
	0	0	50.625000	42.723335	1.361364e-05	2000	1	8	19
	0	0	50.625000	42.723335	1.373219e-05	2000	1	8	20
	0	0	52.031250	42.723335	1.413272e-05	2000	1	8	21
	0	0	52.031250	41.322576	1.446359e-05	2000	1	8	22
	0	0	53.437500	42.723335	1.462552e-05	2000	1	8	23
	0	0	53.437500	42.723335	1.481053e-05	2000	1	9	0
	0	0	53.437500	42.723335	1.504264e-05	2000	1	9	1
	0	0	53.437500	41.322576	1.553966e-05	2000	1	9	2
	0	0	53.437500	42.723335	1.589844e-05	2000	1	9	3
	0	0	56.250000	42.723335	1.618831e-05	2000	1	9	4
	0	0	56.250000	41.322576	1.655140e-05	2000	1	9	5
	0	0	56.250000	42.723335	1.705743e-05	2000	1	9	6
	0	0	56.250000	41.322576	1.728972e-05	2000	1	9	7
	0	0	56.250000	42.723335	1.769584e-05	2000	1	9	8
	0	0	57.656250	41.322576	1.783881e-05	2000	1	9	9
	0	0	57.656250	42.723335	1.843566e-05	2000	1	9	10
	0	0	57.656250	41.322576	1.858529e-05	2000	1	9	11
	0	0	57.656250	42.723335	1.919891e-05	2000	1	9	12
	0	0	59.062500	42.723335	1.935048e-05	2000	1	9	13
	0	0	60.468750	42.723335	1.970461e-05	2000	1	9	14
	0	0	59.062500	42.723335	2.011252e-05	2000	1	9	15
	0	0	60.468750	42.723335	2.061828e-05	2000	1	9	16
	0	0	60.468750	42.723335	2.107097e-05	2000	1	9	17
	0	0	61.875000	42.723335	2.136375e-05	2000	1	9	18
	0	0	60.468750	42.723335	2.174986e-05	2000	1	9	19
	0	0	61.875000	42.723335	2.223740e-05	2000	1	9	20
	0	0	63.281250	42.723335	2.266621e-05	2000	1	9	21
	0	0	61.875000	42.723335	2.300922e-05	2000	1	9	22
	0	0	63.281250	42.723335	2.321656e-05	2000	1	9	23
	0	0	64.687500	42.723335	2.369454e-05	2000	1	10	0
	0	0	64.687500	42.723335	2.389166e-05	2000	1	10	1
	0	0	64.687500	42.723335	2.453889e-05	2000	1	10	2
	0	0	64.687500	42.723335	2.487499e-05	2000	1	10	3
	0	0	64.687500	42.723335	2.534008e-05	2000	1	10	4
	0	0	66.093750	42.723335	2.579153e-05	2000	1	10	5
	0	0	66.093750	42.723335	2.631331e-05	2000	1	10	6
	0	0	66.093750	42.723335	2.678865e-05	2000	1	10	7
	0	0	67.500000	42.723335	2.732333e-05	2000	1	10	9
	0	0	67.500000	44.124093	2.786203e-05	2000	1	10	10
	0	0	68.906250	42.723335	2.830305e-05	2000	1	10	11
	0	0	67.500000	44.124093	2.898810e-05	2000	1	10	12
	0	0	70.312500	44.124093	2.943790e-05	2000	1	10	13
	0	0	68.906250	44.124093	3.031440e-05	2000	1	10	14
	0	0	66.093750	48.326361	3.162214e-05	2000	1	10	16
	0	0	67.500000	46.925606	3.203476e-05	2000	1	10	17
	0	0	70.312500	44.124093	3.291494e-05	2000	1	10	18
	0	0	68.906250	46.925606	3.366803e-05	2000	1	10	19
	0	0	70.312500	44.124093	3.418961e-05	2000	1	10	20
	0	0	70.312500	45.524850	3.504819e-05	2000	1	10	21
	0	0	71.718750	45.524850	3.557452e-05	2000	1	10	22
	0	0	71.718750	44.124093	3.661681e-05	2000	1	10	23
	0	0	73.125000	44.124093	3.711478e-05	2000	1	11	0
	0	0	73.125000	44.124093	3.813572e-05	2000	1	11	1
	0	0	74.531250	44.124093	3.932073e-05	2000	1	11	2
	0	0	74.531250	44.124093	4.029994e-05	2000	1	11	3
	0	0	75.937500	44.124093	4.053082e-05	2000	1	11	4
	0	0	74.531250	44.124093	4.063248e-05	2000	1	11	5
	0	0	75.937500	44.124093	4.156469e-05	2000	1	11	6
	0	0	77.343750	42.723335	4.204487e-05	2000	1	11	7
	0	0	77.343750	44.124093	4.269869e-05	2000	1	11	8
	0	0	78.750000	44.124093	4.294279e-05	2000	1	11	9
	0	0	78.750000	44.124093	4.321180e-05	2000	1	11	10
	0	0	80.156250	42.723335	4.376073e-05	2000	1	11	11
	0	0	81.562500	42.723335	4.394308e-05	2000	1	11	12
	0	0	82.968750	42.723335	4.390152e-05	2000	1	11	13
	0	0	82.968750	42.723335	4.429234e-05	2000	1	11	14
	0	0	82.968750	42.723335	4.420037e-05	2000	1	11	15
	0	0	84.375000	42.723335	4.418561e-05	2000	1	11	16
	0	0	85.781250	42.723335	4.413686e-05	2000	1	11	17
	0	0	85.781250	42.723335	4.408165e-05	2000	1	11	18
	0	0	85.781250	42.723335	4.427268e-05	2000	1	11	19
	0	0	85.781250	42.723335	4.419778e-05	2000	1	11	20
	0	0	87.187500	42.723335	4.414880e-05	2000	1	11	21
	0	0	88.593750	42.723335	4.406619e-05	2000	1	11	22
	0	0	88.593750	42.723335	4.399981e-05	2000	1	11	23
	0	0	90.000000	42.723335	4.394404e-05	2000	1	12	0
