start	95	2000	1	8	0
	30	94	42.187500	42.723335	8.510612e-06	2000	1	8	0
	30	93	42.187500	41.322576	8.670987e-06	2000	1	8	1
	31	94	43.593750	42.723335	8.892558e-06	2000	1	8	2
	31	94	43.593750	42.723335	9.126042e-06	2000	1	8	3
	31	94	43.593750	42.723335	9.549364e-06	2000	1	8	4
	32	94	45.000000	42.723335	9.628859e-06	2000	1	8	5
	32	94	45.000000	42.723335	1.002548e-05	2000	1	8	6
	32	94	45.000000	42.723335	1.022819e-05	2000	1	8	7
	32	94	45.000000	42.723335	1.057500e-05	2000	1	8	8
	33	93	46.406250	41.322576	1.077267e-05	2000	1	8	9
	34	94	47.812500	42.723335	1.089303e-05	2000	1	8	10
	33	94	46.406250	42.723335	1.119310e-05	2000	1	8	11
	35	93	49.218750	41.322576	1.128893e-05	2000	1	8	12
	35	94	49.218750	42.723335	1.157261e-05	2000	1	8	13
	34	94	47.812500	42.723335	1.191664e-05	2000	1	8	14
	35	93	49.218750	41.322576	1.219311e-05	2000	1	8	15
	36	94	50.625000	42.723335	1.245665e-05	2000	1	8	16
	36	94	50.625000	42.723335	1.292884e-05	2000	1	8	17
	36	94	50.625000	42.723335	1.319475e-05	2000	1	8	18
	36	94	50.625000	42.723335	1.361364e-05	2000	1	8	19
	36	94	50.625000	42.723335	1.373219e-05	2000	1	8	20
	37	94	52.031250	42.723335	1.413272e-05	2000	1	8	21
	37	93	52.031250	41.322576	1.446359e-05	2000	1	8	22
	38	94	53.437500	42.723335	1.462552e-05	2000	1	8	23
	38	94	53.437500	42.723335	1.481053e-05	2000	1	9	0
	38	94	53.437500	42.723335	1.504264e-05	2000	1	9	1
	38	93	53.437500	41.322576	1.553966e-05	2000	1	9	2
	38	94	53.437500	42.723335	1.589844e-05	2000	1	9	3
	40	94	56.250000	42.723335	1.618831e-05	2000	1	9	4
	40	93	56.250000	41.322576	1.655140e-05	2000	1	9	5
	40	94	56.250000	42.723335	1.705743e-05	2000	1	9	6
	40	93	56.250000	41.322576	1.728972e-05	2000	1	9	7
	40	94	56.250000	42.723335	1.769584e-05	2000	1	9	8
	41	93	57.656250	41.322576	1.783881e-05	2000	1	9	9
	41	94	57.656250	42.723335	1.843566e-05	2000	1	9	10
	41	93	57.656250	41.322576	1.858529e-05	2000	1	9	11
	41	94	57.656250	42.723335	1.919891e-05	2000	1	9	12
	42	94	59.062500	42.723335	1.935048e-05	2000	1	9	13
	43	94	60.468750	42.723335	1.970461e-05	2000	1	9	14
	42	94	59.062500	42.723335	2.011252e-05	2000	1	9	15
	43	94	60.468750	42.723335	2.061828e-05	2000	1	9	16
	43	94	60.468750	42.723335	2.107097e-05	2000	1	9	17
	44	94	61.875000	42.723335	2.136375e-05	2000	1	9	18
	43	94	60.468750	42.723335	2.174986e-05	2000	1	9	19
	44	94	61.875000	42.723335	2.223740e-05	2000	1	9	20
	45	94	63.281250	42.723335	2.266621e-05	2000	1	9	21
	44	94	61.875000	42.723335	2.300922e-05	2000	1	9	22
	45	94	63.281250	42.723335	2.321656e-05	2000	1	9	23
	46	94	64.687500	42.723335	2.369454e-05	2000	1	10	0
	46	94	64.687500	42.723335	2.389166e-05	2000	1	10	1
	46	94	64.687500	42.723335	2.453889e-05	2000	1	10	2
	46	94	64.687500	42.723335	2.487499e-05	2000	1	10	3
	46	94	64.687500	42.723335	2.534008e-05	2000	1	10	4
	47	94	66.093750	42.723335	2.579153e-05	2000	1	10	5
	47	94	66.093750	42.723335	2.631331e-05	2000	1	10	6
	47	94	66.093750	42.723335	2.678865e-05	2000	1	10	7
	48	94	67.500000	42.723335	2.732333e-05	2000	1	10	9
	48	95	67.500000	44.124093	2.786203e-05	2000	1	10	10
	49	94	68.906250	42.723335	2.830305e-05	2000	1	10	11
	48	95	67.500000	44.124093	2.898810e-05	2000	1	10	12
	50	95	70.312500	44.124093	2.943790e-05	2000	1	10	13
	49	95	68.906250	44.124093	3.031440e-05	2000	1	10	14
	47	98	66.093750	48.326361	3.162214e-05	2000	1	10	16
	48	97	67.500000	46.925606	3.203476e-05	2000	1	10	17
	50	95	70.312500	44.124093	3.291494e-05	2000	1	10	18
	49	97	68.906250	46.925606	3.366803e-05	2000	1	10	19
	50	95	70.312500	44.124093	3.418961e-05	2000	1	10	20
	50	96	70.312500	45.524850	3.504819e-05	2000	1	10	21
	51	96	71.718750	45.524850	3.557452e-05	2000	1	10	22
	51	95	71.718750	44.124093	3.661681e-05	2000	1	10	23
	52	95	73.125000	44.124093	3.711478e-05	2000	1	11	0
	52	95	73.125000	44.124093	3.813572e-05	2000	1	11	1
	53	95	74.531250	44.124093	3.932073e-05	2000	1	11	2
	53	95	74.531250	44.124093	4.029994e-05	2000	1	11	3
	54	95	75.937500	44.124093	4.053082e-05	2000	1	11	4
	53	95	74.531250	44.124093	4.063248e-05	2000	1	11	5
	54	95	75.937500	44.124093	4.156469e-05	2000	1	11	6
	55	94	77.343750	42.723335	4.204487e-05	2000	1	11	7
	55	95	77.343750	44.124093	4.269869e-05	2000	1	11	8
	56	95	78.750000	44.124093	4.294279e-05	2000	1	11	9
	56	95	78.750000	44.124093	4.321180e-05	2000	1	11	10
	57	94	80.156250	42.723335	4.376073e-05	2000	1	11	11
	58	94	81.562500	42.723335	4.394308e-05	2000	1	11	12
	59	94	82.968750	42.723335	4.390152e-05	2000	1	11	13
	59	94	82.968750	42.723335	4.429234e-05	2000	1	11	14
	59	94	82.968750	42.723335	4.420037e-05	2000	1	11	15
	60	94	84.375000	42.723335	4.418561e-05	2000	1	11	16
	61	94	85.781250	42.723335	4.413686e-05	2000	1	11	17
	61	94	85.781250	42.723335	4.408165e-05	2000	1	11	18
	61	94	85.781250	42.723335	4.427268e-05	2000	1	11	19
	61	94	85.781250	42.723335	4.419778e-05	2000	1	11	20
	62	94	87.187500	42.723335	4.414880e-05	2000	1	11	21
	63	94	88.593750	42.723335	4.406619e-05	2000	1	11	22
	63	94	88.593750	42.723335	4.399981e-05	2000	1	11	23
	64	94	90.000000	42.723335	4.394404e-05	2000	1	12	0
start	96	2000	1	8	0
	73	94	102.656250	42.723335	8.600060e-06	2000	1	8	0
	73	93	102.656250	41.322576	8.675912e-06	2000	1	8	1
	74	94	104.062500	42.723335	8.899146e-06	2000	1	8	2
	73	94	102.656250	42.723335	9.150284e-06	2000	1	8	3
	73	94	102.656250	42.723335	9.378027e-06	2000	1	8	4
	75	94	105.468750	42.723335	9.635875e-06	2000	1	8	5
	75	94	105.468750	42.723335	1.003132e-05	2000	1	8	6
	75	94	105.468750	42.723335	1.023629e-05	2000	1	8	7
	76	93	106.875000	41.322576	1.042668e-05	2000	1	8	8
	76	93	106.875000	41.322576	1.077851e-05	2000	1	8	9
	76	93	106.875000	41.322576	1.093333e-05	2000	1	8	10
	77	93	108.281250	41.322576	1.117540e-05	2000	1	8	11
	76	94	106.875000	42.723335	1.129654e-05	2000	1	8	12
	77	93	108.281250	41.322576	1.172019e-05	2000	1	8	13
	77	94	108.281250	42.723335	1.192690e-05	2000	1	8	14
	77	93	108.281250	41.322576	1.217735e-05	2000	1	8	15
	78	94	109.687500	42.723335	1.243520e-05	2000	1	8	16
	79	94	111.093750	42.723335	1.294167e-05	2000	1	8	17
	79	94	111.093750	42.723335	1.320629e-05	2000	1	8	18
	79	94	111.093750	42.723335	1.362827e-05	2000	1	8	19
	79	94	111.093750	42.723335	1.374499e-05	2000	1	8	20
	80	94	112.500000	42.723335	1.414555e-05	2000	1	8	21
	79	94	111.093750	42.723335	1.428848e-05	2000	1	8	22
	80	94	112.500000	42.723335	1.460495e-05	2000	1	8	23
	81	94	113.906250	42.723335	1.482242e-05	2000	1	9	0
	81	94	113.906250	42.723335	1.505651e-05	2000	1	9	1
	81	94	113.906250	42.723335	1.568995e-05	2000	1	9	2
	81	94	113.906250	42.723335	1.591426e-05	2000	1	9	3
	82	94	115.312500	42.723335	1.633925e-05	2000	1	9	4
	82	93	115.312500	41.322576	1.656322e-05	2000	1	9	5
	83	94	116.718750	42.723335	1.707132e-05	2000	1	9	6
	83	94	116.718750	42.723335	1.719722e-05	2000	1	9	7
	83	94	116.718750	42.723335	1.771170e-05	2000	1	9	8
	83	93	116.718750	41.322576	1.801029e-05	2000	1	9	9
	84	94	118.125000	42.723335	1.844957e-05	2000	1	9	10
	84	93	118.125000	41.322576	1.860226e-05	2000	1	9	11
	84	94	118.125000	42.723335	1.921676e-05	2000	1	9	12
	85	94	119.531250	42.723335	1.936930e-05	2000	1	9	13
	85	94	119.531250	42.723335	1.985156e-05	2000	1	9	14
	85	94	119.531250	42.723335	2.013602e-05	2000	1	9	15
	86	94	120.937500	42.723335	2.063421e-05	2000	1	9	16
	85	94	119.531250	42.723335	2.122456e-05	2000	1	9	17
	87	94	122.343750	42.723335	2.137974e-05	2000	1	9	18
	87	94	122.343750	42.723335	2.172354e-05	2000	1	9	19
	87	94	122.343750	42.723335	2.225867e-05	2000	1	9	20
	88	94	123.750000	42.723335	2.267535e-05	2000	1	9	21
	87	94	122.343750	42.723335	2.324299e-05	2000	1	9	22
	88	94	123.750000	42.723335	2.323370e-05	2000	1	9	23
	89	94	125.156250	42.723335	2.369454e-05	2000	1	10	0
	88	94	123.750000	42.723335	2.398284e-05	2000	1	10	1
	89	94	125.156250	42.723335	2.431198e-05	2000	1	10	2
	88	94	123.750000	42.723335	2.480485e-05	2000	1	10	3
	90	94	126.562500	42.723335	2.509486e-05	2000	1	10	4
	90	94	126.562500	42.723335	2.580841e-05	2000	1	10	5
	90	94	126.562500	42.723335	2.633598e-05	2000	1	10	6
	90	94	126.562500	42.723335	2.682093e-05	2000	1	10	7
	90	94	126.562500	42.723335	2.734109e-05	2000	1	10	8
	90	95	126.562500	44.124093	2.735189e-05	2000	1	10	9
	90	95	126.562500	44.124093	2.778336e-05	2000	1	10	10
	92	94	129.375000	42.723335	2.829297e-05	2000	1	10	11
	91	95	127.968750	44.124093	2.902988e-05	2000	1	10	12
	92	94	129.375000	42.723335	2.949886e-05	2000	1	10	13
	91	95	127.968750	44.124093	3.020280e-05	2000	1	10	14
	92	95	129.375000	44.124093	3.147007e-05	2000	1	10	16
	91	97	127.968750	46.925606	3.213337e-05	2000	1	10	17
	92	95	129.375000	44.124093	3.289411e-05	2000	1	10	18
	92	96	129.375000	45.524850	3.385552e-05	2000	1	10	19
	93	96	130.781250	45.524850	3.409821e-05	2000	1	10	20
	93	96	130.781250	45.524850	3.515169e-05	2000	1	10	21
	93	96	130.781250	45.524850	3.563091e-05	2000	1	10	22
	94	95	132.187500	44.124093	3.669192e-05	2000	1	10	23
	95	95	133.593750	44.124093	3.718324e-05	2000	1	11	0
	95	95	133.593750	44.124093	3.820722e-05	2000	1	11	1
	95	95	133.593750	44.124093	3.917014e-05	2000	1	11	2
	95	96	133.593750	45.524850	3.929624e-05	2000	1	11	3
	96	95	135.000000	44.124093	4.040387e-05	2000	1	11	4
	97	95	136.406250	44.124093	4.063268e-05	2000	1	11	5
	97	95	136.406250	44.124093	4.163610e-05	2000	1	11	6
	98	94	137.812500	42.723335	4.208427e-05	2000	1	11	7
	99	94	139.218750	42.723335	4.225804e-05	2000	1	11	8
	100	94	140.625000	42.723335	4.264734e-05	2000	1	11	9
	99	95	139.218750	44.124093	4.325319e-05	2000	1	11	10
	100	94	140.625000	42.723335	4.379105e-05	2000	1	11	11
	101	94	142.031250	42.723335	4.394308e-05	2000	1	11	12
	101	94	142.031250	42.723335	4.387780e-05	2000	1	11	13
	102	94	143.437500	42.723335	4.430817e-05	2000	1	11	14
	102	94	143.437500	42.723335	4.450822e-05	2000	1	11	15
	102	94	143.437500	42.723335	4.442549e-05	2000	1	11	16
	103	94	144.843750	42.723335	4.412940e-05	2000	1	11	17
	104	94	146.250000	42.723335	4.406671e-05	2000	1	11	18
	104	94	146.250000	42.723335	4.401513e-05	2000	1	11	19
	104	94	146.250000	42.723335	4.395518e-05	2000	1	11	20
	105	94	147.656250	42.723335	4.415596e-05	2000	1	11	21
	105	94	147.656250	42.723335	4.408052e-05	2000	1	11	22
	105	94	147.656250	42.723335	4.399265e-05	2000	1	11	23
	106	94	149.062500	42.723335	4.393687e-05	2000	1	12	0
start	95	2000	1	8	0
	116	94	163.125000	42.723335	8.606650e-06	2000	1	8	0
	116	93	163.125000	41.322576	8.758682e-06	2000	1	8	1
	116	94	163.125000	42.723335	8.885973e-06	2000	1	8	2
	116	94	163.125000	42.723335	9.156858e-06	2000	1	8	3
	117	94	164.531250	42.723335	9.443162e-06	2000	1	8	4
	118	94	165.937500	42.723335	9.641728e-06	2000	1	8	5
	118	94	165.937500	42.723335	1.003834e-05	2000	1	8	6
	118	94	165.937500	42.723335	1.024440e-05	2000	1	8	7
	117	94	164.531250	42.723335	1.048736e-05	2000	1	8	8
	118	94	165.937500	42.723335	1.072482e-05	2000	1	8	9
	119	93	167.343750	41.322576	1.094123e-05	2000	1	8	10
	118	94	165.937500	42.723335	1.118520e-05	2000	1	8	11
	119	94	167.343750	42.723335	1.130643e-05	2000	1	8	12
	120	94	168.750000	42.723335	1.156270e-05	2000	1	8	13
	119	94	167.343750	42.723335	1.190785e-05	2000	1	8	14
	120	94	168.750000	42.723335	1.228182e-05	2000	1	8	15
	121	93	170.156250	41.322576	1.247028e-05	2000	1	8	16
	122	94	171.562500	42.723335	1.290892e-05	2000	1	8	17
	122	94	171.562500	42.723335	1.321785e-05	2000	1	8	18
	122	94	171.562500	42.723335	1.363926e-05	2000	1	8	19
	121	94	170.156250	42.723335	1.367916e-05	2000	1	8	20
	122	94	171.562500	42.723335	1.411990e-05	2000	1	8	21
	122	93	171.562500	41.322576	1.445373e-05	2000	1	8	22
	122	94	171.562500	42.723335	1.462255e-05	2000	1	8	23
	122	94	171.562500	42.723335	1.494907e-05	2000	1	9	0
	123	94	172.968750	42.723335	1.502681e-05	2000	1	9	1
	124	94	174.375000	42.723335	1.570278e-05	2000	1	9	2
	123	94	172.968750	42.723335	1.588067e-05	2000	1	9	3
	125	94	175.781250	42.723335	1.635313e-05	2000	1	9	4
	125	93	175.781250	41.322576	1.657703e-05	2000	1	9	5
	125	94	175.781250	42.723335	1.704355e-05	2000	1	9	6
	125	93	175.781250	41.322576	1.727592e-05	2000	1	9	7
	126	94	177.187500	42.723335	1.772757e-05	2000	1	9	8
	125	93	175.781250	41.322576	1.782457e-05	2000	1	9	9
	126	94	177.187500	42.723335	1.841781e-05	2000	1	9	10
	127	94	178.593750	42.723335	1.856766e-05	2000	1	9	11
	126	94	177.187500	42.723335	1.917713e-05	2000	1	9	12
	128	94	180.000000	42.723335	1.938814e-05	2000	1	9	13
	128	94	180.000000	42.723335	1.987542e-05	2000	1	9	14
	128	94	180.000000	42.723335	2.015720e-05	2000	1	9	15
	129	94	181.406250	42.723335	2.065281e-05	2000	1	9	16
	128	94	180.000000	42.723335	2.143161e-05	2000	1	9	17
	129	94	181.406250	42.723335	2.134511e-05	2000	1	9	18
	130	94	182.812500	42.723335	2.173421e-05	2000	1	9	19
	130	94	182.812500	42.723335	2.226779e-05	2000	1	9	20
	130	94	182.812500	42.723335	2.265402e-05	2000	1	9	21
	131	93	184.218750	41.322576	2.292066e-05	2000	1	9	22
	131	94	184.218750	42.723335	2.325428e-05	2000	1	9	23
	132	94	185.625000	42.723335	2.369798e-05	2000	1	10	0
	131	94	184.218750	42.723335	2.401575e-05	2000	1	10	1
	131	94	184.218750	42.723335	2.452212e-05	2000	1	10	2
	131	94	184.218750	42.723335	2.485021e-05	2000	1	10	3
	131	94	184.218750	42.723335	2.531486e-05	2000	1	10	4
	133	94	187.031250	42.723335	2.580841e-05	2000	1	10	5
	133	94	187.031250	42.723335	2.617999e-05	2000	1	10	6
	133	94	187.031250	42.723335	2.651845e-05	2000	1	10	7
	134	94	188.437500	42.723335	2.694573e-05	2000	1	10	8
	133	95	187.031250	44.124093	2.738699e-05	2000	1	10	9
	133	95	187.031250	44.124093	2.783579e-05	2000	1	10	10
	134	94	188.437500	42.723335	2.829801e-05	2000	1	10	11
	133	95	187.031250	44.124093	2.893245e-05	2000	1	10	12
	134	95	188.437500	44.124093	3.027950e-05	2000	1	10	14
	133	97	187.031250	46.925606	3.094343e-05	2000	1	10	15
	133	97	187.031250	46.925606	3.205373e-05	2000	1	10	17
	133	98	187.031250	48.326361	3.292944e-05	2000	1	10	18
	134	97	188.437500	46.925606	3.356184e-05	2000	1	10	19
	136	96	191.250000	45.524850	3.418941e-05	2000	1	10	20
	136	96	191.250000	45.524850	3.525537e-05	2000	1	10	21
	136	96	191.250000	45.524850	3.572432e-05	2000	1	10	22
	136	95	191.250000	44.124093	3.654181e-05	2000	1	10	23
	136	96	191.250000	45.524850	3.768512e-05	2000	1	11	0
	137	95	192.656250	44.124093	3.806431e-05	2000	1	11	1
	138	95	194.062500	44.124093	3.924142e-05	2000	1	11	2
	139	95	195.468750	44.124093	3.948653e-05	2000	1	11	3
	139	95	195.468750	44.124093	4.048318e-05	2000	1	11	4
	139	95	195.468750	44.124093	4.146256e-05	2000	1	11	5
	140	95	196.875000	44.124093	4.168377e-05	2000	1	11	6
	141	95	198.281250	44.124093	4.208034e-05	2000	1	11	7
	142	94	199.687500	42.723335	4.228078e-05	2000	1	11	8
	141	95	198.281250	44.124093	4.287292e-05	2000	1	11	9
	142	94	199.687500	42.723335	4.333710e-05	2000	1	11	10
	143	94	201.093750	42.723335	4.382139e-05	2000	1	11	11
	143	94	201.093750	42.723335	4.391147e-05	2000	1	11	12
	144	94	202.500000	42.723335	4.389361e-05	2000	1	11	13
	144	94	202.500000	42.723335	4.404942e-05	2000	1	11	14
	145	94	203.906250	42.723335	4.423201e-05	2000	1	11	15
	145	94	203.906250	42.723335	4.443264e-05	2000	1	11	16
	146	94	205.312500	42.723335	4.413686e-05	2000	1	11	17
	146	94	205.312500	42.723335	4.406671e-05	2000	1	11	18
	146	94	205.312500	42.723335	4.400019e-05	2000	1	11	19
	147	94	206.718750	42.723335	4.395518e-05	2000	1	11	20
	147	94	206.718750	42.723335	4.413448e-05	2000	1	11	21
	148	94	208.125000	42.723335	4.408052e-05	2000	1	11	22
	148	94	208.125000	42.723335	4.400698e-05	2000	1	11	23
	149	94	209.531250	42.723335	4.393687e-05	2000	1	12	0
start	95	2000	1	8	0
	158	94	222.187500	42.723335	8.510612e-06	2000	1	8	0
	158	93	222.187500	41.322576	8.670987e-06	2000	1	8	1
	159	94	223.593750	42.723335	8.892558e-06	2000	1	8	2
	159	94	223.593750	42.723335	9.126042e-06	2000	1	8	3
	159	94	223.593750	42.723335	9.549364e-06	2000	1	8	4
	160	94	225.000000	42.723335	9.628859e-06	2000	1	8	5
	160	94	225.000000	42.723335	1.002548e-05	2000	1	8	6
	160	94	225.000000	42.723335	1.022819e-05	2000	1	8	7
	160	94	225.000000	42.723335	1.057500e-05	2000	1	8	8
	161	93	226.406250	41.322576	1.077267e-05	2000	1	8	9
	162	94	227.812500	42.723335	1.089303e-05	2000	1	8	10
	161	94	226.406250	42.723335	1.119310e-05	2000	1	8	11
	163	93	229.218750	41.322576	1.128893e-05	2000	1	8	12
	163	94	229.218750	42.723335	1.157261e-05	2000	1	8	13
	162	94	227.812500	42.723335	1.191664e-05	2000	1	8	14
	163	93	229.218750	41.322576	1.219311e-05	2000	1	8	15
	164	94	230.625000	42.723335	1.245665e-05	2000	1	8	16
	164	94	230.625000	42.723335	1.292884e-05	2000	1	8	17
	164	94	230.625000	42.723335	1.319475e-05	2000	1	8	18
	164	94	230.625000	42.723335	1.361364e-05	2000	1	8	19
	164	94	230.625000	42.723335	1.373219e-05	2000	1	8	20
	165	94	232.031250	42.723335	1.413272e-05	2000	1	8	21
	165	93	232.031250	41.322576	1.446359e-05	2000	1	8	22
	166	94	233.437500	42.723335	1.462552e-05	2000	1	8	23
	166	94	233.437500	42.723335	1.481053e-05	2000	1	9	0
	166	94	233.437500	42.723335	1.504264e-05	2000	1	9	1
	166	93	233.437500	41.322576	1.553966e-05	2000	1	9	2
	166	94	233.437500	42.723335	1.589844e-05	2000	1	9	3
	166	94	233.437500	42.723335	1.631218e-05	2000	1	9	4
	168	93	236.250000	41.322576	1.655140e-05	2000	1	9	5
	168	94	236.250000	42.723335	1.705743e-05	2000	1	9	6
	168	93	236.250000	41.322576	1.728972e-05	2000	1	9	7
	168	94	236.250000	42.723335	1.769584e-05	2000	1	9	8
	169	93	237.656250	41.322576	1.783881e-05	2000	1	9	9
	169	94	237.656250	42.723335	1.843566e-05	2000	1	9	10
	169	93	237.656250	41.322576	1.858529e-05	2000	1	9	11
	169	94	237.656250	42.723335	1.919891e-05	2000	1	9	12
	170	94	239.062500	42.723335	1.935048e-05	2000	1	9	13
	171	94	240.468750	42.723335	1.970461e-05	2000	1	9	14
	170	94	239.062500	42.723335	2.011252e-05	2000	1	9	15
	171	94	240.468750	42.723335	2.061828e-05	2000	1	9	16
	171	94	240.468750	42.723335	2.107097e-05	2000	1	9	17
	172	94	241.875000	42.723335	2.136375e-05	2000	1	9	18
	171	94	240.468750	42.723335	2.174986e-05	2000	1	9	19
	172	94	241.875000	42.723335	2.223740e-05	2000	1	9	20
	173	94	243.281250	42.723335	2.266621e-05	2000	1	9	21
	172	94	241.875000	42.723335	2.300922e-05	2000	1	9	22
	174	94	244.687500	42.723335	2.325428e-05	2000	1	9	23
	174	94	244.687500	42.723335	2.369454e-05	2000	1	10	0
	174	94	244.687500	42.723335	2.389166e-05	2000	1	10	1
	174	94	244.687500	42.723335	2.453889e-05	2000	1	10	2
	174	94	244.687500	42.723335	2.487499e-05	2000	1	10	3
	174	94	244.687500	42.723335	2.534008e-05	2000	1	10	4
	175	94	246.093750	42.723335	2.579153e-05	2000	1	10	5
	175	94	246.093750	42.723335	2.631331e-05	2000	1	10	6
	175	94	246.093750	42.723335	2.679326e-05	2000	1	10	7
	176	94	247.500000	42.723335	2.732333e-05	2000	1	10	9
	176	95	247.500000	44.124093	2.786203e-05	2000	1	10	10
	177	94	248.906250	42.723335	2.830305e-05	2000	1	10	11
	176	95	247.500000	44.124093	2.898810e-05	2000	1	10	12
	178	95	250.312500	44.124093	2.943790e-05	2000	1	10	13
	177	95	248.906250	44.124093	3.031440e-05	2000	1	10	14
	175	98	246.093750	48.326361	3.162214e-05	2000	1	10	16
	176	97	247.500000	46.925606	3.203476e-05	2000	1	10	17
	178	95	250.312500	44.124093	3.291494e-05	2000	1	10	18
	177	97	248.906250	46.925606	3.366803e-05	2000	1	10	19
	178	95	250.312500	44.124093	3.418961e-05	2000	1	10	20
	178	96	250.312500	45.524850	3.504819e-05	2000	1	10	21
	179	96	251.718750	45.524850	3.557452e-05	2000	1	10	22
	179	95	251.718750	44.124093	3.661681e-05	2000	1	10	23
	180	95	253.125000	44.124093	3.711478e-05	2000	1	11	0
	180	95	253.125000	44.124093	3.813572e-05	2000	1	11	1
	181	95	254.531250	44.124093	3.932073e-05	2000	1	11	2
	181	95	254.531250	44.124093	4.029994e-05	2000	1	11	3
	182	95	255.937500	44.124093	4.053082e-05	2000	1	11	4
	181	95	254.531250	44.124093	4.063248e-05	2000	1	11	5
	182	95	255.937500	44.124093	4.156469e-05	2000	1	11	6
	183	94	257.343750	42.723335	4.204487e-05	2000	1	11	7
	183	95	257.343750	44.124093	4.269869e-05	2000	1	11	8
	184	95	258.750000	44.124093	4.294279e-05	2000	1	11	9
	184	95	258.750000	44.124093	4.321180e-05	2000	1	11	10
	185	94	260.156250	42.723335	4.376073e-05	2000	1	11	11
	186	94	261.562500	42.723335	4.394308e-05	2000	1	11	12
	187	94	262.968750	42.723335	4.390152e-05	2000	1	11	13
	187	94	262.968750	42.723335	4.429234e-05	2000	1	11	14
	187	94	262.968750	42.723335	4.420037e-05	2000	1	11	15
	188	94	264.375000	42.723335	4.418561e-05	2000	1	11	16
	189	94	265.781250	42.723335	4.413686e-05	2000	1	11	17
	189	94	265.781250	42.723335	4.408165e-05	2000	1	11	18
	189	94	265.781250	42.723335	4.427268e-05	2000	1	11	19
	189	94	265.781250	42.723335	4.419778e-05	2000	1	11	20
	190	94	267.187500	42.723335	4.414880e-05	2000	1	11	21
	191	94	268.593750	42.723335	4.406619e-05	2000	1	11	22
	191	94	268.593750	42.723335	4.399981e-05	2000	1	11	23
	192	94	270.000000	42.723335	4.394404e-05	2000	1	12	0
start	96	2000	1	8	0
	201	94	282.656250	42.723335	8.600060e-06	2000	1	8	0
	201	93	282.656250	41.322576	8.675912e-06	2000	1	8	1
	202	94	284.062500	42.723335	8.899146e-06	2000	1	8	2
	201	94	282.656250	42.723335	9.150284e-06	2000	1	8	3
	201	94	282.656250	42.723335	9.378027e-06	2000	1	8	4
	203	94	285.468750	42.723335	9.635875e-06	2000	1	8	5
	203	94	285.468750	42.723335	1.003132e-05	2000	1	8	6
	203	94	285.468750	42.723335	1.023629e-05	2000	1	8	7
	204	93	286.875000	41.322576	1.042668e-05	2000	1	8	8
	204	93	286.875000	41.322576	1.077851e-05	2000	1	8	9
	204	93	286.875000	41.322576	1.093333e-05	2000	1	8	10
	205	93	288.281250	41.322576	1.117540e-05	2000	1	8	11
	204	94	286.875000	42.723335	1.129654e-05	2000	1	8	12
	205	93	288.281250	41.322576	1.172019e-05	2000	1	8	13
	205	94	288.281250	42.723335	1.192690e-05	2000	1	8	14
	205	93	288.281250	41.322576	1.217735e-05	2000	1	8	15
	206	94	289.687500	42.723335	1.243520e-05	2000	1	8	16
	207	94	291.093750	42.723335	1.294167e-05	2000	1	8	17
	207	94	291.093750	42.723335	1.320629e-05	2000	1	8	18
	207	94	291.093750	42.723335	1.362827e-05	2000	1	8	19
	207	94	291.093750	42.723335	1.374499e-05	2000	1	8	20
	208	94	292.500000	42.723335	1.414555e-05	2000	1	8	21
	207	94	291.093750	42.723335	1.428848e-05	2000	1	8	22
	208	94	292.500000	42.723335	1.460495e-05	2000	1	8	23
	209	94	293.906250	42.723335	1.482242e-05	2000	1	9	0
	209	94	293.906250	42.723335	1.505651e-05	2000	1	9	1
	209	94	293.906250	42.723335	1.568995e-05	2000	1	9	2
	209	94	293.906250	42.723335	1.591426e-05	2000	1	9	3
	210	94	295.312500	42.723335	1.633925e-05	2000	1	9	4
	210	93	295.312500	41.322576	1.656322e-05	2000	1	9	5
	211	94	296.718750	42.723335	1.707132e-05	2000	1	9	6
	211	94	296.718750	42.723335	1.719722e-05	2000	1	9	7
	211	94	296.718750	42.723335	1.771170e-05	2000	1	9	8
	211	93	296.718750	41.322576	1.801029e-05	2000	1	9	9
	212	94	298.125000	42.723335	1.844957e-05	2000	1	9	10
	212	93	298.125000	41.322576	1.860226e-05	2000	1	9	11
	212	94	298.125000	42.723335	1.921676e-05	2000	1	9	12
	213	94	299.531250	42.723335	1.936930e-05	2000	1	9	13
	213	94	299.531250	42.723335	1.985156e-05	2000	1	9	14
	213	94	299.531250	42.723335	2.013602e-05	2000	1	9	15
	214	94	300.937500	42.723335	2.063421e-05	2000	1	9	16
	213	94	299.531250	42.723335	2.122456e-05	2000	1	9	17
	215	94	302.343750	42.723335	2.137974e-05	2000	1	9	18
	215	94	302.343750	42.723335	2.172354e-05	2000	1	9	19
	215	94	302.343750	42.723335	2.225867e-05	2000	1	9	20
	216	94	303.750000	42.723335	2.267535e-05	2000	1	9	21
	215	94	302.343750	42.723335	2.324299e-05	2000	1	9	22
	216	94	303.750000	42.723335	2.323370e-05	2000	1	9	23
	217	94	305.156250	42.723335	2.369454e-05	2000	1	10	0
	216	94	303.750000	42.723335	2.398284e-05	2000	1	10	1
	217	94	305.156250	42.723335	2.431198e-05	2000	1	10	2
	216	94	303.750000	42.723335	2.480485e-05	2000	1	10	3
	218	94	306.562500	42.723335	2.509486e-05	2000	1	10	4
	218	94	306.562500	42.723335	2.580841e-05	2000	1	10	5
	218	94	306.562500	42.723335	2.633598e-05	2000	1	10	6
	218	94	306.562500	42.723335	2.682093e-05	2000	1	10	7
	218	94	306.562500	42.723335	2.734109e-05	2000	1	10	8
	218	95	306.562500	44.124093	2.735189e-05	2000	1	10	9
	218	95	306.562500	44.124093	2.778336e-05	2000	1	10	10
	220	94	309.375000	42.723335	2.829297e-05	2000	1	10	11
	219	95	307.968750	44.124093	2.902988e-05	2000	1	10	12
	220	94	309.375000	42.723335	2.949886e-05	2000	1	10	13
	219	95	307.968750	44.124093	3.020280e-05	2000	1	10	14
	220	95	309.375000	44.124093	3.147007e-05	2000	1	10	16
	219	97	307.968750	46.925606	3.213337e-05	2000	1	10	17
	220	95	309.375000	44.124093	3.289411e-05	2000	1	10	18
	220	96	309.375000	45.524850	3.385552e-05	2000	1	10	19
	221	96	310.781250	45.524850	3.409821e-05	2000	1	10	20
	221	96	310.781250	45.524850	3.515169e-05	2000	1	10	21
	221	96	310.781250	45.524850	3.563091e-05	2000	1	10	22
	222	95	312.187500	44.124093	3.669192e-05	2000	1	10	23
	223	95	313.593750	44.124093	3.718324e-05	2000	1	11	0
	223	95	313.593750	44.124093	3.820722e-05	2000	1	11	1
	223	95	313.593750	44.124093	3.917014e-05	2000	1	11	2
	224	95	315.000000	44.124093	3.941223e-05	2000	1	11	3
	224	95	315.000000	44.124093	4.040387e-05	2000	1	11	4
	225	95	316.406250	44.124093	4.063268e-05	2000	1	11	5
	225	95	316.406250	44.124093	4.163610e-05	2000	1	11	6
	226	94	317.812500	42.723335	4.208427e-05	2000	1	11	7
	227	94	319.218750	42.723335	4.225804e-05	2000	1	11	8
	228	94	320.625000	42.723335	4.264734e-05	2000	1	11	9
	227	95	319.218750	44.124093	4.325319e-05	2000	1	11	10
	228	94	320.625000	42.723335	4.379105e-05	2000	1	11	11
	229	94	322.031250	42.723335	4.394308e-05	2000	1	11	12
	229	94	322.031250	42.723335	4.387780e-05	2000	1	11	13
	230	94	323.437500	42.723335	4.430817e-05	2000	1	11	14
	230	94	323.437500	42.723335	4.450822e-05	2000	1	11	15
	230	94	323.437500	42.723335	4.442549e-05	2000	1	11	16
	231	94	324.843750	42.723335	4.412940e-05	2000	1	11	17
	232	94	326.250000	42.723335	4.406671e-05	2000	1	11	18
	232	94	326.250000	42.723335	4.401513e-05	2000	1	11	19
	232	94	326.250000	42.723335	4.395518e-05	2000	1	11	20
	233	94	327.656250	42.723335	4.415596e-05	2000	1	11	21
	233	94	327.656250	42.723335	4.408052e-05	2000	1	11	22
	233	94	327.656250	42.723335	4.399265e-05	2000	1	11	23
	234	94	329.062500	42.723335	4.393687e-05	2000	1	12	0
start	95	2000	1	8	0
	244	94	343.125000	42.723335	8.606650e-06	2000	1	8	0
	244	93	343.125000	41.322576	8.758682e-06	2000	1	8	1
	244	94	343.125000	42.723335	8.885973e-06	2000	1	8	2
	244	94	343.125000	42.723335	9.156858e-06	2000	1	8	3
	245	94	344.531250	42.723335	9.443162e-06	2000	1	8	4
	246	94	345.937500	42.723335	9.641728e-06	2000	1	8	5
	246	94	345.937500	42.723335	1.003834e-05	2000	1	8	6
	246	94	345.937500	42.723335	1.024440e-05	2000	1	8	7
	245	94	344.531250	42.723335	1.048736e-05	2000	1	8	8
	246	94	345.937500	42.723335	1.072482e-05	2000	1	8	9
	247	93	347.343750	41.322576	1.094123e-05	2000	1	8	10
	246	94	345.937500	42.723335	1.118520e-05	2000	1	8	11
	247	94	347.343750	42.723335	1.130643e-05	2000	1	8	12
	248	94	348.750000	42.723335	1.156270e-05	2000	1	8	13
	247	94	347.343750	42.723335	1.190785e-05	2000	1	8	14
	248	94	348.750000	42.723335	1.228182e-05	2000	1	8	15
	249	93	350.156250	41.322576	1.247028e-05	2000	1	8	16
	250	94	351.562500	42.723335	1.290892e-05	2000	1	8	17
	250	94	351.562500	42.723335	1.321785e-05	2000	1	8	18
	250	94	351.562500	42.723335	1.363926e-05	2000	1	8	19
	249	94	350.156250	42.723335	1.367916e-05	2000	1	8	20
	250	94	351.562500	42.723335	1.411990e-05	2000	1	8	21
	250	93	351.562500	41.322576	1.445373e-05	2000	1	8	22
	250	94	351.562500	42.723335	1.462255e-05	2000	1	8	23
	250	94	351.562500	42.723335	1.494907e-05	2000	1	9	0
	251	94	352.968750	42.723335	1.502681e-05	2000	1	9	1
	252	94	354.375000	42.723335	1.570278e-05	2000	1	9	2
	251	94	352.968750	42.723335	1.588067e-05	2000	1	9	3
	253	94	355.781250	42.723335	1.635313e-05	2000	1	9	4
	253	93	355.781250	41.322576	1.657703e-05	2000	1	9	5
	253	94	355.781250	42.723335	1.704355e-05	2000	1	9	6
	253	93	355.781250	41.322576	1.727592e-05	2000	1	9	7
	254	94	357.187500	42.723335	1.772757e-05	2000	1	9	8
	253	93	355.781250	41.322576	1.782457e-05	2000	1	9	9
	254	94	357.187500	42.723335	1.841781e-05	2000	1	9	10
	255	94	358.593750	42.723335	1.856766e-05	2000	1	9	11
	254	94	357.187500	42.723335	1.917713e-05	2000	1	9	12
	0	94	0.000000	42.723335	1.938814e-05	2000	1	9	13
	0	94	0.000000	42.723335	1.987542e-05	2000	1	9	14
	0	94	0.000000	42.723335	2.015720e-05	2000	1	9	15
	1	94	1.406250	42.723335	2.065281e-05	2000	1	9	16
	0	94	0.000000	42.723335	2.143161e-05	2000	1	9	17
	1	94	1.406250	42.723335	2.134511e-05	2000	1	9	18
	2	94	2.812500	42.723335	2.173421e-05	2000	1	9	19
	2	94	2.812500	42.723335	2.226779e-05	2000	1	9	20
	2	94	2.812500	42.723335	2.265402e-05	2000	1	9	21
	3	93	4.218750	41.322576	2.292066e-05	2000	1	9	22
	3	94	4.218750	42.723335	2.325428e-05	2000	1	9	23
	4	94	5.625000	42.723335	2.369798e-05	2000	1	10	0
	3	94	4.218750	42.723335	2.401575e-05	2000	1	10	1
	3	94	4.218750	42.723335	2.452631e-05	2000	1	10	2
	3	94	4.218750	42.723335	2.485021e-05	2000	1	10	3
	3	94	4.218750	42.723335	2.531486e-05	2000	1	10	4
	5	94	7.031250	42.723335	2.580841e-05	2000	1	10	5
	5	94	7.031250	42.723335	2.617999e-05	2000	1	10	6
	5	94	7.031250	42.723335	2.651845e-05	2000	1	10	7
	6	94	8.437500	42.723335	2.694573e-05	2000	1	10	8
	5	95	7.031250	44.124093	2.738699e-05	2000	1	10	9
	5	95	7.031250	44.124093	2.783579e-05	2000	1	10	10
	6	94	8.437500	42.723335	2.829801e-05	2000	1	10	11
	5	95	7.031250	44.124093	2.893245e-05	2000	1	10	12
	6	95	8.437500	44.124093	3.027950e-05	2000	1	10	14
	5	97	7.031250	46.925606	3.094343e-05	2000	1	10	15
	5	97	7.031250	46.925606	3.205373e-05	2000	1	10	17
	5	98	7.031250	48.326361	3.292944e-05	2000	1	10	18
	6	97	8.437500	46.925606	3.356184e-05	2000	1	10	19
	8	96	11.250000	45.524850	3.418941e-05	2000	1	10	20
	8	96	11.250000	45.524850	3.525537e-05	2000	1	10	21
	8	96	11.250000	45.524850	3.572432e-05	2000	1	10	22
	8	95	11.250000	44.124093	3.654181e-05	2000	1	10	23
	8	96	11.250000	45.524850	3.768512e-05	2000	1	11	0
	9	95	12.656250	44.124093	3.806431e-05	2000	1	11	1
	10	95	14.062500	44.124093	3.924142e-05	2000	1	11	2
	11	95	15.468750	44.124093	3.948653e-05	2000	1	11	3
	11	95	15.468750	44.124093	4.048318e-05	2000	1	11	4
	11	95	15.468750	44.124093	4.146256e-05	2000	1	11	5
	12	95	16.875000	44.124093	4.168377e-05	2000	1	11	6
	13	95	18.281250	44.124093	4.208034e-05	2000	1	11	7
	14	94	19.687500	42.723335	4.228078e-05	2000	1	11	8
	13	95	18.281250	44.124093	4.287292e-05	2000	1	11	9
	14	94	19.687500	42.723335	4.333710e-05	2000	1	11	10
	15	94	21.093750	42.723335	4.382139e-05	2000	1	11	11
	15	94	21.093750	42.723335	4.391147e-05	2000	1	11	12
	16	94	22.500000	42.723335	4.389361e-05	2000	1	11	13
	16	94	22.500000	42.723335	4.404942e-05	2000	1	11	14
	17	94	23.906250	42.723335	4.423201e-05	2000	1	11	15
	17	94	23.906250	42.723335	4.443978e-05	2000	1	11	16
	18	94	25.312500	42.723335	4.413686e-05	2000	1	11	17
	18	94	25.312500	42.723335	4.406671e-05	2000	1	11	18
	18	94	25.312500	42.723335	4.400019e-05	2000	1	11	19
	19	94	26.718750	42.723335	4.395518e-05	2000	1	11	20
	19	94	26.718750	42.723335	4.413448e-05	2000	1	11	21
	20	94	28.125000	42.723335	4.408052e-05	2000	1	11	22
	20	94	28.125000	42.723335	4.400698e-05	2000	1	11	23
	21	94	29.531250	42.723335	4.393687e-05	2000	1	12	0
start	97	2000	1	8	0
	68	103	95.625000	55.330112	8.022351e-06	2000	1	8	0
	68	104	95.625000	56.730857	8.331470e-06	2000	1	8	1
	68	104	95.625000	56.730857	8.660916e-06	2000	1	8	2
	69	104	97.031250	56.730857	8.779394e-06	2000	1	8	3
	69	104	97.031250	56.730857	9.148886e-06	2000	1	8	4
	70	104	98.437500	56.730857	9.560906e-06	2000	1	8	5
	70	104	98.437500	56.730857	9.965769e-06	2000	1	8	6
	70	104	98.437500	56.730857	1.033335e-05	2000	1	8	7
	70	104	98.437500	56.730857	1.048750e-05	2000	1	8	8
	70	104	98.437500	56.730857	1.089103e-05	2000	1	8	9
	70	104	98.437500	56.730857	1.130317e-05	2000	1	8	10
	71	104	99.843750	56.730857	1.160258e-05	2000	1	8	11
	72	104	101.250000	56.730857	1.204996e-05	2000	1	8	12
	72	104	101.250000	56.730857	1.240132e-05	2000	1	8	13
	72	104	101.250000	56.730857	1.285692e-05	2000	1	8	14
	72	104	101.250000	56.730857	1.319389e-05	2000	1	8	15
	72	104	101.250000	56.730857	1.366054e-05	2000	1	8	16
	72	104	101.250000	56.730857	1.414140e-05	2000	1	8	17
	73	104	102.656250	56.730857	1.455778e-05	2000	1	8	18
	74	104	104.062500	56.730857	1.511534e-05	2000	1	8	19
	74	104	104.062500	56.730857	1.568480e-05	2000	1	8	20
	74	103	104.062500	55.330112	1.622708e-05	2000	1	8	21
	74	103	104.062500	55.330112	1.681480e-05	2000	1	8	22
	74	104	104.062500	56.730857	1.714471e-05	2000	1	8	23
	75	104	105.468750	56.730857	1.757983e-05	2000	1	9	0
	75	104	105.468750	56.730857	1.792896e-05	2000	1	9	1
	76	103	106.875000	55.330112	1.833410e-05	2000	1	9	2
	76	103	106.875000	55.330112	1.893468e-05	2000	1	9	3
	76	103	106.875000	55.330112	1.952868e-05	2000	1	9	4
	76	103	106.875000	55.330112	2.012359e-05	2000	1	9	5
	76	103	106.875000	55.330112	2.069750e-05	2000	1	9	6
	76	104	106.875000	56.730857	2.072673e-05	2000	1	9	7
	76	104	106.875000	56.730857	2.115256e-05	2000	1	9	8
	77	104	108.281250	56.730857	2.169645e-05	2000	1	9	9
	77	104	108.281250	56.730857	2.184406e-05	2000	1	9	10
	78	104	109.687500	56.730857	2.244356e-05	2000	1	9	11
	77	104	108.281250	56.730857	2.282794e-05	2000	1	9	12
	78	104	109.687500	56.730857	2.338857e-05	2000	1	9	13
	79	104	111.093750	56.730857	2.348601e-05	2000	1	9	14
	79	104	111.093750	56.730857	2.400844e-05	2000	1	9	15
	79	104	111.093750	56.730857	2.456939e-05	2000	1	9	16
	79	105	111.093750	58.131598	2.469170e-05	2000	1	9	17
	79	104	111.093750	56.730857	2.509513e-05	2000	1	9	18
	80	103	112.500000	55.330112	2.540698e-05	2000	1	9	19
	79	105	111.093750	58.131598	2.580993e-05	2000	1	9	20
	80	103	112.500000	55.330112	2.606219e-05	2000	1	9	21
	81	104	113.906250	56.730857	2.641208e-05	2000	1	9	22
	81	104	113.906250	56.730857	2.669514e-05	2000	1	9	23
	81	104	113.906250	56.730857	2.723027e-05	2000	1	10	0
	82	103	115.312500	55.330112	2.756887e-05	2000	1	10	1
	82	104	115.312500	56.730857	2.790360e-05	2000	1	10	2
	83	104	116.718750	56.730857	2.819096e-05	2000	1	10	3
	82	104	115.312500	56.730857	2.862920e-05	2000	1	10	4
	83	104	116.718750	56.730857	2.893709e-05	2000	1	10	5
	84	103	118.125000	55.330112	2.934743e-05	2000	1	10	6
	83	104	116.718750	56.730857	2.962171e-05	2000	1	10	7
	83	104	116.718750	56.730857	3.006005e-05	2000	1	10	8
	84	104	118.125000	56.730857	3.040120e-05	2000	1	10	9
	84	103	118.125000	55.330112	3.066559e-05	2000	1	10	10
	85	104	119.531250	56.730857	3.071052e-05	2000	1	10	11
	85	104	119.531250	56.730857	3.103781e-05	2000	1	10	12
	85	104	119.531250	56.730857	3.160402e-05	2000	1	10	13
	86	103	120.937500	55.330112	3.181402e-05	2000	1	10	14
	85	104	119.531250	56.730857	3.216264e-05	2000	1	10	15
	86	103	120.937500	55.330112	3.239719e-05	2000	1	10	16
	86	103	120.937500	55.330112	3.262176e-05	2000	1	10	17
	86	105	120.937500	58.131598	3.274992e-05	2000	1	10	18
	86	105	120.937500	58.131598	3.308655e-05	2000	1	10	19
	86	105	120.937500	58.131598	3.335717e-05	2000	1	10	20
	87	104	122.343750	56.730857	3.377165e-05	2000	1	10	21
	87	104	122.343750	56.730857	3.396509e-05	2000	1	10	22
	87	105	122.343750	58.131598	3.420738e-05	2000	1	10	23
	87	105	122.343750	58.131598	3.440252e-05	2000	1	11	0
	87	105	122.343750	58.131598	3.445082e-05	2000	1	11	1
	88	103	123.750000	55.330112	3.475692e-05	2000	1	11	2
	88	106	123.750000	59.532337	3.498527e-05	2000	1	11	3
	88	106	123.750000	59.532337	3.530576e-05	2000	1	11	4
	88	106	123.750000	59.532337	3.557998e-05	2000	1	11	5
	88	106	123.750000	59.532337	3.570419e-05	2000	1	11	6
	88	107	123.750000	60.933072	3.593288e-05	2000	1	11	7
	88	107	123.750000	60.933072	3.614270e-05	2000	1	11	8
	89	107	125.156250	60.933072	3.639790e-05	2000	1	11	9
	89	107	125.156250	60.933072	3.676363e-05	2000	1	11	10
	89	107	125.156250	60.933072	3.734579e-05	2000	1	11	11
	89	107	125.156250	60.933072	3.769546e-05	2000	1	11	12
	89	107	125.156250	60.933072	3.782098e-05	2000	1	11	13
	89	107	125.156250	60.933072	3.782233e-05	2000	1	11	14
	89	107	125.156250	60.933072	3.768528e-05	2000	1	11	15
	89	107	125.156250	60.933072	3.764269e-05	2000	1	11	16
	90	107	126.562500	60.933072	3.767008e-05	2000	1	11	17
	89	108	125.156250	62.333803	3.760950e-05	2000	1	11	18
	90	108	126.562500	62.333803	3.760539e-05	2000	1	11	19
	90	108	126.562500	62.333803	3.762205e-05	2000	1	11	20
	90	108	126.562500	62.333803	3.760392e-05	2000	1	11	21
	90	108	126.562500	62.333803	3.779971e-05	2000	1	11	22
	90	108	126.562500	62.333803	3.755421e-05	2000	1	11	23
	90	108	126.562500	62.333803	3.774163e-05	2000	1	12	0
start	97	2000	1	8	0
	196	103	275.625000	55.330112	8.022351e-06	2000	1	8	0
	196	104	275.625000	56.730857	8.331470e-06	2000	1	8	1
	196	104	275.625000	56.730857	8.660916e-06	2000	1	8	2
	197	104	277.031250	56.730857	8.779394e-06	2000	1	8	3
	197	104	277.031250	56.730857	9.148886e-06	2000	1	8	4
	198	104	278.437500	56.730857	9.560906e-06	2000	1	8	5
	198	104	278.437500	56.730857	9.965769e-06	2000	1	8	6
	198	104	278.437500	56.730857	1.033335e-05	2000	1	8	7
	198	104	278.437500	56.730857	1.048750e-05	2000	1	8	8
	198	104	278.437500	56.730857	1.089103e-05	2000	1	8	9
	198	104	278.437500	56.730857	1.130317e-05	2000	1	8	10
	199	104	279.843750	56.730857	1.160258e-05	2000	1	8	11
	200	104	281.250000	56.730857	1.204996e-05	2000	1	8	12
	200	104	281.250000	56.730857	1.240132e-05	2000	1	8	13
	200	104	281.250000	56.730857	1.285692e-05	2000	1	8	14
	200	104	281.250000	56.730857	1.325242e-05	2000	1	8	15
	200	104	281.250000	56.730857	1.366054e-05	2000	1	8	16
	200	104	281.250000	56.730857	1.414140e-05	2000	1	8	17
	201	104	282.656250	56.730857	1.455778e-05	2000	1	8	18
	202	104	284.062500	56.730857	1.511534e-05	2000	1	8	19
	202	104	284.062500	56.730857	1.568480e-05	2000	1	8	20
	202	103	284.062500	55.330112	1.622708e-05	2000	1	8	21
	202	103	284.062500	55.330112	1.681480e-05	2000	1	8	22
	202	104	284.062500	56.730857	1.714471e-05	2000	1	8	23
	203	104	285.468750	56.730857	1.757983e-05	2000	1	9	0
	203	104	285.468750	56.730857	1.792896e-05	2000	1	9	1
	204	103	286.875000	55.330112	1.833410e-05	2000	1	9	2
	204	103	286.875000	55.330112	1.893468e-05	2000	1	9	3
	204	103	286.875000	55.330112	1.952868e-05	2000	1	9	4
	204	103	286.875000	55.330112	2.012359e-05	2000	1	9	5
	204	103	286.875000	55.330112	2.069750e-05	2000	1	9	6
	204	104	286.875000	56.730857	2.072673e-05	2000	1	9	7
	204	104	286.875000	56.730857	2.115256e-05	2000	1	9	8
	205	104	288.281250	56.730857	2.169645e-05	2000	1	9	9
	205	104	288.281250	56.730857	2.184406e-05	2000	1	9	10
	206	104	289.687500	56.730857	2.244356e-05	2000	1	9	11
	205	104	288.281250	56.730857	2.282794e-05	2000	1	9	12
	206	104	289.687500	56.730857	2.338857e-05	2000	1	9	13
	207	104	291.093750	56.730857	2.348601e-05	2000	1	9	14
	207	104	291.093750	56.730857	2.400844e-05	2000	1	9	15
	207	104	291.093750	56.730857	2.456939e-05	2000	1	9	16
	207	105	291.093750	58.131598	2.469170e-05	2000	1	9	17
	207	104	291.093750	56.730857	2.509513e-05	2000	1	9	18
	208	103	292.500000	55.330112	2.540698e-05	2000	1	9	19
	207	105	291.093750	58.131598	2.580993e-05	2000	1	9	20
	208	103	292.500000	55.330112	2.606219e-05	2000	1	9	21
	209	104	293.906250	56.730857	2.641208e-05	2000	1	9	22
	209	104	293.906250	56.730857	2.669514e-05	2000	1	9	23
	209	104	293.906250	56.730857	2.723027e-05	2000	1	10	0
	210	103	295.312500	55.330112	2.756887e-05	2000	1	10	1
	210	104	295.312500	56.730857	2.790360e-05	2000	1	10	2
	211	104	296.718750	56.730857	2.819096e-05	2000	1	10	3
	210	104	295.312500	56.730857	2.862920e-05	2000	1	10	4
	211	104	296.718750	56.730857	2.893709e-05	2000	1	10	5
	212	103	298.125000	55.330112	2.934743e-05	2000	1	10	6
	211	104	296.718750	56.730857	2.962171e-05	2000	1	10	7
	211	104	296.718750	56.730857	3.006005e-05	2000	1	10	8
	212	104	298.125000	56.730857	3.040120e-05	2000	1	10	9
	212	103	298.125000	55.330112	3.066559e-05	2000	1	10	10
	213	104	299.531250	56.730857	3.071052e-05	2000	1	10	11
	213	104	299.531250	56.730857	3.103781e-05	2000	1	10	12
	213	104	299.531250	56.730857	3.160402e-05	2000	1	10	13
	214	103	300.937500	55.330112	3.181402e-05	2000	1	10	14
	213	104	299.531250	56.730857	3.216264e-05	2000	1	10	15
	214	103	300.937500	55.330112	3.239719e-05	2000	1	10	16
	214	103	300.937500	55.330112	3.262176e-05	2000	1	10	17
	214	105	300.937500	58.131598	3.274992e-05	2000	1	10	18
	214	105	300.937500	58.131598	3.308655e-05	2000	1	10	19
	214	105	300.937500	58.131598	3.335717e-05	2000	1	10	20
	215	104	302.343750	56.730857	3.377165e-05	2000	1	10	21
	215	104	302.343750	56.730857	3.396509e-05	2000	1	10	22
	215	105	302.343750	58.131598	3.420738e-05	2000	1	10	23
	215	105	302.343750	58.131598	3.440252e-05	2000	1	11	0
	215	105	302.343750	58.131598	3.445878e-05	2000	1	11	1
	216	103	303.750000	55.330112	3.475692e-05	2000	1	11	2
	216	106	303.750000	59.532337	3.498527e-05	2000	1	11	3
	216	106	303.750000	59.532337	3.530576e-05	2000	1	11	4
	216	106	303.750000	59.532337	3.557998e-05	2000	1	11	5
	216	106	303.750000	59.532337	3.570419e-05	2000	1	11	6
	216	107	303.750000	60.933072	3.593288e-05	2000	1	11	7
	216	107	303.750000	60.933072	3.614270e-05	2000	1	11	8
	217	107	305.156250	60.933072	3.639790e-05	2000	1	11	9
	217	107	305.156250	60.933072	3.676363e-05	2000	1	11	10
	217	107	305.156250	60.933072	3.734579e-05	2000	1	11	11
	217	107	305.156250	60.933072	3.769546e-05	2000	1	11	12
	217	107	305.156250	60.933072	3.782098e-05	2000	1	11	13
	217	107	305.156250	60.933072	3.782233e-05	2000	1	11	14
	217	107	305.156250	60.933072	3.768528e-05	2000	1	11	15
	217	107	305.156250	60.933072	3.764269e-05	2000	1	11	16
	218	107	306.562500	60.933072	3.767008e-05	2000	1	11	17
	217	108	305.156250	62.333803	3.760950e-05	2000	1	11	18
	218	108	306.562500	62.333803	3.760539e-05	2000	1	11	19
	218	108	306.562500	62.333803	3.762205e-05	2000	1	11	20
	218	108	306.562500	62.333803	3.760392e-05	2000	1	11	21
	218	108	306.562500	62.333803	3.780687e-05	2000	1	11	22
	218	108	306.562500	62.333803	3.755421e-05	2000	1	11	23
	218	108	306.562500	62.333803	3.774163e-05	2000	1	12	0
start	96	2000	1	8	0
	26	104	36.562500	56.730857	8.015189e-06	2000	1	8	0
	26	104	36.562500	56.730857	8.342246e-06	2000	1	8	1
	26	104	36.562500	56.730857	8.503268e-06	2000	1	8	2
	26	105	36.562500	58.131598	8.819863e-06	2000	1	8	3
	27	104	37.968750	56.730857	9.170494e-06	2000	1	8	4
	27	104	37.968750	56.730857	9.549375e-06	2000	1	8	5
	27	104	37.968750	56.730857	9.952806e-06	2000	1	8	6
	27	104	37.968750	56.730857	1.032134e-05	2000	1	8	7
	28	104	39.375000	56.730857	1.049664e-05	2000	1	8	8
	28	104	39.375000	56.730857	1.092119e-05	2000	1	8	9
	29	104	40.781250	56.730857	1.124934e-05	2000	1	8	10
	29	104	40.781250	56.730857	1.169624e-05	2000	1	8	11
	29	104	40.781250	56.730857	1.205391e-05	2000	1	8	12
	29	104	40.781250	56.730857	1.251126e-05	2000	1	8	13
	29	104	40.781250	56.730857	1.283485e-05	2000	1	8	14
	29	104	40.781250	56.730857	1.328271e-05	2000	1	8	15
	30	103	42.187500	55.330112	1.368208e-05	2000	1	8	16
	30	103	42.187500	55.330112	1.415130e-05	2000	1	8	17
	31	104	43.593750	56.730857	1.478830e-05	2000	1	8	18
	31	104	43.593750	56.730857	1.535333e-05	2000	1	8	19
	31	104	43.593750	56.730857	1.581277e-05	2000	1	8	20
	31	104	43.593750	56.730857	1.631366e-05	2000	1	8	21
	31	104	43.593750	56.730857	1.685689e-05	2000	1	8	22
	32	103	45.000000	55.330112	1.715363e-05	2000	1	8	23
	32	103	45.000000	55.330112	1.777355e-05	2000	1	9	0
	32	103	45.000000	55.330112	1.823714e-05	2000	1	9	1
	33	104	46.406250	56.730857	1.848530e-05	2000	1	9	2
	33	104	46.406250	56.730857	1.913455e-05	2000	1	9	3
	33	104	46.406250	56.730857	1.962943e-05	2000	1	9	4
	33	104	46.406250	56.730857	2.001240e-05	2000	1	9	5
	33	104	46.406250	56.730857	2.068305e-05	2000	1	9	6
	33	104	46.406250	56.730857	2.096810e-05	2000	1	9	7
	33	104	46.406250	56.730857	2.130531e-05	2000	1	9	8
	34	103	47.812500	55.330112	2.164728e-05	2000	1	9	9
	35	104	49.218750	56.730857	2.199728e-05	2000	1	9	10
	35	104	49.218750	56.730857	2.263720e-05	2000	1	9	11
	35	104	49.218750	56.730857	2.301015e-05	2000	1	9	12
	35	104	49.218750	56.730857	2.331274e-05	2000	1	9	13
	35	104	49.218750	56.730857	2.366325e-05	2000	1	9	14
	35	104	49.218750	56.730857	2.419740e-05	2000	1	9	15
	36	104	50.625000	56.730857	2.427413e-05	2000	1	9	16
	37	104	52.031250	56.730857	2.469647e-05	2000	1	9	17
	37	104	52.031250	56.730857	2.512844e-05	2000	1	9	18
	37	104	52.031250	56.730857	2.570819e-05	2000	1	9	19
	37	104	52.031250	56.730857	2.585625e-05	2000	1	9	20
	37	104	52.031250	56.730857	2.620849e-05	2000	1	9	21
	38	103	53.437500	55.330112	2.640969e-05	2000	1	9	22
	38	105	53.437500	58.131598	2.662858e-05	2000	1	9	23
	39	104	54.843750	56.730857	2.707048e-05	2000	1	10	0
	39	104	54.843750	56.730857	2.733247e-05	2000	1	10	1
	39	104	54.843750	56.730857	2.796556e-05	2000	1	10	2
	40	103	56.250000	55.330112	2.837673e-05	2000	1	10	3
	39	104	54.843750	56.730857	2.848418e-05	2000	1	10	4
	41	104	57.656250	56.730857	2.901627e-05	2000	1	10	5
	40	103	56.250000	55.330112	2.922139e-05	2000	1	10	6
	41	104	57.656250	56.730857	2.973227e-05	2000	1	10	7
	41	104	57.656250	56.730857	2.988327e-05	2000	1	10	8
	41	104	57.656250	56.730857	3.029286e-05	2000	1	10	9
	42	103	59.062500	55.330112	3.058889e-05	2000	1	10	10
	42	103	59.062500	55.330112	3.110415e-05	2000	1	10	11
	42	103	59.062500	55.330112	3.123194e-05	2000	1	10	12
	42	104	59.062500	56.730857	3.145662e-05	2000	1	10	13
	42	104	59.062500	56.730857	3.163574e-05	2000	1	10	14
	43	105	60.468750	58.131598	3.193957e-05	2000	1	10	15
	43	105	60.468750	58.131598	3.221515e-05	2000	1	10	16
	43	105	60.468750	58.131598	3.285308e-05	2000	1	10	17
	43	105	60.468750	58.131598	3.298993e-05	2000	1	10	18
	44	103	61.875000	55.330112	3.331171e-05	2000	1	10	19
	44	105	61.875000	58.131598	3.351335e-05	2000	1	10	21
	44	105	61.875000	58.131598	3.360732e-05	2000	1	10	22
	44	106	61.875000	59.532337	3.430880e-05	2000	1	10	23
	44	106	61.875000	59.532337	3.455856e-05	2000	1	11	0
	44	106	61.875000	59.532337	3.497524e-05	2000	1	11	1
	44	106	61.875000	59.532337	3.497710e-05	2000	1	11	2
	45	105	63.281250	58.131598	3.519235e-05	2000	1	11	3
	45	105	63.281250	58.131598	3.541846e-05	2000	1	11	4
	45	105	63.281250	58.131598	3.536880e-05	2000	1	11	5
	46	106	64.687500	59.532337	3.576247e-05	2000	1	11	6
	45	107	63.281250	60.933072	3.613393e-05	2000	1	11	7
	46	106	64.687500	59.532337	3.659003e-05	2000	1	11	8
	46	106	64.687500	59.532337	3.678086e-05	2000	1	11	9
	46	107	64.687500	60.933072	3.710265e-05	2000	1	11	10
	46	107	64.687500	60.933072	3.730618e-05	2000	1	11	11
	46	107	64.687500	60.933072	3.744141e-05	2000	1	11	12
	46	107	64.687500	60.933072	3.749183e-05	2000	1	11	13
	46	107	64.687500	60.933072	3.740516e-05	2000	1	11	14
	47	108	66.093750	62.333803	3.749487e-05	2000	1	11	15
	47	107	66.093750	60.933072	3.757823e-05	2000	1	11	16
	47	108	66.093750	62.333803	3.786212e-05	2000	1	11	17
	47	108	66.093750	62.333803	3.822449e-05	2000	1	11	18
	47	108	66.093750	62.333803	3.803906e-05	2000	1	11	19
	47	108	66.093750	62.333803	3.830403e-05	2000	1	11	20
	47	108	66.093750	62.333803	3.804349e-05	2000	1	11	21
	47	108	66.093750	62.333803	3.801081e-05	2000	1	11	22
	48	107	67.500000	60.933072	3.773947e-05	2000	1	11	23
	47	108	66.093750	62.333803	3.744326e-05	2000	1	12	0
start	97	2000	1	8	0
	111	104	156.093750	56.730857	8.017377e-06	2000	1	8	0
	111	104	156.093750	56.730857	8.342417e-06	2000	1	8	1
	111	104	156.093750	56.730857	8.490897e-06	2000	1	8	2
	111	105	156.093750	58.131598	8.812743e-06	2000	1	8	3
	112	104	157.500000	56.730857	9.160405e-06	2000	1	8	4
	112	104	157.500000	56.730857	9.537855e-06	2000	1	8	5
	112	104	157.500000	56.730857	9.704315e-06	2000	1	8	6
	112	104	157.500000	56.730857	1.012874e-05	2000	1	8	7
	113	105	158.906250	58.131598	1.054898e-05	2000	1	8	8
	113	104	158.906250	56.730857	1.090690e-05	2000	1	8	9
	113	104	158.906250	56.730857	1.129968e-05	2000	1	8	10
	114	104	160.312500	56.730857	1.167965e-05	2000	1	8	11
	114	104	160.312500	56.730857	1.203668e-05	2000	1	8	12
	114	103	160.312500	55.330112	1.234198e-05	2000	1	8	13
	114	104	160.312500	56.730857	1.263867e-05	2000	1	8	14
	116	103	163.125000	55.330112	1.304223e-05	2000	1	8	15
	115	104	161.718750	56.730857	1.357664e-05	2000	1	8	16
	116	103	163.125000	55.330112	1.411644e-05	2000	1	8	17
	116	104	163.125000	56.730857	1.458692e-05	2000	1	8	18
	116	104	163.125000	56.730857	1.526304e-05	2000	1	8	19
	116	103	163.125000	55.330112	1.567568e-05	2000	1	8	20
	116	104	163.125000	56.730857	1.611119e-05	2000	1	8	21
	116	103	163.125000	55.330112	1.649006e-05	2000	1	8	22
	117	104	164.531250	56.730857	1.716584e-05	2000	1	8	23
	118	104	165.937500	56.730857	1.759452e-05	2000	1	9	0
	118	103	165.937500	55.330112	1.813667e-05	2000	1	9	1
	118	103	165.937500	55.330112	1.855665e-05	2000	1	9	2
	118	103	165.937500	55.330112	1.914791e-05	2000	1	9	3
	118	104	165.937500	56.730857	1.957171e-05	2000	1	9	4
	118	103	165.937500	55.330112	1.995616e-05	2000	1	9	5
	119	104	167.343750	56.730857	2.026471e-05	2000	1	9	6
	119	104	167.343750	56.730857	2.074510e-05	2000	1	9	7
	120	104	168.750000	56.730857	2.134128e-05	2000	1	9	8
	120	104	168.750000	56.730857	2.178357e-05	2000	1	9	9
	120	104	168.750000	56.730857	2.212761e-05	2000	1	9	10
	120	103	168.750000	55.330112	2.260123e-05	2000	1	9	11
	120	104	168.750000	56.730857	2.291238e-05	2000	1	9	12
	120	104	168.750000	56.730857	2.320347e-05	2000	1	9	13
	121	104	170.156250	56.730857	2.372119e-05	2000	1	9	14
	121	104	170.156250	56.730857	2.409530e-05	2000	1	9	15
	122	104	171.562500	56.730857	2.445715e-05	2000	1	9	16
	122	104	171.562500	56.730857	2.501350e-05	2000	1	9	17
	122	104	171.562500	56.730857	2.522410e-05	2000	1	9	18
	122	104	171.562500	56.730857	2.580451e-05	2000	1	9	19
	122	104	171.562500	56.730857	2.577629e-05	2000	1	9	20
	123	104	172.968750	56.730857	2.619448e-05	2000	1	9	21
	124	104	174.375000	56.730857	2.631372e-05	2000	1	9	22
	123	104	172.968750	56.730857	2.670134e-05	2000	1	9	23
	124	104	174.375000	56.730857	2.719185e-05	2000	1	10	0
	124	104	174.375000	56.730857	2.754819e-05	2000	1	10	1
	124	104	174.375000	56.730857	2.802734e-05	2000	1	10	2
	126	104	177.187500	56.730857	2.818446e-05	2000	1	10	3
	126	103	177.187500	55.330112	2.861037e-05	2000	1	10	4
	126	104	177.187500	56.730857	2.910140e-05	2000	1	10	5
	126	104	177.187500	56.730857	2.967306e-05	2000	1	10	6
	126	104	177.187500	56.730857	2.979578e-05	2000	1	10	7
	126	104	177.187500	56.730857	3.023384e-05	2000	1	10	8
	126	104	177.187500	56.730857	3.016680e-05	2000	1	10	9
	127	104	178.593750	56.730857	3.056751e-05	2000	1	10	10
	128	104	180.000000	56.730857	3.097309e-05	2000	1	10	11
	128	104	180.000000	56.730857	3.117255e-05	2000	1	10	12
	128	104	180.000000	56.730857	3.188676e-05	2000	1	10	13
	128	104	180.000000	56.730857	3.209067e-05	2000	1	10	14
	128	104	180.000000	56.730857	3.247613e-05	2000	1	10	15
	128	105	180.000000	58.131598	3.280782e-05	2000	1	10	16
	128	105	180.000000	58.131598	3.307253e-05	2000	1	10	17
	128	105	180.000000	58.131598	3.320166e-05	2000	1	10	18
	128	105	180.000000	58.131598	3.346238e-05	2000	1	10	19
	128	105	180.000000	58.131598	3.376024e-05	2000	1	10	20
	130	104	182.812500	56.730857	3.367497e-05	2000	1	10	21
	130	104	182.812500	56.730857	3.386895e-05	2000	1	10	22
	130	104	182.812500	56.730857	3.451081e-05	2000	1	10	23
	130	105	182.812500	58.131598	3.465356e-05	2000	1	11	0
	130	105	182.812500	58.131598	3.502849e-05	2000	1	11	1
	130	105	182.812500	58.131598	3.507724e-05	2000	1	11	2
	130	106	182.812500	59.532337	3.539381e-05	2000	1	11	3
	130	106	182.812500	59.532337	3.584292e-05	2000	1	11	4
	130	106	182.812500	59.532337	3.556958e-05	2000	1	11	5
	130	106	182.812500	59.532337	3.567280e-05	2000	1	11	6
	131	106	184.218750	59.532337	3.587572e-05	2000	1	11	7
	131	106	184.218750	59.532337	3.609835e-05	2000	1	11	8
	131	107	184.218750	60.933072	3.641815e-05	2000	1	11	9
	131	107	184.218750	60.933072	3.677499e-05	2000	1	11	10
	132	106	185.625000	59.532337	3.680261e-05	2000	1	11	11
	132	106	185.625000	59.532337	3.696763e-05	2000	1	11	12
	132	106	185.625000	59.532337	3.709699e-05	2000	1	11	13
	132	107	185.625000	60.933072	3.721834e-05	2000	1	11	14
	132	107	185.625000	60.933072	3.724012e-05	2000	1	11	15
	132	107	185.625000	60.933072	3.734787e-05	2000	1	11	16
	133	107	187.031250	60.933072	3.739453e-05	2000	1	11	17
	133	108	187.031250	62.333803	3.752888e-05	2000	1	11	18
	133	107	187.031250	60.933072	3.774865e-05	2000	1	11	19
	133	108	187.031250	62.333803	3.790070e-05	2000	1	11	20
	133	108	187.031250	62.333803	3.811478e-05	2000	1	11	21
	133	108	187.031250	62.333803	3.832163e-05	2000	1	11	22
	133	108	187.031250	62.333803	3.829895e-05	2000	1	11	23
	133	108	187.031250	62.333803	3.848608e-05	2000	1	12	0
start	96	2000	1	8	0
	154	104	216.562500	56.730857	8.015189e-06	2000	1	8	0
	154	104	216.562500	56.730857	8.342246e-06	2000	1	8	1
	154	104	216.562500	56.730857	8.503268e-06	2000	1	8	2
	154	105	216.562500	58.131598	8.819863e-06	2000	1	8	3
	155	104	217.968750	56.730857	9.170494e-06	2000	1	8	4
	155	104	217.968750	56.730857	9.549375e-06	2000	1	8	5
	155	104	217.968750	56.730857	9.952806e-06	2000	1	8	6
	155	104	217.968750	56.730857	1.032134e-05	2000	1	8	7
	156	104	219.375000	56.730857	1.049664e-05	2000	1	8	8
	156	104	219.375000	56.730857	1.092119e-05	2000	1	8	9
	157	104	220.781250	56.730857	1.124934e-05	2000	1	8	10
	157	104	220.781250	56.730857	1.169624e-05	2000	1	8	11
	157	104	220.781250	56.730857	1.205391e-05	2000	1	8	12
	157	104	220.781250	56.730857	1.251126e-05	2000	1	8	13
	157	104	220.781250	56.730857	1.283485e-05	2000	1	8	14
	157	104	220.781250	56.730857	1.328271e-05	2000	1	8	15
	158	103	222.187500	55.330112	1.368208e-05	2000	1	8	16
	158	103	222.187500	55.330112	1.415130e-05	2000	1	8	17
	159	104	223.593750	56.730857	1.478830e-05	2000	1	8	18
	159	104	223.593750	56.730857	1.535333e-05	2000	1	8	19
	159	104	223.593750	56.730857	1.581277e-05	2000	1	8	20
	159	104	223.593750	56.730857	1.631366e-05	2000	1	8	21
	159	104	223.593750	56.730857	1.685689e-05	2000	1	8	22
	160	103	225.000000	55.330112	1.715363e-05	2000	1	8	23
	160	103	225.000000	55.330112	1.777355e-05	2000	1	9	0
	160	103	225.000000	55.330112	1.823714e-05	2000	1	9	1
	161	104	226.406250	56.730857	1.848530e-05	2000	1	9	2
	161	104	226.406250	56.730857	1.913455e-05	2000	1	9	3
	161	104	226.406250	56.730857	1.962943e-05	2000	1	9	4
	161	104	226.406250	56.730857	2.001526e-05	2000	1	9	5
	161	104	226.406250	56.730857	2.068305e-05	2000	1	9	6
	161	104	226.406250	56.730857	2.096810e-05	2000	1	9	7
	161	104	226.406250	56.730857	2.130531e-05	2000	1	9	8
	162	103	227.812500	55.330112	2.164728e-05	2000	1	9	9
	163	104	229.218750	56.730857	2.199728e-05	2000	1	9	10
	163	104	229.218750	56.730857	2.263720e-05	2000	1	9	11
	163	104	229.218750	56.730857	2.301015e-05	2000	1	9	12
	163	104	229.218750	56.730857	2.331274e-05	2000	1	9	13
	163	104	229.218750	56.730857	2.366325e-05	2000	1	9	14
	163	104	229.218750	56.730857	2.419740e-05	2000	1	9	15
	164	104	230.625000	56.730857	2.427413e-05	2000	1	9	16
	165	104	232.031250	56.730857	2.469647e-05	2000	1	9	17
	165	104	232.031250	56.730857	2.512844e-05	2000	1	9	18
	165	104	232.031250	56.730857	2.570819e-05	2000	1	9	19
	165	104	232.031250	56.730857	2.585625e-05	2000	1	9	20
	165	104	232.031250	56.730857	2.620849e-05	2000	1	9	21
	166	103	233.437500	55.330112	2.640969e-05	2000	1	9	22
	166	105	233.437500	58.131598	2.662858e-05	2000	1	9	23
	167	104	234.843750	56.730857	2.707048e-05	2000	1	10	0
	167	104	234.843750	56.730857	2.733247e-05	2000	1	10	1
	167	104	234.843750	56.730857	2.796556e-05	2000	1	10	2
	168	103	236.250000	55.330112	2.837673e-05	2000	1	10	3
	167	104	234.843750	56.730857	2.848418e-05	2000	1	10	4
	169	104	237.656250	56.730857	2.901627e-05	2000	1	10	5
	168	103	236.250000	55.330112	2.922139e-05	2000	1	10	6
	169	104	237.656250	56.730857	2.973227e-05	2000	1	10	7
	169	104	237.656250	56.730857	2.988327e-05	2000	1	10	8
	169	104	237.656250	56.730857	3.029286e-05	2000	1	10	9
	170	103	239.062500	55.330112	3.058889e-05	2000	1	10	10
	170	103	239.062500	55.330112	3.110415e-05	2000	1	10	11
	170	103	239.062500	55.330112	3.123194e-05	2000	1	10	12
	170	104	239.062500	56.730857	3.145662e-05	2000	1	10	13
	170	104	239.062500	56.730857	3.163574e-05	2000	1	10	14
	171	105	240.468750	58.131598	3.193957e-05	2000	1	10	15
	171	105	240.468750	58.131598	3.221515e-05	2000	1	10	16
	171	105	240.468750	58.131598	3.285308e-05	2000	1	10	17
	171	105	240.468750	58.131598	3.298993e-05	2000	1	10	18
	172	103	241.875000	55.330112	3.331171e-05	2000	1	10	19
	172	105	241.875000	58.131598	3.351335e-05	2000	1	10	21
	172	105	241.875000	58.131598	3.360732e-05	2000	1	10	22
	172	106	241.875000	59.532337	3.430880e-05	2000	1	10	23
	172	106	241.875000	59.532337	3.455856e-05	2000	1	11	0
	172	106	241.875000	59.532337	3.497524e-05	2000	1	11	1
	172	106	241.875000	59.532337	3.497710e-05	2000	1	11	2
	173	105	243.281250	58.131598	3.519235e-05	2000	1	11	3
	173	105	243.281250	58.131598	3.541846e-05	2000	1	11	4
	173	105	243.281250	58.131598	3.536880e-05	2000	1	11	5
	174	106	244.687500	59.532337	3.576247e-05	2000	1	11	6
	173	107	243.281250	60.933072	3.613393e-05	2000	1	11	7
	174	106	244.687500	59.532337	3.659003e-05	2000	1	11	8
	174	106	244.687500	59.532337	3.678086e-05	2000	1	11	9
	174	107	244.687500	60.933072	3.710265e-05	2000	1	11	10
	174	107	244.687500	60.933072	3.730618e-05	2000	1	11	11
	174	107	244.687500	60.933072	3.744141e-05	2000	1	11	12
	174	107	244.687500	60.933072	3.749183e-05	2000	1	11	13
	174	107	244.687500	60.933072	3.740516e-05	2000	1	11	14
	175	108	246.093750	62.333803	3.749487e-05	2000	1	11	15
	175	107	246.093750	60.933072	3.757823e-05	2000	1	11	16
	175	108	246.093750	62.333803	3.786212e-05	2000	1	11	17
	175	108	246.093750	62.333803	3.822449e-05	2000	1	11	18
	175	108	246.093750	62.333803	3.803906e-05	2000	1	11	19
	175	108	246.093750	62.333803	3.830403e-05	2000	1	11	20
	175	108	246.093750	62.333803	3.804349e-05	2000	1	11	21
	175	108	246.093750	62.333803	3.801081e-05	2000	1	11	22
	176	107	247.500000	60.933072	3.773947e-05	2000	1	11	23
	175	108	246.093750	62.333803	3.744326e-05	2000	1	12	0
start	97	2000	1	8	0
	239	104	336.093750	56.730857	8.017377e-06	2000	1	8	0
	239	104	336.093750	56.730857	8.342417e-06	2000	1	8	1
	239	104	336.093750	56.730857	8.490897e-06	2000	1	8	2
	239	105	336.093750	58.131598	8.812743e-06	2000	1	8	3
	240	104	337.500000	56.730857	9.160405e-06	2000	1	8	4
	240	104	337.500000	56.730857	9.537855e-06	2000	1	8	5
	240	104	337.500000	56.730857	9.704315e-06	2000	1	8	6
	240	104	337.500000	56.730857	1.012874e-05	2000	1	8	7
	241	105	338.906250	58.131598	1.054898e-05	2000	1	8	8
	241	104	338.906250	56.730857	1.090690e-05	2000	1	8	9
	241	104	338.906250	56.730857	1.129968e-05	2000	1	8	10
	242	104	340.312500	56.730857	1.167965e-05	2000	1	8	11
	242	104	340.312500	56.730857	1.203668e-05	2000	1	8	12
	242	103	340.312500	55.330112	1.234198e-05	2000	1	8	13
	242	104	340.312500	56.730857	1.263867e-05	2000	1	8	14
	244	103	343.125000	55.330112	1.304223e-05	2000	1	8	15
	243	104	341.718750	56.730857	1.357664e-05	2000	1	8	16
	244	103	343.125000	55.330112	1.411644e-05	2000	1	8	17
	244	104	343.125000	56.730857	1.458692e-05	2000	1	8	18
	244	104	343.125000	56.730857	1.526304e-05	2000	1	8	19
	244	103	343.125000	55.330112	1.567568e-05	2000	1	8	20
	244	104	343.125000	56.730857	1.611119e-05	2000	1	8	21
	244	103	343.125000	55.330112	1.649006e-05	2000	1	8	22
	245	104	344.531250	56.730857	1.716584e-05	2000	1	8	23
	246	104	345.937500	56.730857	1.759452e-05	2000	1	9	0
	246	103	345.937500	55.330112	1.813667e-05	2000	1	9	1
	246	103	345.937500	55.330112	1.855665e-05	2000	1	9	2
	246	103	345.937500	55.330112	1.914791e-05	2000	1	9	3
	246	104	345.937500	56.730857	1.957171e-05	2000	1	9	4
	246	103	345.937500	55.330112	1.995616e-05	2000	1	9	5
	247	104	347.343750	56.730857	2.026471e-05	2000	1	9	6
	247	104	347.343750	56.730857	2.074510e-05	2000	1	9	7
	248	104	348.750000	56.730857	2.134128e-05	2000	1	9	8
	248	104	348.750000	56.730857	2.178357e-05	2000	1	9	9
	248	104	348.750000	56.730857	2.212761e-05	2000	1	9	10
	248	103	348.750000	55.330112	2.260123e-05	2000	1	9	11
	248	104	348.750000	56.730857	2.291238e-05	2000	1	9	12
	248	104	348.750000	56.730857	2.320347e-05	2000	1	9	13
	249	104	350.156250	56.730857	2.372119e-05	2000	1	9	14
	249	104	350.156250	56.730857	2.409530e-05	2000	1	9	15
	250	104	351.562500	56.730857	2.445715e-05	2000	1	9	16
	250	104	351.562500	56.730857	2.501350e-05	2000	1	9	17
	250	104	351.562500	56.730857	2.522007e-05	2000	1	9	18
	250	104	351.562500	56.730857	2.580451e-05	2000	1	9	19
	250	104	351.562500	56.730857	2.577629e-05	2000	1	9	20
	251	104	352.968750	56.730857	2.619448e-05	2000	1	9	21
	252	104	354.375000	56.730857	2.631372e-05	2000	1	9	22
	251	104	352.968750	56.730857	2.670134e-05	2000	1	9	23
	252	104	354.375000	56.730857	2.719185e-05	2000	1	10	0
	252	104	354.375000	56.730857	2.754819e-05	2000	1	10	1
	252	104	354.375000	56.730857	2.802734e-05	2000	1	10	2
	254	104	357.187500	56.730857	2.818446e-05	2000	1	10	3
	254	103	357.187500	55.330112	2.861037e-05	2000	1	10	4
	254	104	357.187500	56.730857	2.910140e-05	2000	1	10	5
	254	104	357.187500	56.730857	2.967306e-05	2000	1	10	6
	254	104	357.187500	56.730857	2.979578e-05	2000	1	10	7
	254	104	357.187500	56.730857	3.023384e-05	2000	1	10	8
	254	104	357.187500	56.730857	3.016680e-05	2000	1	10	9
	255	104	358.593750	56.730857	3.056751e-05	2000	1	10	10
	0	104	0.000000	56.730857	3.097309e-05	2000	1	10	11
	0	104	0.000000	56.730857	3.117255e-05	2000	1	10	12
	0	104	0.000000	56.730857	3.188676e-05	2000	1	10	13
	0	104	0.000000	56.730857	3.209067e-05	2000	1	10	14
	0	104	0.000000	56.730857	3.247613e-05	2000	1	10	15
	0	105	0.000000	58.131598	3.280782e-05	2000	1	10	16
	0	105	0.000000	58.131598	3.307253e-05	2000	1	10	17
	0	105	0.000000	58.131598	3.320166e-05	2000	1	10	18
	0	105	0.000000	58.131598	3.346238e-05	2000	1	10	19
	0	105	0.000000	58.131598	3.376024e-05	2000	1	10	20
	2	104	2.812500	56.730857	3.367497e-05	2000	1	10	21
	2	104	2.812500	56.730857	3.386895e-05	2000	1	10	22
	2	104	2.812500	56.730857	3.451081e-05	2000	1	10	23
	2	105	2.812500	58.131598	3.465356e-05	2000	1	11	0
	2	105	2.812500	58.131598	3.502849e-05	2000	1	11	1
	2	105	2.812500	58.131598	3.507724e-05	2000	1	11	2
	2	106	2.812500	59.532337	3.539381e-05	2000	1	11	3
	2	106	2.812500	59.532337	3.584292e-05	2000	1	11	4
	2	106	2.812500	59.532337	3.556958e-05	2000	1	11	5
	2	106	2.812500	59.532337	3.567280e-05	2000	1	11	6
	3	106	4.218750	59.532337	3.587572e-05	2000	1	11	7
	3	106	4.218750	59.532337	3.609835e-05	2000	1	11	8
	3	107	4.218750	60.933072	3.641815e-05	2000	1	11	9
	3	107	4.218750	60.933072	3.677499e-05	2000	1	11	10
	4	106	5.625000	59.532337	3.680261e-05	2000	1	11	11
	4	106	5.625000	59.532337	3.696763e-05	2000	1	11	12
	4	106	5.625000	59.532337	3.709699e-05	2000	1	11	13
	4	107	5.625000	60.933072	3.721834e-05	2000	1	11	14
	4	107	5.625000	60.933072	3.724012e-05	2000	1	11	15
	4	107	5.625000	60.933072	3.734787e-05	2000	1	11	16
	5	107	7.031250	60.933072	3.739453e-05	2000	1	11	17
	5	108	7.031250	62.333803	3.752258e-05	2000	1	11	18
	5	107	7.031250	60.933072	3.774865e-05	2000	1	11	19
	5	108	7.031250	62.333803	3.790070e-05	2000	1	11	20
	5	108	7.031250	62.333803	3.811478e-05	2000	1	11	21
	5	108	7.031250	62.333803	3.832163e-05	2000	1	11	22
	5	108	7.031250	62.333803	3.829895e-05	2000	1	11	23
	5	108	7.031250	62.333803	3.847954e-05	2000	1	12	0
