start	87	2000	1	9	10
	0	0	225.000000	51.127867	-3.134993e-05	2000	1	9	10
	0	0	226.406250	49.727115	-3.175212e-05	2000	1	9	11
	0	0	226.406250	49.727115	-3.221432e-05	2000	1	9	12
	0	0	226.406250	49.727115	-3.260923e-05	2000	1	9	13
	0	0	227.812500	49.727115	-3.316077e-05	2000	1	9	14
	0	0	227.812500	48.326361	-3.362242e-05	2000	1	9	15
	0	0	229.218750	49.727115	-3.400856e-05	2000	1	9	16
	0	0	229.218750	49.727115	-3.470252e-05	2000	1	9	17
	0	0	230.625000	49.727115	-3.508481e-05	2000	1	9	18
	0	0	230.625000	49.727115	-3.570049e-05	2000	1	9	19
	0	0	230.625000	48.326361	-3.605676e-05	2000	1	9	20
	0	0	232.031250	48.326361	-3.669575e-05	2000	1	9	21
	0	0	232.031250	48.326361	-3.708999e-05	2000	1	9	22
	0	0	233.437500	49.727115	-3.779343e-05	2000	1	9	23
	0	0	234.843750	49.727115	-3.814472e-05	2000	1	10	0
	0	0	234.843750	49.727115	-3.882330e-05	2000	1	10	1
	0	0	234.843750	49.727115	-3.946993e-05	2000	1	10	2
	0	0	236.250000	49.727115	-4.016043e-05	2000	1	10	3
	0	0	236.250000	48.326361	-4.084817e-05	2000	1	10	4
	0	0	237.656250	49.727115	-4.153662e-05	2000	1	10	5
	0	0	237.656250	49.727115	-4.241799e-05	2000	1	10	6
	0	0	239.062500	48.326361	-4.310539e-05	2000	1	10	7
	0	0	239.062500	48.326361	-4.383885e-05	2000	1	10	8
	0	0	239.062500	48.326361	-4.429307e-05	2000	1	10	9
	0	0	240.468750	48.326361	-4.496786e-05	2000	1	10	10
	0	0	241.875000	48.326361	-4.577696e-05	2000	1	10	11
	0	0	241.875000	48.326361	-4.664098e-05	2000	1	10	12
	0	0	243.281250	48.326361	-4.742658e-05	2000	1	10	13
	0	0	243.281250	49.727115	-4.796514e-05	2000	1	10	14
	0	0	243.281250	48.326361	-4.869791e-05	2000	1	10	15
	0	0	244.687500	49.727115	-4.955797e-05	2000	1	10	16
	0	0	246.093750	48.326361	-5.064430e-05	2000	1	10	17
	0	0	246.093750	48.326361	-5.097764e-05	2000	1	10	18
	0	0	247.500000	49.727115	-5.189119e-05	2000	1	10	19
	0	0	247.500000	49.727115	-5.230972e-05	2000	1	10	20
	0	0	248.906250	48.326361	-5.277277e-05	2000	1	10	21
	0	0	250.312500	49.727115	-5.304985e-05	2000	1	10	22
	0	0	250.312500	48.326361	-5.314209e-05	2000	1	10	23
	0	0	251.718750	48.326361	-5.346269e-05	2000	1	11	0
	0	0	253.125000	49.727115	-5.393039e-05	2000	1	11	1
	0	0	253.125000	49.727115	-5.382358e-05	2000	1	11	2
	0	0	254.531250	49.727115	-5.377383e-05	2000	1	11	3
	0	0	255.937500	48.326361	-5.403482e-05	2000	1	11	4
	0	0	257.343750	49.727115	-5.415587e-05	2000	1	11	5
	0	0	257.343750	49.727115	-5.393954e-05	2000	1	11	6
	0	0	258.750000	48.326361	-5.364782e-05	2000	1	11	7
	0	0	260.156250	49.727115	-5.375089e-05	2000	1	11	8
	0	0	260.156250	48.326361	-5.351814e-05	2000	1	11	9
	0	0	262.968750	48.326361	-5.289247e-05	2000	1	11	10
	0	0	262.968750	48.326361	-5.313029e-05	2000	1	11	11
	0	0	264.375000	48.326361	-5.242065e-05	2000	1	11	12
	0	0	264.375000	48.326361	-5.172333e-05	2000	1	11	13
	0	0	265.781250	48.326361	-5.117631e-05	2000	1	11	14
	0	0	267.187500	48.326361	-5.113320e-05	2000	1	11	15
	0	0	267.187500	48.326361	-5.079912e-05	2000	1	11	16
	0	0	268.593750	48.326361	-5.015180e-05	2000	1	11	17
	0	0	270.000000	48.326361	-5.014673e-05	2000	1	11	18
	0	0	270.000000	48.326361	-4.957311e-05	2000	1	11	19
	0	0	265.781250	45.524850	-4.957127e-05	2000	1	11	20
	0	0	267.187500	45.524850	-4.923467e-05	2000	1	11	21
	0	0	268.593750	45.524850	-4.960640e-05	2000	1	11	22
	0	0	268.593750	45.524850	-4.975759e-05	2000	1	11	23
	0	0	270.000000	45.524850	-5.027579e-05	2000	1	12	0
	0	0	270.000000	45.524850	-5.057870e-05	2000	1	12	1
	0	0	271.406250	45.524850	-5.053579e-05	2000	1	12	2
	0	0	272.812500	45.524850	-5.104012e-05	2000	1	12	3
	0	0	272.812500	45.524850	-5.149974e-05	2000	1	12	4
	0	0	275.625000	46.925606	-5.193988e-05	2000	1	12	5
	0	0	277.031250	46.925606	-5.241059e-05	2000	1	12	6
	0	0	277.031250	46.925606	-5.280903e-05	2000	1	12	7
	0	0	278.437500	46.925606	-5.306094e-05	2000	1	12	8
	0	0	279.843750	46.925606	-5.333607e-05	2000	1	12	9
	0	0	282.656250	48.326361	-5.375180e-05	2000	1	12	10
	0	0	284.062500	48.326361	-5.395044e-05	2000	1	12	11
	0	0	284.062500	48.326361	-5.376193e-05	2000	1	12	12
	0	0	284.062500	46.925606	-5.376901e-05	2000	1	12	13
	0	0	286.875000	48.326361	-5.365689e-05	2000	1	12	14
	0	0	286.875000	46.925606	-5.328425e-05	2000	1	12	15
	0	0	288.281250	48.326361	-5.265398e-05	2000	1	12	16
	0	0	288.281250	45.524850	-5.217561e-05	2000	1	12	17
	0	0	289.687500	45.524850	-5.196759e-05	2000	1	12	18
	0	0	291.093750	45.524850	-5.132842e-05	2000	1	12	19
	0	0	292.500000	45.524850	-5.116059e-05	2000	1	12	20
	0	0	293.906250	45.524850	-5.112188e-05	2000	1	12	21
	0	0	295.312500	45.524850	-5.061741e-05	2000	1	12	22
	0	0	296.718750	45.524850	-5.072506e-05	2000	1	12	23
	0	0	298.125000	45.524850	-4.957393e-05	2000	1	13	0
start	86	2000	1	9	10
	0	0	45.000000	51.127867	-3.134993e-05	2000	1	9	10
	0	0	46.406250	49.727115	-3.174845e-05	2000	1	9	11
	0	0	46.406250	49.727115	-3.221432e-05	2000	1	9	12
	0	0	46.406250	49.727115	-3.260923e-05	2000	1	9	13
	0	0	47.812500	49.727115	-3.316077e-05	2000	1	9	14
	0	0	47.812500	48.326361	-3.362242e-05	2000	1	9	15
	0	0	49.218750	49.727115	-3.400856e-05	2000	1	9	16
	0	0	49.218750	49.727115	-3.470252e-05	2000	1	9	17
	0	0	50.625000	49.727115	-3.508481e-05	2000	1	9	18
	0	0	50.625000	49.727115	-3.570049e-05	2000	1	9	19
	0	0	50.625000	48.326361	-3.605676e-05	2000	1	9	20
	0	0	52.031250	48.326361	-3.669575e-05	2000	1	9	21
	0	0	52.031250	48.326361	-3.708999e-05	2000	1	9	22
	0	0	53.437500	49.727115	-3.779343e-05	2000	1	9	23
	0	0	54.843750	49.727115	-3.814472e-05	2000	1	10	0
	0	0	54.843750	49.727115	-3.882330e-05	2000	1	10	1
	0	0	54.843750	49.727115	-3.946993e-05	2000	1	10	2
	0	0	56.250000	49.727115	-4.016043e-05	2000	1	10	3
	0	0	56.250000	48.326361	-4.084817e-05	2000	1	10	4
	0	0	57.656250	49.727115	-4.153662e-05	2000	1	10	5
	0	0	57.656250	49.727115	-4.241799e-05	2000	1	10	6
	0	0	59.062500	48.326361	-4.310539e-05	2000	1	10	7
	0	0	59.062500	48.326361	-4.383885e-05	2000	1	10	8
	0	0	59.062500	48.326361	-4.429307e-05	2000	1	10	9
	0	0	60.468750	48.326361	-4.496786e-05	2000	1	10	10
	0	0	61.875000	48.326361	-4.577696e-05	2000	1	10	11
	0	0	61.875000	48.326361	-4.664098e-05	2000	1	10	12
	0	0	63.281250	48.326361	-4.742658e-05	2000	1	10	13
	0	0	63.281250	49.727115	-4.796514e-05	2000	1	10	14
	0	0	63.281250	48.326361	-4.869791e-05	2000	1	10	15
	0	0	64.687500	49.727115	-4.955797e-05	2000	1	10	16
	0	0	66.093750	48.326361	-5.064430e-05	2000	1	10	17
	0	0	66.093750	48.326361	-5.097764e-05	2000	1	10	18
	0	0	67.500000	49.727115	-5.189119e-05	2000	1	10	19
	0	0	67.500000	49.727115	-5.230972e-05	2000	1	10	20
	0	0	68.906250	48.326361	-5.277277e-05	2000	1	10	21
	0	0	70.312500	49.727115	-5.304985e-05	2000	1	10	22
	0	0	70.312500	49.727115	-5.310374e-05	2000	1	10	23
	0	0	71.718750	48.326361	-5.346269e-05	2000	1	11	0
	0	0	73.125000	49.727115	-5.393039e-05	2000	1	11	1
	0	0	73.125000	49.727115	-5.382358e-05	2000	1	11	2
	0	0	74.531250	49.727115	-5.377383e-05	2000	1	11	3
	0	0	75.937500	48.326361	-5.400250e-05	2000	1	11	4
	0	0	77.343750	49.727115	-5.415587e-05	2000	1	11	5
	0	0	77.343750	49.727115	-5.393954e-05	2000	1	11	6
	0	0	78.750000	48.326361	-5.364782e-05	2000	1	11	7
	0	0	80.156250	49.727115	-5.375089e-05	2000	1	11	8
	0	0	80.156250	48.326361	-5.351814e-05	2000	1	11	9
	0	0	82.968750	48.326361	-5.289247e-05	2000	1	11	10
	0	0	82.968750	48.326361	-5.313029e-05	2000	1	11	11
	0	0	84.375000	48.326361	-5.242065e-05	2000	1	11	12
	0	0	84.375000	48.326361	-5.172333e-05	2000	1	11	13
	0	0	85.781250	48.326361	-5.117631e-05	2000	1	11	14
	0	0	87.187500	48.326361	-5.113320e-05	2000	1	11	15
	0	0	87.187500	48.326361	-5.079912e-05	2000	1	11	16
	0	0	88.593750	48.326361	-5.015180e-05	2000	1	11	17
	0	0	90.000000	48.326361	-4.979697e-05	2000	1	11	18
	0	0	90.000000	48.326361	-4.957311e-05	2000	1	11	19
	0	0	87.187500	45.524850	-4.923467e-05	2000	1	11	21
	0	0	88.593750	45.524850	-4.960640e-05	2000	1	11	22
	0	0	88.593750	45.524850	-4.975759e-05	2000	1	11	23
	0	0	90.000000	45.524850	-5.027579e-05	2000	1	12	0
	0	0	90.000000	45.524850	-5.057870e-05	2000	1	12	1
	0	0	91.406250	45.524850	-5.053579e-05	2000	1	12	2
	0	0	92.812500	45.524850	-5.104012e-05	2000	1	12	3
	0	0	92.812500	45.524850	-5.149974e-05	2000	1	12	4
	0	0	95.625000	46.925606	-5.193988e-05	2000	1	12	5
	0	0	97.031250	46.925606	-5.241059e-05	2000	1	12	6
	0	0	97.031250	46.925606	-5.280903e-05	2000	1	12	7
	0	0	98.437500	46.925606	-5.306094e-05	2000	1	12	8
	0	0	99.843750	46.925606	-5.333607e-05	2000	1	12	9
	0	0	102.656250	48.326361	-5.375180e-05	2000	1	12	10
	0	0	104.062500	48.326361	-5.395044e-05	2000	1	12	11
	0	0	104.062500	48.326361	-5.376193e-05	2000	1	12	12
	0	0	104.062500	46.925606	-5.376901e-05	2000	1	12	13
	0	0	106.875000	48.326361	-5.365689e-05	2000	1	12	14
	0	0	106.875000	46.925606	-5.328425e-05	2000	1	12	15
	0	0	108.281250	48.326361	-5.265398e-05	2000	1	12	16
	0	0	108.281250	45.524850	-5.217561e-05	2000	1	12	17
	0	0	109.687500	45.524850	-5.196759e-05	2000	1	12	18
	0	0	111.093750	45.524850	-5.132842e-05	2000	1	12	19
	0	0	112.500000	45.524850	-5.116059e-05	2000	1	12	20
	0	0	113.906250	45.524850	-5.112188e-05	2000	1	12	21
	0	0	115.312500	45.524850	-5.061741e-05	2000	1	12	22
	0	0	116.718750	45.524850	-5.072506e-05	2000	1	12	23
	0	0	118.125000	45.524850	-4.957393e-05	2000	1	13	0
start	85	2000	1	9	11
	0	0	165.937500	49.727115	-3.172208e-05	2000	1	9	11
	0	0	167.343750	49.727115	-3.215803e-05	2000	1	9	12
	0	0	167.343750	51.127867	-3.278486e-05	2000	1	9	13
	0	0	167.343750	49.727115	-3.316784e-05	2000	1	9	14
	0	0	167.343750	49.727115	-3.355902e-05	2000	1	9	15
	0	0	170.156250	49.727115	-3.413840e-05	2000	1	9	16
	0	0	170.156250	49.727115	-3.464242e-05	2000	1	9	17
	0	0	170.156250	49.727115	-3.516505e-05	2000	1	9	18
	0	0	170.156250	49.727115	-3.565608e-05	2000	1	9	19
	0	0	171.562500	48.326361	-3.615162e-05	2000	1	9	20
	0	0	172.968750	48.326361	-3.655194e-05	2000	1	9	21
	0	0	172.968750	49.727115	-3.717727e-05	2000	1	9	22
	0	0	172.968750	48.326361	-3.773572e-05	2000	1	9	23
	0	0	174.375000	49.727115	-3.814930e-05	2000	1	10	0
	0	0	174.375000	49.727115	-3.882866e-05	2000	1	10	1
	0	0	175.781250	49.727115	-3.951692e-05	2000	1	10	2
	0	0	175.781250	48.326361	-4.007216e-05	2000	1	10	3
	0	0	177.187500	49.727115	-4.088481e-05	2000	1	10	4
	0	0	177.187500	49.727115	-4.157828e-05	2000	1	10	5
	0	0	177.187500	48.326361	-4.236225e-05	2000	1	10	6
	0	0	178.593750	48.326361	-4.283823e-05	2000	1	10	7
	0	0	180.000000	48.326361	-4.375463e-05	2000	1	10	8
	0	0	180.000000	49.727115	-4.448977e-05	2000	1	10	9
	0	0	180.000000	49.727115	-4.514338e-05	2000	1	10	10
	0	0	181.406250	48.326361	-4.573298e-05	2000	1	10	11
	0	0	182.812500	48.326361	-4.642705e-05	2000	1	10	12
	0	0	182.812500	49.727115	-4.727065e-05	2000	1	10	13
	0	0	184.218750	48.326361	-4.796583e-05	2000	1	10	14
	0	0	184.218750	49.727115	-4.860240e-05	2000	1	10	15
	0	0	185.625000	48.326361	-4.949787e-05	2000	1	10	16
	0	0	185.625000	49.727115	-5.014306e-05	2000	1	10	17
	0	0	187.031250	48.326361	-5.115632e-05	2000	1	10	18
	0	0	187.031250	48.326361	-5.168489e-05	2000	1	10	19
	0	0	188.437500	49.727115	-5.219277e-05	2000	1	10	20
	0	0	189.843750	48.326361	-5.283801e-05	2000	1	10	21
	0	0	189.843750	49.727115	-5.343701e-05	2000	1	10	22
	0	0	189.843750	49.727115	-5.321197e-05	2000	1	10	23
	0	0	191.250000	49.727115	-5.331720e-05	2000	1	11	0
	0	0	192.656250	49.727115	-5.361294e-05	2000	1	11	1
	0	0	194.062500	48.326361	-5.404998e-05	2000	1	11	2
	0	0	195.468750	49.727115	-5.384059e-05	2000	1	11	3
	0	0	195.468750	49.727115	-5.397683e-05	2000	1	11	4
	0	0	196.875000	49.727115	-5.428359e-05	2000	1	11	5
	0	0	198.281250	48.326361	-5.363797e-05	2000	1	11	6
	0	0	199.687500	49.727115	-5.379255e-05	2000	1	11	7
	0	0	199.687500	49.727115	-5.368087e-05	2000	1	11	8
	0	0	201.093750	48.326361	-5.361100e-05	2000	1	11	9
	0	0	202.500000	48.326361	-5.298754e-05	2000	1	11	10
	0	0	202.500000	49.727115	-5.266154e-05	2000	1	11	11
	0	0	203.906250	48.326361	-5.260799e-05	2000	1	11	12
	0	0	203.906250	48.326361	-5.195383e-05	2000	1	11	13
	0	0	205.312500	48.326361	-5.158018e-05	2000	1	11	14
	0	0	206.718750	48.326361	-5.111533e-05	2000	1	11	15
	0	0	208.125000	48.326361	-5.079062e-05	2000	1	11	16
	0	0	208.125000	48.326361	-5.009278e-05	2000	1	11	17
	0	0	209.531250	48.326361	-4.981824e-05	2000	1	11	18
	0	0	206.718750	45.524850	-4.921670e-05	2000	1	11	20
	0	0	206.718750	45.524850	-4.964427e-05	2000	1	11	21
	0	0	208.125000	45.524850	-4.936214e-05	2000	1	11	22
	0	0	209.531250	45.524850	-4.981537e-05	2000	1	11	23
	0	0	209.531250	45.524850	-5.034506e-05	2000	1	12	0
	0	0	210.937500	45.524850	-5.045053e-05	2000	1	12	1
	0	0	212.343750	46.925606	-5.051517e-05	2000	1	12	2
	0	0	213.750000	45.524850	-5.115736e-05	2000	1	12	3
	0	0	213.750000	45.524850	-5.170887e-05	2000	1	12	4
	0	0	215.156250	46.925606	-5.200480e-05	2000	1	12	5
	0	0	216.562500	46.925606	-5.233756e-05	2000	1	12	6
	0	0	216.562500	46.925606	-5.259497e-05	2000	1	12	7
	0	0	219.375000	46.925606	-5.306307e-05	2000	1	12	8
	0	0	222.187500	48.326361	-5.344211e-05	2000	1	12	9
	0	0	222.187500	48.326361	-5.357443e-05	2000	1	12	10
	0	0	223.593750	48.326361	-5.368348e-05	2000	1	12	11
	0	0	223.593750	46.925606	-5.382624e-05	2000	1	12	12
	0	0	225.000000	48.326361	-5.348032e-05	2000	1	12	13
	0	0	225.000000	46.925606	-5.341728e-05	2000	1	12	14
	0	0	226.406250	46.925606	-5.335881e-05	2000	1	12	15
	0	0	227.812500	46.925606	-5.287933e-05	2000	1	12	16
	0	0	229.218750	46.925606	-5.251924e-05	2000	1	12	17
	0	0	230.625000	46.925606	-5.209507e-05	2000	1	12	18
	0	0	232.031250	46.925606	-5.127114e-05	2000	1	12	19
	0	0	233.437500	45.524850	-5.086765e-05	2000	1	12	20
	0	0	234.843750	45.524850	-5.079733e-05	2000	1	12	21
	0	0	236.250000	45.524850	-5.129103e-05	2000	1	12	22
	0	0	236.250000	45.524850	-5.063702e-05	2000	1	12	23
	0	0	237.656250	45.524850	-4.993292e-05	2000	1	13	0
start	85	2000	1	9	11
	0	0	345.937500	49.727115	-3.172208e-05	2000	1	9	11
	0	0	347.343750	49.727115	-3.215803e-05	2000	1	9	12
	0	0	347.343750	51.127867	-3.278486e-05	2000	1	9	13
	0	0	347.343750	49.727115	-3.316784e-05	2000	1	9	14
	0	0	347.343750	49.727115	-3.355902e-05	2000	1	9	15
	0	0	350.156250	49.727115	-3.413840e-05	2000	1	9	16
	0	0	350.156250	49.727115	-3.464242e-05	2000	1	9	17
	0	0	350.156250	49.727115	-3.516505e-05	2000	1	9	18
	0	0	350.156250	49.727115	-3.565608e-05	2000	1	9	19
	0	0	351.562500	48.326361	-3.615162e-05	2000	1	9	20
	0	0	352.968750	48.326361	-3.655194e-05	2000	1	9	21
	0	0	352.968750	49.727115	-3.717727e-05	2000	1	9	22
	0	0	352.968750	48.326361	-3.773572e-05	2000	1	9	23
	0	0	354.375000	49.727115	-3.814930e-05	2000	1	10	0
	0	0	354.375000	49.727115	-3.882866e-05	2000	1	10	1
	0	0	355.781250	49.727115	-3.951692e-05	2000	1	10	2
	0	0	355.781250	48.326361	-4.007216e-05	2000	1	10	3
	0	0	357.187500	49.727115	-4.088481e-05	2000	1	10	4
	0	0	357.187500	49.727115	-4.157828e-05	2000	1	10	5
	0	0	357.187500	48.326361	-4.236225e-05	2000	1	10	6
	0	0	358.593750	48.326361	-4.283823e-05	2000	1	10	7
	0	0	0.000000	48.326361	-4.375463e-05	2000	1	10	8
	0	0	0.000000	49.727115	-4.448977e-05	2000	1	10	9
	0	0	0.000000	49.727115	-4.514338e-05	2000	1	10	10
	0	0	1.406250	48.326361	-4.573298e-05	2000	1	10	11
	0	0	2.812500	48.326361	-4.642705e-05	2000	1	10	12
	0	0	2.812500	49.727115	-4.727065e-05	2000	1	10	13
	0	0	4.218750	48.326361	-4.796583e-05	2000	1	10	14
	0	0	4.218750	49.727115	-4.860240e-05	2000	1	10	15
	0	0	5.625000	48.326361	-4.949787e-05	2000	1	10	16
	0	0	5.625000	49.727115	-5.014306e-05	2000	1	10	17
	0	0	7.031250	48.326361	-5.115632e-05	2000	1	10	18
	0	0	7.031250	48.326361	-5.168489e-05	2000	1	10	19
	0	0	8.437500	49.727115	-5.219277e-05	2000	1	10	20
	0	0	9.843750	48.326361	-5.283801e-05	2000	1	10	21
	0	0	9.843750	49.727115	-5.343701e-05	2000	1	10	22
	0	0	9.843750	49.727115	-5.321197e-05	2000	1	10	23
	0	0	11.250000	49.727115	-5.331720e-05	2000	1	11	0
	0	0	12.656250	49.727115	-5.361846e-05	2000	1	11	1
	0	0	14.062500	48.326361	-5.404998e-05	2000	1	11	2
	0	0	15.468750	49.727115	-5.384059e-05	2000	1	11	3
	0	0	15.468750	49.727115	-5.397683e-05	2000	1	11	4
	0	0	16.875000	49.727115	-5.428359e-05	2000	1	11	5
	0	0	18.281250	48.326361	-5.363797e-05	2000	1	11	6
	0	0	19.687500	49.727115	-5.379255e-05	2000	1	11	7
	0	0	19.687500	49.727115	-5.368087e-05	2000	1	11	8
	0	0	21.093750	48.326361	-5.361100e-05	2000	1	11	9
	0	0	22.500000	48.326361	-5.298754e-05	2000	1	11	10
	0	0	22.500000	49.727115	-5.266154e-05	2000	1	11	11
	0	0	23.906250	48.326361	-5.260799e-05	2000	1	11	12
	0	0	23.906250	48.326361	-5.195383e-05	2000	1	11	13
	0	0	25.312500	48.326361	-5.158018e-05	2000	1	11	14
	0	0	26.718750	48.326361	-5.111533e-05	2000	1	11	15
	0	0	28.125000	48.326361	-5.079062e-05	2000	1	11	16
	0	0	28.125000	48.326361	-5.009278e-05	2000	1	11	17
	0	0	29.531250	48.326361	-4.981824e-05	2000	1	11	18
	0	0	26.718750	45.524850	-4.921670e-05	2000	1	11	20
	0	0	26.718750	45.524850	-4.922695e-05	2000	1	11	21
	0	0	28.125000	45.524850	-4.936214e-05	2000	1	11	22
	0	0	29.531250	45.524850	-4.981537e-05	2000	1	11	23
	0	0	29.531250	45.524850	-5.034506e-05	2000	1	12	0
	0	0	30.937500	45.524850	-5.045053e-05	2000	1	12	1
	0	0	32.343750	46.925606	-5.051517e-05	2000	1	12	2
	0	0	33.750000	45.524850	-5.115736e-05	2000	1	12	3
	0	0	33.750000	45.524850	-5.170887e-05	2000	1	12	4
	0	0	35.156250	46.925606	-5.200480e-05	2000	1	12	5
	0	0	36.562500	46.925606	-5.233756e-05	2000	1	12	6
	0	0	36.562500	46.925606	-5.259497e-05	2000	1	12	7
	0	0	39.375000	46.925606	-5.306307e-05	2000	1	12	8
	0	0	42.187500	48.326361	-5.344211e-05	2000	1	12	9
	0	0	42.187500	48.326361	-5.357443e-05	2000	1	12	10
	0	0	43.593750	48.326361	-5.368348e-05	2000	1	12	11
	0	0	43.593750	46.925606	-5.382624e-05	2000	1	12	12
	0	0	45.000000	48.326361	-5.348032e-05	2000	1	12	13
	0	0	45.000000	46.925606	-5.341728e-05	2000	1	12	14
	0	0	46.406250	46.925606	-5.335881e-05	2000	1	12	15
	0	0	47.812500	46.925606	-5.287933e-05	2000	1	12	16
	0	0	49.218750	46.925606	-5.251924e-05	2000	1	12	17
	0	0	50.625000	46.925606	-5.209507e-05	2000	1	12	18
	0	0	52.031250	46.925606	-5.127114e-05	2000	1	12	19
	0	0	53.437500	45.524850	-5.086765e-05	2000	1	12	20
	0	0	54.843750	45.524850	-5.079733e-05	2000	1	12	21
	0	0	56.250000	45.524850	-5.129103e-05	2000	1	12	22
	0	0	56.250000	45.524850	-5.063702e-05	2000	1	12	23
	0	0	57.656250	45.524850	-4.993292e-05	2000	1	13	0
start	86	2000	1	9	10
	0	0	285.468750	51.127867	-3.127820e-05	2000	1	9	10
	0	0	286.875000	49.727115	-3.174422e-05	2000	1	9	11
	0	0	286.875000	49.727115	-3.229061e-05	2000	1	9	12
	0	0	286.875000	49.727115	-3.284299e-05	2000	1	9	13
	0	0	286.875000	49.727115	-3.312947e-05	2000	1	9	14
	0	0	288.281250	49.727115	-3.359910e-05	2000	1	9	15
	0	0	289.687500	49.727115	-3.403248e-05	2000	1	9	16
	0	0	289.687500	49.727115	-3.473568e-05	2000	1	9	17
	0	0	289.687500	49.727115	-3.513561e-05	2000	1	9	18
	0	0	291.093750	48.326361	-3.567468e-05	2000	1	9	19
	0	0	291.093750	48.326361	-3.608036e-05	2000	1	9	20
	0	0	292.500000	49.727115	-3.660133e-05	2000	1	9	21
	0	0	292.500000	49.727115	-3.725550e-05	2000	1	9	22
	0	0	293.906250	49.727115	-3.756483e-05	2000	1	9	23
	0	0	293.906250	48.326361	-3.831740e-05	2000	1	10	0
	0	0	293.906250	48.326361	-3.877294e-05	2000	1	10	1
	0	0	295.312500	49.727115	-3.947132e-05	2000	1	10	2
	0	0	295.312500	49.727115	-4.010919e-05	2000	1	10	3
	0	0	296.718750	49.727115	-4.083086e-05	2000	1	10	4
	0	0	296.718750	48.326361	-4.171716e-05	2000	1	10	5
	0	0	298.125000	48.326361	-4.239621e-05	2000	1	10	6
	0	0	298.125000	48.326361	-4.287185e-05	2000	1	10	7
	0	0	299.531250	49.727115	-4.365954e-05	2000	1	10	8
	0	0	299.531250	48.326361	-4.425115e-05	2000	1	10	9
	0	0	300.937500	48.326361	-4.535815e-05	2000	1	10	10
	0	0	300.937500	48.326361	-4.580209e-05	2000	1	10	11
	0	0	302.343750	48.326361	-4.637351e-05	2000	1	10	12
	0	0	302.343750	49.727115	-4.731741e-05	2000	1	10	13
	0	0	303.750000	48.326361	-4.814077e-05	2000	1	10	14
	0	0	305.156250	48.326361	-4.877447e-05	2000	1	10	15
	0	0	305.156250	49.727115	-4.941017e-05	2000	1	10	16
	0	0	306.562500	49.727115	-5.042182e-05	2000	1	10	17
	0	0	306.562500	49.727115	-5.124250e-05	2000	1	10	18
	0	0	307.968750	48.326361	-5.174238e-05	2000	1	10	19
	0	0	307.968750	49.727115	-5.218995e-05	2000	1	10	20
	0	0	309.375000	48.326361	-5.262282e-05	2000	1	10	21
	0	0	309.375000	49.727115	-5.286953e-05	2000	1	10	22
	0	0	310.781250	48.326361	-5.325050e-05	2000	1	10	23
	0	0	312.187500	48.326361	-5.368316e-05	2000	1	11	0
	0	0	313.593750	49.727115	-5.355625e-05	2000	1	11	1
	0	0	313.593750	49.727115	-5.380531e-05	2000	1	11	2
	0	0	315.000000	49.727115	-5.435872e-05	2000	1	11	3
	0	0	316.406250	49.727115	-5.405574e-05	2000	1	11	4
	0	0	316.406250	49.727115	-5.410760e-05	2000	1	11	5
	0	0	317.812500	48.326361	-5.386092e-05	2000	1	11	6
	0	0	319.218750	48.326361	-5.383448e-05	2000	1	11	7
	0	0	320.625000	49.727115	-5.338165e-05	2000	1	11	8
	0	0	320.625000	48.326361	-5.324016e-05	2000	1	11	9
	0	0	322.031250	48.326361	-5.339993e-05	2000	1	11	10
	0	0	323.437500	49.727115	-5.259210e-05	2000	1	11	11
	0	0	323.437500	48.326361	-5.233987e-05	2000	1	11	12
	0	0	324.843750	48.326361	-5.203108e-05	2000	1	11	13
	0	0	326.250000	48.326361	-5.152418e-05	2000	1	11	14
	0	0	326.250000	48.326361	-5.118422e-05	2000	1	11	15
	0	0	327.656250	46.925606	-5.068359e-05	2000	1	11	16
	0	0	329.062500	48.326361	-5.027855e-05	2000	1	11	17
	0	0	329.062500	46.925606	-4.971545e-05	2000	1	11	18
	0	0	326.250000	45.524850	-4.921446e-05	2000	1	11	20
	0	0	326.250000	45.524850	-4.941087e-05	2000	1	11	21
	0	0	327.656250	45.524850	-4.924180e-05	2000	1	11	22
	0	0	329.062500	45.524850	-4.957695e-05	2000	1	11	23
	0	0	330.468750	45.524850	-5.010682e-05	2000	1	12	0
	0	0	330.468750	45.524850	-5.039596e-05	2000	1	12	1
	0	0	330.468750	45.524850	-5.066736e-05	2000	1	12	2
	0	0	333.281250	45.524850	-5.109828e-05	2000	1	12	3
	0	0	333.281250	45.524850	-5.154496e-05	2000	1	12	4
	0	0	334.687500	46.925606	-5.215363e-05	2000	1	12	5
	0	0	337.500000	46.925606	-5.229247e-05	2000	1	12	6
	0	0	337.500000	46.925606	-5.274840e-05	2000	1	12	7
	0	0	338.906250	46.925606	-5.296890e-05	2000	1	12	8
	0	0	341.718750	48.326361	-5.326018e-05	2000	1	12	9
	0	0	343.125000	48.326361	-5.378612e-05	2000	1	12	10
	0	0	341.718750	46.925606	-5.377498e-05	2000	1	12	11
	0	0	344.531250	48.326361	-5.363651e-05	2000	1	12	12
	0	0	345.937500	48.326361	-5.372441e-05	2000	1	12	13
	0	0	345.937500	48.326361	-5.355989e-05	2000	1	12	14
	0	0	347.343750	46.925606	-5.304595e-05	2000	1	12	15
	0	0	347.343750	46.925606	-5.272961e-05	2000	1	12	16
	0	0	348.750000	46.925606	-5.235054e-05	2000	1	12	17
	0	0	350.156250	46.925606	-5.193944e-05	2000	1	12	18
	0	0	351.562500	46.925606	-5.125474e-05	2000	1	12	19
	0	0	352.968750	46.925606	-5.095367e-05	2000	1	12	20
	0	0	354.375000	45.524850	-5.110923e-05	2000	1	12	21
	0	0	355.781250	45.524850	-5.071560e-05	2000	1	12	22
	0	0	357.187500	45.524850	-5.043351e-05	2000	1	12	23
	0	0	358.593750	45.524850	-5.012081e-05	2000	1	13	0
start	86	2000	1	9	10
	0	0	105.468750	51.127867	-3.127820e-05	2000	1	9	10
	0	0	106.875000	49.727115	-3.174422e-05	2000	1	9	11
	0	0	106.875000	49.727115	-3.229061e-05	2000	1	9	12
	0	0	106.875000	49.727115	-3.284299e-05	2000	1	9	13
	0	0	106.875000	49.727115	-3.312947e-05	2000	1	9	14
	0	0	108.281250	49.727115	-3.359910e-05	2000	1	9	15
	0	0	109.687500	49.727115	-3.403248e-05	2000	1	9	16
	0	0	109.687500	49.727115	-3.473568e-05	2000	1	9	17
	0	0	109.687500	49.727115	-3.513561e-05	2000	1	9	18
	0	0	111.093750	48.326361	-3.567468e-05	2000	1	9	19
	0	0	111.093750	48.326361	-3.608036e-05	2000	1	9	20
	0	0	112.500000	49.727115	-3.660133e-05	2000	1	9	21
	0	0	112.500000	49.727115	-3.725550e-05	2000	1	9	22
	0	0	113.906250	49.727115	-3.756483e-05	2000	1	9	23
	0	0	113.906250	48.326361	-3.832128e-05	2000	1	10	0
	0	0	113.906250	48.326361	-3.877294e-05	2000	1	10	1
	0	0	115.312500	49.727115	-3.947132e-05	2000	1	10	2
	0	0	115.312500	49.727115	-4.010919e-05	2000	1	10	3
	0	0	116.718750	49.727115	-4.083086e-05	2000	1	10	4
	0	0	116.718750	48.326361	-4.171716e-05	2000	1	10	5
	0	0	118.125000	48.326361	-4.239621e-05	2000	1	10	6
	0	0	118.125000	48.326361	-4.287185e-05	2000	1	10	7
	0	0	119.531250	49.727115	-4.365954e-05	2000	1	10	8
	0	0	119.531250	48.326361	-4.425115e-05	2000	1	10	9
	0	0	120.937500	48.326361	-4.535815e-05	2000	1	10	10
	0	0	120.937500	48.326361	-4.580209e-05	2000	1	10	11
	0	0	122.343750	48.326361	-4.637351e-05	2000	1	10	12
	0	0	122.343750	49.727115	-4.731741e-05	2000	1	10	13
	0	0	123.750000	48.326361	-4.814077e-05	2000	1	10	14
	0	0	125.156250	48.326361	-4.877447e-05	2000	1	10	15
	0	0	125.156250	49.727115	-4.941017e-05	2000	1	10	16
	0	0	126.562500	49.727115	-5.042182e-05	2000	1	10	17
	0	0	126.562500	49.727115	-5.124675e-05	2000	1	10	18
	0	0	127.968750	48.326361	-5.174238e-05	2000	1	10	19
	0	0	127.968750	49.727115	-5.218995e-05	2000	1	10	20
	0	0	129.375000	48.326361	-5.262282e-05	2000	1	10	21
	0	0	129.375000	49.727115	-5.286953e-05	2000	1	10	22
	0	0	130.781250	48.326361	-5.325050e-05	2000	1	10	23
	0	0	132.187500	48.326361	-5.368316e-05	2000	1	11	0
	0	0	133.593750	49.727115	-5.355625e-05	2000	1	11	1
	0	0	133.593750	49.727115	-5.380531e-05	2000	1	11	2
	0	0	135.000000	49.727115	-5.435872e-05	2000	1	11	3
	0	0	136.406250	49.727115	-5.406191e-05	2000	1	11	4
	0	0	136.406250	49.727115	-5.410760e-05	2000	1	11	5
	0	0	137.812500	48.326361	-5.386092e-05	2000	1	11	6
	0	0	139.218750	48.326361	-5.383448e-05	2000	1	11	7
	0	0	140.625000	49.727115	-5.338165e-05	2000	1	11	8
	0	0	140.625000	48.326361	-5.324016e-05	2000	1	11	9
	0	0	142.031250	48.326361	-5.339993e-05	2000	1	11	10
	0	0	143.437500	49.727115	-5.259210e-05	2000	1	11	11
	0	0	143.437500	48.326361	-5.233987e-05	2000	1	11	12
	0	0	144.843750	48.326361	-5.203108e-05	2000	1	11	13
	0	0	146.250000	48.326361	-5.152418e-05	2000	1	11	14
	0	0	146.250000	48.326361	-5.118422e-05	2000	1	11	15
	0	0	147.656250	46.925606	-5.068359e-05	2000	1	11	16
	0	0	149.062500	48.326361	-5.027855e-05	2000	1	11	17
	0	0	149.062500	46.925606	-4.971545e-05	2000	1	11	18
	0	0	146.250000	45.524850	-4.921446e-05	2000	1	11	20
	0	0	146.250000	45.524850	-4.941087e-05	2000	1	11	21
	0	0	147.656250	45.524850	-4.924180e-05	2000	1	11	22
	0	0	149.062500	45.524850	-4.957695e-05	2000	1	11	23
	0	0	150.468750	45.524850	-5.010682e-05	2000	1	12	0
	0	0	150.468750	45.524850	-5.039596e-05	2000	1	12	1
	0	0	150.468750	45.524850	-5.066736e-05	2000	1	12	2
	0	0	153.281250	45.524850	-5.109828e-05	2000	1	12	3
	0	0	153.281250	45.524850	-5.154496e-05	2000	1	12	4
	0	0	154.687500	46.925606	-5.215363e-05	2000	1	12	5
	0	0	157.500000	46.925606	-5.229247e-05	2000	1	12	6
	0	0	157.500000	46.925606	-5.274840e-05	2000	1	12	7
	0	0	158.906250	46.925606	-5.296890e-05	2000	1	12	8
	0	0	161.718750	48.326361	-5.326018e-05	2000	1	12	9
	0	0	163.125000	48.326361	-5.378612e-05	2000	1	12	10
	0	0	161.718750	46.925606	-5.377498e-05	2000	1	12	11
	0	0	164.531250	48.326361	-5.363651e-05	2000	1	12	12
	0	0	165.937500	48.326361	-5.372441e-05	2000	1	12	13
	0	0	165.937500	48.326361	-5.355989e-05	2000	1	12	14
	0	0	167.343750	46.925606	-5.304595e-05	2000	1	12	15
	0	0	167.343750	46.925606	-5.272961e-05	2000	1	12	16
	0	0	168.750000	46.925606	-5.235054e-05	2000	1	12	17
	0	0	170.156250	46.925606	-5.193944e-05	2000	1	12	18
	0	0	171.562500	46.925606	-5.125474e-05	2000	1	12	19
	0	0	172.968750	46.925606	-5.095367e-05	2000	1	12	20
	0	0	174.375000	45.524850	-5.068807e-05	2000	1	12	21
	0	0	175.781250	45.524850	-5.071560e-05	2000	1	12	22
	0	0	177.187500	45.524850	-5.043351e-05	2000	1	12	23
	0	0	178.593750	45.524850	-5.012081e-05	2000	1	13	0
