start	97	2000	1	8	0
	7	94	9.843750	42.723335	-9.120040e-06	2000	1	8	0
	8	94	11.250000	42.723335	-9.366218e-06	2000	1	8	1
	8	94	11.250000	42.723335	-9.641003e-06	2000	1	8	2
	9	94	12.656250	42.723335	-9.912176e-06	2000	1	8	3
	9	94	12.656250	42.723335	-1.024327e-05	2000	1	8	4
	9	94	12.656250	42.723335	-1.055182e-05	2000	1	8	5
	9	94	12.656250	42.723335	-1.087922e-05	2000	1	8	6
	10	94	14.062500	42.723335	-1.117231e-05	2000	1	8	7
	10	94	14.062500	42.723335	-1.146531e-05	2000	1	8	8
	10	94	14.062500	42.723335	-1.172891e-05	2000	1	8	9
	11	94	15.468750	42.723335	-1.196966e-05	2000	1	8	10
	11	94	15.468750	42.723335	-1.222212e-05	2000	1	8	11
	12	94	16.875000	42.723335	-1.242649e-05	2000	1	8	12
	12	94	16.875000	42.723335	-1.272186e-05	2000	1	8	13
	12	94	16.875000	42.723335	-1.299159e-05	2000	1	8	14
	12	94	16.875000	42.723335	-1.322527e-05	2000	1	8	15
	13	94	18.281250	42.723335	-1.355235e-05	2000	1	8	16
	13	94	18.281250	42.723335	-1.387704e-05	2000	1	8	17
	14	94	19.687500	42.723335	-1.424298e-05	2000	1	8	18
	14	94	19.687500	42.723335	-1.459140e-05	2000	1	8	19
	14	94	19.687500	42.723335	-1.482173e-05	2000	1	8	20
	15	94	21.093750	42.723335	-1.514830e-05	2000	1	8	21
	15	94	21.093750	42.723335	-1.536666e-05	2000	1	8	22
	15	94	21.093750	42.723335	-1.557829e-05	2000	1	8	23
	16	95	22.500000	44.124093	-1.581721e-05	2000	1	9	0
	16	95	22.500000	44.124093	-1.611000e-05	2000	1	9	1
	17	95	23.906250	44.124093	-1.645325e-05	2000	1	9	2
	17	95	23.906250	44.124093	-1.679715e-05	2000	1	9	3
	17	95	23.906250	44.124093	-1.711152e-05	2000	1	9	4
	18	95	25.312500	44.124093	-1.745720e-05	2000	1	9	5
	18	95	25.312500	44.124093	-1.777805e-05	2000	1	9	6
	19	95	26.718750	44.124093	-1.813998e-05	2000	1	9	7
	19	95	26.718750	44.124093	-1.845397e-05	2000	1	9	8
	19	95	26.718750	44.124093	-1.872832e-05	2000	1	9	9
	20	95	28.125000	44.124093	-1.902195e-05	2000	1	9	10
	20	95	28.125000	44.124093	-1.927966e-05	2000	1	9	11
	20	95	28.125000	44.124093	-1.960092e-05	2000	1	9	12
	21	95	29.531250	44.124093	-1.987956e-05	2000	1	9	13
	21	95	29.531250	44.124093	-2.021594e-05	2000	1	9	14
	22	95	30.937500	44.124093	-2.059335e-05	2000	1	9	15
	22	95	30.937500	44.124093	-2.095549e-05	2000	1	9	16
	22	95	30.937500	44.124093	-2.131957e-05	2000	1	9	17
	23	95	32.343750	44.124093	-2.165044e-05	2000	1	9	18
	23	95	32.343750	44.124093	-2.203156e-05	2000	1	9	19
	24	96	33.750000	45.524850	-2.234552e-05	2000	1	9	20
	24	96	33.750000	45.524850	-2.276750e-05	2000	1	9	21
	24	96	33.750000	45.524850	-2.315734e-05	2000	1	9	22
	24	96	33.750000	45.524850	-2.349573e-05	2000	1	9	23
	24	96	33.750000	45.524850	-2.374716e-05	2000	1	10	0
	25	96	35.156250	45.524850	-2.414523e-05	2000	1	10	1
	25	96	35.156250	45.524850	-2.449610e-05	2000	1	10	2
	26	96	36.562500	45.524850	-2.488125e-05	2000	1	10	3
	26	96	36.562500	45.524850	-2.531822e-05	2000	1	10	4
	26	96	36.562500	45.524850	-2.573859e-05	2000	1	10	5
	27	96	37.968750	45.524850	-2.617447e-05	2000	1	10	6
	27	96	37.968750	45.524850	-2.663354e-05	2000	1	10	7
	27	96	37.968750	45.524850	-2.702396e-05	2000	1	10	8
	28	97	39.375000	46.925606	-2.734206e-05	2000	1	10	9
	28	97	39.375000	46.925606	-2.784071e-05	2000	1	10	10
	28	97	39.375000	46.925606	-2.818379e-05	2000	1	10	11
	29	96	40.781250	45.524850	-2.848151e-05	2000	1	10	12
	29	96	40.781250	45.524850	-2.888278e-05	2000	1	10	13
	29	96	40.781250	45.524850	-2.933034e-05	2000	1	10	14
	29	96	40.781250	45.524850	-2.963799e-05	2000	1	10	15
	30	97	42.187500	46.925606	-3.010454e-05	2000	1	10	16
	30	97	42.187500	46.925606	-3.060079e-05	2000	1	10	17
	30	97	42.187500	46.925606	-3.099567e-05	2000	1	10	18
	31	97	43.593750	46.925606	-3.147245e-05	2000	1	10	19
	31	97	43.593750	46.925606	-3.194663e-05	2000	1	10	20
	31	97	43.593750	46.925606	-3.235407e-05	2000	1	10	21
	32	96	45.000000	45.524850	-3.271525e-05	2000	1	10	22
	32	96	45.000000	45.524850	-3.319623e-05	2000	1	10	23
	32	96	45.000000	45.524850	-3.353826e-05	2000	1	11	0
	32	96	45.000000	45.524850	-3.384791e-05	2000	1	11	1
	32	96	45.000000	45.524850	-3.420354e-05	2000	1	11	2
	32	96	45.000000	45.524850	-3.452611e-05	2000	1	11	3
	33	96	46.406250	45.524850	-3.488257e-05	2000	1	11	4
	33	96	46.406250	45.524850	-3.516060e-05	2000	1	11	5
	33	96	46.406250	45.524850	-3.559927e-05	2000	1	11	6
	33	96	46.406250	45.524850	-3.584065e-05	2000	1	11	7
	34	96	47.812500	45.524850	-3.621164e-05	2000	1	11	8
	34	96	47.812500	45.524850	-3.664358e-05	2000	1	11	9
	34	96	47.812500	45.524850	-3.695616e-05	2000	1	11	10
	34	96	47.812500	45.524850	-3.721465e-05	2000	1	11	11
	35	96	49.218750	45.524850	-3.760241e-05	2000	1	11	12
	35	96	49.218750	45.524850	-3.791023e-05	2000	1	11	13
	35	96	49.218750	45.524850	-3.833659e-05	2000	1	11	14
	36	96	50.625000	45.524850	-3.861787e-05	2000	1	11	15
	36	96	50.625000	45.524850	-3.898753e-05	2000	1	11	16
	37	96	52.031250	45.524850	-3.949296e-05	2000	1	11	17
	37	96	52.031250	45.524850	-3.989776e-05	2000	1	11	18
	38	96	53.437500	45.524850	-4.039181e-05	2000	1	11	19
	39	96	54.843750	45.524850	-4.075911e-05	2000	1	11	20
	38	96	53.437500	45.524850	-4.114361e-05	2000	1	11	21
	39	96	54.843750	45.524850	-4.160832e-05	2000	1	11	22
	39	96	54.843750	45.524850	-4.199041e-05	2000	1	11	23
	40	96	56.250000	45.524850	-4.255960e-05	2000	1	12	0
start	97	2000	1	8	0
	49	94	68.906250	42.723335	-9.119511e-06	2000	1	8	0
	50	94	70.312500	42.723335	-9.357835e-06	2000	1	8	1
	51	94	71.718750	42.723335	-9.604433e-06	2000	1	8	2
	51	94	71.718750	42.723335	-9.906391e-06	2000	1	8	3
	52	94	73.125000	42.723335	-1.020108e-05	2000	1	8	4
	52	94	73.125000	42.723335	-1.053941e-05	2000	1	8	5
	52	94	73.125000	42.723335	-1.088759e-05	2000	1	8	6
	52	94	73.125000	42.723335	-1.121734e-05	2000	1	8	7
	53	94	74.531250	42.723335	-1.145882e-05	2000	1	8	8
	53	94	74.531250	42.723335	-1.175418e-05	2000	1	8	9
	53	94	74.531250	42.723335	-1.196921e-05	2000	1	8	10
	54	94	75.937500	42.723335	-1.219007e-05	2000	1	8	11
	54	94	75.937500	42.723335	-1.240334e-05	2000	1	8	12
	55	94	77.343750	42.723335	-1.268333e-05	2000	1	8	13
	55	94	77.343750	42.723335	-1.299404e-05	2000	1	8	14
	55	94	77.343750	42.723335	-1.326075e-05	2000	1	8	15
	55	94	77.343750	42.723335	-1.353273e-05	2000	1	8	16
	56	95	78.750000	44.124093	-1.392084e-05	2000	1	8	17
	56	95	78.750000	44.124093	-1.424855e-05	2000	1	8	18
	57	94	80.156250	42.723335	-1.454933e-05	2000	1	8	19
	57	94	80.156250	42.723335	-1.486081e-05	2000	1	8	20
	58	94	81.562500	42.723335	-1.512526e-05	2000	1	8	21
	58	94	81.562500	42.723335	-1.537299e-05	2000	1	8	22
	58	94	81.562500	42.723335	-1.562652e-05	2000	1	8	23
	58	94	81.562500	42.723335	-1.583118e-05	2000	1	9	0
	59	95	82.968750	44.124093	-1.611155e-05	2000	1	9	1
	59	95	82.968750	44.124093	-1.640866e-05	2000	1	9	2
	60	95	84.375000	44.124093	-1.676465e-05	2000	1	9	3
	60	95	84.375000	44.124093	-1.710257e-05	2000	1	9	4
	61	95	85.781250	44.124093	-1.751438e-05	2000	1	9	5
	61	95	85.781250	44.124093	-1.784478e-05	2000	1	9	6
	61	95	85.781250	44.124093	-1.816656e-05	2000	1	9	7
	62	95	87.187500	44.124093	-1.842508e-05	2000	1	9	8
	62	95	87.187500	44.124093	-1.875792e-05	2000	1	9	9
	62	95	87.187500	44.124093	-1.900868e-05	2000	1	9	10
	63	95	88.593750	44.124093	-1.925078e-05	2000	1	9	11
	63	95	88.593750	44.124093	-1.961495e-05	2000	1	9	12
	64	95	90.000000	44.124093	-1.992624e-05	2000	1	9	13
	64	95	90.000000	44.124093	-2.031174e-05	2000	1	9	14
	64	95	90.000000	44.124093	-2.065758e-05	2000	1	9	15
	64	95	90.000000	44.124093	-2.097429e-05	2000	1	9	16
	65	95	91.406250	44.124093	-2.132293e-05	2000	1	9	17
	65	95	91.406250	44.124093	-2.166080e-05	2000	1	9	18
	66	95	92.812500	44.124093	-2.197612e-05	2000	1	9	19
	66	95	92.812500	44.124093	-2.233527e-05	2000	1	9	20
	66	95	92.812500	44.124093	-2.268446e-05	2000	1	9	21
	67	96	94.218750	45.524850	-2.306585e-05	2000	1	9	22
	67	96	94.218750	45.524850	-2.348331e-05	2000	1	9	23
	67	96	94.218750	45.524850	-2.378257e-05	2000	1	10	0
	67	96	94.218750	45.524850	-2.413242e-05	2000	1	10	1
	68	96	95.625000	45.524850	-2.453241e-05	2000	1	10	2
	68	96	95.625000	45.524850	-2.487052e-05	2000	1	10	3
	69	96	97.031250	45.524850	-2.535210e-05	2000	1	10	4
	69	96	97.031250	45.524850	-2.578965e-05	2000	1	10	5
	69	96	97.031250	45.524850	-2.619334e-05	2000	1	10	6
	70	96	98.437500	45.524850	-2.656406e-05	2000	1	10	7
	70	96	98.437500	45.524850	-2.700750e-05	2000	1	10	8
	70	96	98.437500	45.524850	-2.738286e-05	2000	1	10	9
	71	96	99.843750	45.524850	-2.769108e-05	2000	1	10	10
	71	96	99.843750	45.524850	-2.808234e-05	2000	1	10	11
	71	97	99.843750	46.925606	-2.849836e-05	2000	1	10	12
	72	96	101.250000	45.524850	-2.889679e-05	2000	1	10	13
	72	96	101.250000	45.524850	-2.937850e-05	2000	1	10	14
	72	97	101.250000	46.925606	-2.972362e-05	2000	1	10	15
	72	96	101.250000	45.524850	-3.016095e-05	2000	1	10	16
	72	97	101.250000	46.925606	-3.052648e-05	2000	1	10	17
	73	97	102.656250	46.925606	-3.099523e-05	2000	1	10	18
	73	97	102.656250	46.925606	-3.149819e-05	2000	1	10	19
	74	97	104.062500	46.925606	-3.190722e-05	2000	1	10	20
	74	97	104.062500	46.925606	-3.243543e-05	2000	1	10	21
	74	96	104.062500	45.524850	-3.275718e-05	2000	1	10	22
	75	96	105.468750	45.524850	-3.302031e-05	2000	1	10	23
	75	96	105.468750	45.524850	-3.346689e-05	2000	1	11	0
	75	96	105.468750	45.524850	-3.387729e-05	2000	1	11	1
	75	96	105.468750	45.524850	-3.415500e-05	2000	1	11	2
	75	96	105.468750	45.524850	-3.457799e-05	2000	1	11	3
	75	96	105.468750	45.524850	-3.488492e-05	2000	1	11	4
	76	96	106.875000	45.524850	-3.514530e-05	2000	1	11	5
	76	96	106.875000	45.524850	-3.550194e-05	2000	1	11	6
	76	96	106.875000	45.524850	-3.584113e-05	2000	1	11	7
	76	96	106.875000	45.524850	-3.620233e-05	2000	1	11	8
	76	96	106.875000	45.524850	-3.654728e-05	2000	1	11	9
	77	96	108.281250	45.524850	-3.700005e-05	2000	1	11	10
	77	96	108.281250	45.524850	-3.730598e-05	2000	1	11	11
	78	96	109.687500	45.524850	-3.759643e-05	2000	1	11	12
	77	96	108.281250	45.524850	-3.796763e-05	2000	1	11	13
	78	96	109.687500	45.524850	-3.831446e-05	2000	1	11	14
	78	96	109.687500	45.524850	-3.858556e-05	2000	1	11	15
	79	96	111.093750	45.524850	-3.898182e-05	2000	1	11	16
	79	96	111.093750	45.524850	-3.953950e-05	2000	1	11	17
	80	96	112.500000	45.524850	-3.985380e-05	2000	1	11	18
	80	96	112.500000	45.524850	-4.049662e-05	2000	1	11	19
	80	96	112.500000	45.524850	-4.067580e-05	2000	1	11	20
	81	96	113.906250	45.524850	-4.128018e-05	2000	1	11	21
	82	96	115.312500	45.524850	-4.165019e-05	2000	1	11	22
	82	96	115.312500	45.524850	-4.208613e-05	2000	1	11	23
	83	96	116.718750	45.524850	-4.220601e-05	2000	1	12	0
start	97	2000	1	8	0
	92	94	129.375000	42.723335	-9.134989e-06	2000	1	8	0
	93	94	130.781250	42.723335	-9.421729e-06	2000	1	8	1
	93	94	130.781250	42.723335	-9.655801e-06	2000	1	8	2
	94	94	132.187500	42.723335	-9.920335e-06	2000	1	8	3
	94	94	132.187500	42.723335	-1.024009e-05	2000	1	8	4
	94	94	132.187500	42.723335	-1.050840e-05	2000	1	8	5
	95	94	133.593750	42.723335	-1.084960e-05	2000	1	8	6
	95	94	133.593750	42.723335	-1.119284e-05	2000	1	8	7
	95	94	133.593750	42.723335	-1.146084e-05	2000	1	8	8
	96	94	135.000000	42.723335	-1.177499e-05	2000	1	8	9
	96	94	135.000000	42.723335	-1.202396e-05	2000	1	8	10
	96	94	135.000000	42.723335	-1.225146e-05	2000	1	8	11
	97	94	136.406250	42.723335	-1.244181e-05	2000	1	8	12
	97	94	136.406250	42.723335	-1.264744e-05	2000	1	8	13
	98	94	137.812500	42.723335	-1.291291e-05	2000	1	8	14
	98	94	137.812500	42.723335	-1.326649e-05	2000	1	8	15
	98	94	137.812500	42.723335	-1.357787e-05	2000	1	8	16
	99	94	139.218750	42.723335	-1.390071e-05	2000	1	8	17
	99	94	139.218750	42.723335	-1.429717e-05	2000	1	8	18
	99	94	139.218750	42.723335	-1.455178e-05	2000	1	8	19
	100	95	140.625000	44.124093	-1.484273e-05	2000	1	8	20
	100	95	140.625000	44.124093	-1.509184e-05	2000	1	8	21
	100	95	140.625000	44.124093	-1.532933e-05	2000	1	8	22
	101	94	142.031250	42.723335	-1.554984e-05	2000	1	8	23
	101	94	142.031250	42.723335	-1.580983e-05	2000	1	9	0
	102	95	143.437500	44.124093	-1.611271e-05	2000	1	9	1
	102	95	143.437500	44.124093	-1.642014e-05	2000	1	9	2
	103	95	144.843750	44.124093	-1.678583e-05	2000	1	9	3
	103	95	144.843750	44.124093	-1.717286e-05	2000	1	9	4
	103	95	144.843750	44.124093	-1.751977e-05	2000	1	9	5
	103	95	144.843750	44.124093	-1.782450e-05	2000	1	9	6
	104	95	146.250000	44.124093	-1.812647e-05	2000	1	9	7
	104	95	146.250000	44.124093	-1.841022e-05	2000	1	9	8
	105	95	147.656250	44.124093	-1.870647e-05	2000	1	9	9
	105	95	147.656250	44.124093	-1.899554e-05	2000	1	9	10
	106	95	149.062500	44.124093	-1.926346e-05	2000	1	9	11
	106	95	149.062500	44.124093	-1.965217e-05	2000	1	9	12
	106	95	149.062500	44.124093	-1.995477e-05	2000	1	9	13
	106	95	149.062500	44.124093	-2.021640e-05	2000	1	9	14
	107	95	150.468750	44.124093	-2.056898e-05	2000	1	9	15
	107	96	150.468750	45.524850	-2.093114e-05	2000	1	9	16
	108	95	151.875000	44.124093	-2.132142e-05	2000	1	9	17
	108	95	151.875000	44.124093	-2.169599e-05	2000	1	9	18
	108	95	151.875000	44.124093	-2.200252e-05	2000	1	9	19
	109	95	153.281250	44.124093	-2.234030e-05	2000	1	9	20
	109	95	153.281250	44.124093	-2.273715e-05	2000	1	9	21
	109	96	153.281250	45.524850	-2.304950e-05	2000	1	9	22
	110	96	154.687500	45.524850	-2.339042e-05	2000	1	9	23
	110	96	154.687500	45.524850	-2.379546e-05	2000	1	10	0
	110	96	154.687500	45.524850	-2.414386e-05	2000	1	10	1
	111	96	156.093750	45.524850	-2.447377e-05	2000	1	10	2
	111	96	156.093750	45.524850	-2.489323e-05	2000	1	10	3
	112	96	157.500000	45.524850	-2.530251e-05	2000	1	10	4
	112	96	157.500000	45.524850	-2.584110e-05	2000	1	10	5
	112	96	157.500000	45.524850	-2.629398e-05	2000	1	10	6
	112	96	157.500000	45.524850	-2.669943e-05	2000	1	10	7
	112	96	157.500000	45.524850	-2.701370e-05	2000	1	10	8
	113	97	158.906250	46.925606	-2.739194e-05	2000	1	10	9
	113	97	158.906250	46.925606	-2.778046e-05	2000	1	10	10
	113	97	158.906250	46.925606	-2.812516e-05	2000	1	10	11
	114	96	160.312500	45.524850	-2.846322e-05	2000	1	10	12
	114	97	160.312500	46.925606	-2.885216e-05	2000	1	10	13
	114	96	160.312500	45.524850	-2.924781e-05	2000	1	10	14
	115	97	161.718750	46.925606	-2.977196e-05	2000	1	10	15
	115	97	161.718750	46.925606	-3.026501e-05	2000	1	10	16
	115	97	161.718750	46.925606	-3.063824e-05	2000	1	10	17
	115	97	161.718750	46.925606	-3.107031e-05	2000	1	10	18
	116	97	163.125000	46.925606	-3.145790e-05	2000	1	10	19
	116	97	163.125000	46.925606	-3.193155e-05	2000	1	10	20
	117	96	164.531250	45.524850	-3.231340e-05	2000	1	10	21
	117	96	164.531250	45.524850	-3.269719e-05	2000	1	10	22
	117	96	164.531250	45.524850	-3.311898e-05	2000	1	10	23
	117	96	164.531250	45.524850	-3.343896e-05	2000	1	11	0
	117	96	164.531250	45.524850	-3.378909e-05	2000	1	11	1
	118	96	165.937500	45.524850	-3.418263e-05	2000	1	11	2
	118	96	165.937500	45.524850	-3.452987e-05	2000	1	11	3
	118	96	165.937500	45.524850	-3.493464e-05	2000	1	11	4
	118	96	165.937500	45.524850	-3.515666e-05	2000	1	11	5
	118	96	165.937500	45.524850	-3.548841e-05	2000	1	11	6
	119	96	167.343750	45.524850	-3.588661e-05	2000	1	11	7
	119	96	167.343750	45.524850	-3.625570e-05	2000	1	11	8
	119	96	167.343750	45.524850	-3.654479e-05	2000	1	11	9
	119	96	167.343750	45.524850	-3.690519e-05	2000	1	11	10
	120	96	168.750000	45.524850	-3.720889e-05	2000	1	11	11
	120	96	168.750000	45.524850	-3.766930e-05	2000	1	11	12
	120	96	168.750000	45.524850	-3.811796e-05	2000	1	11	13
	121	96	170.156250	45.524850	-3.830036e-05	2000	1	11	14
	120	96	168.750000	45.524850	-3.851636e-05	2000	1	11	15
	122	96	171.562500	45.524850	-3.907986e-05	2000	1	11	16
	122	96	171.562500	45.524850	-3.958001e-05	2000	1	11	17
	123	96	172.968750	45.524850	-3.983823e-05	2000	1	11	18
	123	96	172.968750	45.524850	-4.034584e-05	2000	1	11	19
	124	96	174.375000	45.524850	-4.082611e-05	2000	1	11	20
	124	96	174.375000	45.524850	-4.122268e-05	2000	1	11	21
	125	96	175.781250	45.524850	-4.156292e-05	2000	1	11	22
	125	96	175.781250	45.524850	-4.192902e-05	2000	1	11	23
	125	96	175.781250	45.524850	-4.244447e-05	2000	1	12	0
start	97	2000	1	8	0
	135	94	189.843750	42.723335	-9.120040e-06	2000	1	8	0
	136	94	191.250000	42.723335	-9.366218e-06	2000	1	8	1
	136	94	191.250000	42.723335	-9.641003e-06	2000	1	8	2
	137	94	192.656250	42.723335	-9.912176e-06	2000	1	8	3
	137	94	192.656250	42.723335	-1.024327e-05	2000	1	8	4
	137	94	192.656250	42.723335	-1.055182e-05	2000	1	8	5
	137	94	192.656250	42.723335	-1.087922e-05	2000	1	8	6
	138	94	194.062500	42.723335	-1.117231e-05	2000	1	8	7
	138	94	194.062500	42.723335	-1.146531e-05	2000	1	8	8
	138	94	194.062500	42.723335	-1.172891e-05	2000	1	8	9
	139	94	195.468750	42.723335	-1.197090e-05	2000	1	8	10
	139	94	195.468750	42.723335	-1.222220e-05	2000	1	8	11
	140	94	196.875000	42.723335	-1.242649e-05	2000	1	8	12
	140	94	196.875000	42.723335	-1.272186e-05	2000	1	8	13
	140	94	196.875000	42.723335	-1.299159e-05	2000	1	8	14
	140	94	196.875000	42.723335	-1.322527e-05	2000	1	8	15
	141	94	198.281250	42.723335	-1.355235e-05	2000	1	8	16
	141	94	198.281250	42.723335	-1.387704e-05	2000	1	8	17
	142	94	199.687500	42.723335	-1.424298e-05	2000	1	8	18
	142	94	199.687500	42.723335	-1.459357e-05	2000	1	8	19
	142	94	199.687500	42.723335	-1.482173e-05	2000	1	8	20
	143	94	201.093750	42.723335	-1.514830e-05	2000	1	8	21
	143	94	201.093750	42.723335	-1.536666e-05	2000	1	8	22
	143	94	201.093750	42.723335	-1.557829e-05	2000	1	8	23
	144	95	202.500000	44.124093	-1.581721e-05	2000	1	9	0
	144	95	202.500000	44.124093	-1.611000e-05	2000	1	9	1
	145	95	203.906250	44.124093	-1.645325e-05	2000	1	9	2
	145	95	203.906250	44.124093	-1.679715e-05	2000	1	9	3
	145	95	203.906250	44.124093	-1.711236e-05	2000	1	9	4
	146	95	205.312500	44.124093	-1.745720e-05	2000	1	9	5
	146	95	205.312500	44.124093	-1.777805e-05	2000	1	9	6
	147	95	206.718750	44.124093	-1.813864e-05	2000	1	9	7
	147	95	206.718750	44.124093	-1.845397e-05	2000	1	9	8
	147	95	206.718750	44.124093	-1.872832e-05	2000	1	9	9
	148	95	208.125000	44.124093	-1.902202e-05	2000	1	9	10
	148	95	208.125000	44.124093	-1.927966e-05	2000	1	9	11
	148	95	208.125000	44.124093	-1.960092e-05	2000	1	9	12
	149	95	209.531250	44.124093	-1.987956e-05	2000	1	9	13
	149	95	209.531250	44.124093	-2.021594e-05	2000	1	9	14
	150	95	210.937500	44.124093	-2.060046e-05	2000	1	9	15
	150	95	210.937500	44.124093	-2.096751e-05	2000	1	9	16
	150	95	210.937500	44.124093	-2.131957e-05	2000	1	9	17
	151	95	212.343750	44.124093	-2.165044e-05	2000	1	9	18
	151	95	212.343750	44.124093	-2.203156e-05	2000	1	9	19
	152	96	213.750000	45.524850	-2.234552e-05	2000	1	9	20
	152	96	213.750000	45.524850	-2.277147e-05	2000	1	9	21
	152	96	213.750000	45.524850	-2.315734e-05	2000	1	9	22
	152	96	213.750000	45.524850	-2.349573e-05	2000	1	9	23
	152	96	213.750000	45.524850	-2.374716e-05	2000	1	10	0
	153	96	215.156250	45.524850	-2.414523e-05	2000	1	10	1
	153	96	215.156250	45.524850	-2.449610e-05	2000	1	10	2
	154	96	216.562500	45.524850	-2.488125e-05	2000	1	10	3
	154	96	216.562500	45.524850	-2.531822e-05	2000	1	10	4
	154	96	216.562500	45.524850	-2.573859e-05	2000	1	10	5
	155	96	217.968750	45.524850	-2.617447e-05	2000	1	10	6
	155	96	217.968750	45.524850	-2.663354e-05	2000	1	10	7
	155	96	217.968750	45.524850	-2.702396e-05	2000	1	10	8
	156	97	219.375000	46.925606	-2.734206e-05	2000	1	10	9
	156	97	219.375000	46.925606	-2.784071e-05	2000	1	10	10
	156	97	219.375000	46.925606	-2.818379e-05	2000	1	10	11
	157	96	220.781250	45.524850	-2.848151e-05	2000	1	10	12
	157	96	220.781250	45.524850	-2.888278e-05	2000	1	10	13
	157	96	220.781250	45.524850	-2.933034e-05	2000	1	10	14
	157	96	220.781250	45.524850	-2.963799e-05	2000	1	10	15
	158	97	222.187500	46.925606	-3.010454e-05	2000	1	10	16
	158	97	222.187500	46.925606	-3.060079e-05	2000	1	10	17
	158	97	222.187500	46.925606	-3.099567e-05	2000	1	10	18
	159	97	223.593750	46.925606	-3.147245e-05	2000	1	10	19
	159	97	223.593750	46.925606	-3.194663e-05	2000	1	10	20
	159	97	223.593750	46.925606	-3.235407e-05	2000	1	10	21
	160	96	225.000000	45.524850	-3.271525e-05	2000	1	10	22
	160	96	225.000000	45.524850	-3.319623e-05	2000	1	10	23
	160	96	225.000000	45.524850	-3.353826e-05	2000	1	11	0
	160	96	225.000000	45.524850	-3.384791e-05	2000	1	11	1
	160	96	225.000000	45.524850	-3.420354e-05	2000	1	11	2
	160	96	225.000000	45.524850	-3.452611e-05	2000	1	11	3
	161	96	226.406250	45.524850	-3.488257e-05	2000	1	11	4
	161	96	226.406250	45.524850	-3.516060e-05	2000	1	11	5
	161	96	226.406250	45.524850	-3.559927e-05	2000	1	11	6
	161	96	226.406250	45.524850	-3.584065e-05	2000	1	11	7
	162	96	227.812500	45.524850	-3.621164e-05	2000	1	11	8
	162	96	227.812500	45.524850	-3.664358e-05	2000	1	11	9
	162	96	227.812500	45.524850	-3.695616e-05	2000	1	11	10
	162	96	227.812500	45.524850	-3.721465e-05	2000	1	11	11
	163	96	229.218750	45.524850	-3.760241e-05	2000	1	11	12
	163	96	229.218750	45.524850	-3.791023e-05	2000	1	11	13
	163	96	229.218750	45.524850	-3.833659e-05	2000	1	11	14
	164	96	230.625000	45.524850	-3.861787e-05	2000	1	11	15
	164	96	230.625000	45.524850	-3.898753e-05	2000	1	11	16
	165	96	232.031250	45.524850	-3.949296e-05	2000	1	11	17
	165	96	232.031250	45.524850	-3.989776e-05	2000	1	11	18
	166	96	233.437500	45.524850	-4.039181e-05	2000	1	11	19
	167	96	234.843750	45.524850	-4.075911e-05	2000	1	11	20
	166	96	233.437500	45.524850	-4.114361e-05	2000	1	11	21
	167	96	234.843750	45.524850	-4.160832e-05	2000	1	11	22
	167	96	234.843750	45.524850	-4.199041e-05	2000	1	11	23
	168	96	236.250000	45.524850	-4.255960e-05	2000	1	12	0
start	97	2000	1	8	0
	177	94	248.906250	42.723335	-9.119511e-06	2000	1	8	0
	178	94	250.312500	42.723335	-9.357835e-06	2000	1	8	1
	179	94	251.718750	42.723335	-9.604433e-06	2000	1	8	2
	179	94	251.718750	42.723335	-9.906391e-06	2000	1	8	3
	180	94	253.125000	42.723335	-1.020108e-05	2000	1	8	4
	180	94	253.125000	42.723335	-1.053941e-05	2000	1	8	5
	180	94	253.125000	42.723335	-1.088759e-05	2000	1	8	6
	180	94	253.125000	42.723335	-1.121734e-05	2000	1	8	7
	181	94	254.531250	42.723335	-1.145882e-05	2000	1	8	8
	181	94	254.531250	42.723335	-1.175418e-05	2000	1	8	9
	181	94	254.531250	42.723335	-1.196921e-05	2000	1	8	10
	182	94	255.937500	42.723335	-1.219011e-05	2000	1	8	11
	182	94	255.937500	42.723335	-1.240334e-05	2000	1	8	12
	183	94	257.343750	42.723335	-1.268333e-05	2000	1	8	13
	183	94	257.343750	42.723335	-1.299404e-05	2000	1	8	14
	183	94	257.343750	42.723335	-1.326075e-05	2000	1	8	15
	183	94	257.343750	42.723335	-1.353273e-05	2000	1	8	16
	184	95	258.750000	44.124093	-1.392084e-05	2000	1	8	17
	184	95	258.750000	44.124093	-1.424855e-05	2000	1	8	18
	185	94	260.156250	42.723335	-1.454933e-05	2000	1	8	19
	185	94	260.156250	42.723335	-1.486081e-05	2000	1	8	20
	186	94	261.562500	42.723335	-1.512526e-05	2000	1	8	21
	186	94	261.562500	42.723335	-1.537299e-05	2000	1	8	22
	186	94	261.562500	42.723335	-1.562652e-05	2000	1	8	23
	186	94	261.562500	42.723335	-1.583118e-05	2000	1	9	0
	187	95	262.968750	44.124093	-1.610989e-05	2000	1	9	1
	187	95	262.968750	44.124093	-1.640866e-05	2000	1	9	2
	188	95	264.375000	44.124093	-1.676465e-05	2000	1	9	3
	188	95	264.375000	44.124093	-1.710257e-05	2000	1	9	4
	189	95	265.781250	44.124093	-1.751438e-05	2000	1	9	5
	189	95	265.781250	44.124093	-1.784478e-05	2000	1	9	6
	189	95	265.781250	44.124093	-1.816656e-05	2000	1	9	7
	190	95	267.187500	44.124093	-1.842508e-05	2000	1	9	8
	190	95	267.187500	44.124093	-1.875792e-05	2000	1	9	9
	190	95	267.187500	44.124093	-1.900868e-05	2000	1	9	10
	191	95	268.593750	44.124093	-1.925078e-05	2000	1	9	11
	191	95	268.593750	44.124093	-1.961495e-05	2000	1	9	12
	192	95	270.000000	44.124093	-1.992624e-05	2000	1	9	13
	192	95	270.000000	44.124093	-2.031174e-05	2000	1	9	14
	192	95	270.000000	44.124093	-2.065758e-05	2000	1	9	15
	192	95	270.000000	44.124093	-2.097429e-05	2000	1	9	16
	193	95	271.406250	44.124093	-2.132293e-05	2000	1	9	17
	193	95	271.406250	44.124093	-2.166080e-05	2000	1	9	18
	194	95	272.812500	44.124093	-2.197612e-05	2000	1	9	19
	194	95	272.812500	44.124093	-2.233527e-05	2000	1	9	20
	194	95	272.812500	44.124093	-2.268446e-05	2000	1	9	21
	195	96	274.218750	45.524850	-2.306585e-05	2000	1	9	22
	195	96	274.218750	45.524850	-2.348331e-05	2000	1	9	23
	195	96	274.218750	45.524850	-2.378257e-05	2000	1	10	0
	195	96	274.218750	45.524850	-2.413242e-05	2000	1	10	1
	196	96	275.625000	45.524850	-2.453241e-05	2000	1	10	2
	196	96	275.625000	45.524850	-2.487052e-05	2000	1	10	3
	197	96	277.031250	45.524850	-2.535210e-05	2000	1	10	4
	197	96	277.031250	45.524850	-2.578965e-05	2000	1	10	5
	197	96	277.031250	45.524850	-2.619334e-05	2000	1	10	6
	198	96	278.437500	45.524850	-2.656406e-05	2000	1	10	7
	198	96	278.437500	45.524850	-2.700750e-05	2000	1	10	8
	198	96	278.437500	45.524850	-2.738041e-05	2000	1	10	9
	199	96	279.843750	45.524850	-2.769108e-05	2000	1	10	10
	199	96	279.843750	45.524850	-2.808234e-05	2000	1	10	11
	199	97	279.843750	46.925606	-2.849836e-05	2000	1	10	12
	200	96	281.250000	45.524850	-2.889679e-05	2000	1	10	13
	200	96	281.250000	45.524850	-2.937850e-05	2000	1	10	14
	200	97	281.250000	46.925606	-2.972362e-05	2000	1	10	15
	200	96	281.250000	45.524850	-3.016095e-05	2000	1	10	16
	200	97	281.250000	46.925606	-3.052648e-05	2000	1	10	17
	201	97	282.656250	46.925606	-3.099523e-05	2000	1	10	18
	201	97	282.656250	46.925606	-3.149819e-05	2000	1	10	19
	202	97	284.062500	46.925606	-3.190722e-05	2000	1	10	20
	202	97	284.062500	46.925606	-3.243543e-05	2000	1	10	21
	202	96	284.062500	45.524850	-3.275718e-05	2000	1	10	22
	203	96	285.468750	45.524850	-3.302031e-05	2000	1	10	23
	203	96	285.468750	45.524850	-3.346689e-05	2000	1	11	0
	203	96	285.468750	45.524850	-3.387729e-05	2000	1	11	1
	203	96	285.468750	45.524850	-3.415500e-05	2000	1	11	2
	203	96	285.468750	45.524850	-3.457799e-05	2000	1	11	3
	203	96	285.468750	45.524850	-3.488492e-05	2000	1	11	4
	204	96	286.875000	45.524850	-3.514530e-05	2000	1	11	5
	204	96	286.875000	45.524850	-3.550194e-05	2000	1	11	6
	204	96	286.875000	45.524850	-3.584113e-05	2000	1	11	7
	204	96	286.875000	45.524850	-3.620233e-05	2000	1	11	8
	204	96	286.875000	45.524850	-3.654728e-05	2000	1	11	9
	205	96	288.281250	45.524850	-3.700005e-05	2000	1	11	10
	205	96	288.281250	45.524850	-3.730598e-05	2000	1	11	11
	206	96	289.687500	45.524850	-3.759643e-05	2000	1	11	12
	205	96	288.281250	45.524850	-3.796763e-05	2000	1	11	13
	206	96	289.687500	45.524850	-3.831446e-05	2000	1	11	14
	206	96	289.687500	45.524850	-3.858556e-05	2000	1	11	15
	207	96	291.093750	45.524850	-3.898182e-05	2000	1	11	16
	207	96	291.093750	45.524850	-3.953950e-05	2000	1	11	17
	208	96	292.500000	45.524850	-3.985380e-05	2000	1	11	18
	208	96	292.500000	45.524850	-4.049662e-05	2000	1	11	19
	208	96	292.500000	45.524850	-4.067580e-05	2000	1	11	20
	209	96	293.906250	45.524850	-4.128018e-05	2000	1	11	21
	210	96	295.312500	45.524850	-4.165019e-05	2000	1	11	22
	210	96	295.312500	45.524850	-4.208613e-05	2000	1	11	23
	211	96	296.718750	45.524850	-4.237946e-05	2000	1	12	0
start	97	2000	1	8	0
	220	94	309.375000	42.723335	-9.134989e-06	2000	1	8	0
	221	94	310.781250	42.723335	-9.421729e-06	2000	1	8	1
	221	94	310.781250	42.723335	-9.675252e-06	2000	1	8	2
	222	94	312.187500	42.723335	-9.940285e-06	2000	1	8	3
	222	94	312.187500	42.723335	-1.024513e-05	2000	1	8	4
	222	94	312.187500	42.723335	-1.050840e-05	2000	1	8	5
	223	94	313.593750	42.723335	-1.084960e-05	2000	1	8	6
	223	94	313.593750	42.723335	-1.119284e-05	2000	1	8	7
	223	94	313.593750	42.723335	-1.146084e-05	2000	1	8	8
	224	94	315.000000	42.723335	-1.177499e-05	2000	1	8	9
	224	94	315.000000	42.723335	-1.202396e-05	2000	1	8	10
	224	94	315.000000	42.723335	-1.225146e-05	2000	1	8	11
	225	94	316.406250	42.723335	-1.244094e-05	2000	1	8	12
	225	94	316.406250	42.723335	-1.264744e-05	2000	1	8	13
	226	94	317.812500	42.723335	-1.291291e-05	2000	1	8	14
	226	94	317.812500	42.723335	-1.326649e-05	2000	1	8	15
	226	94	317.812500	42.723335	-1.357787e-05	2000	1	8	16
	227	94	319.218750	42.723335	-1.390071e-05	2000	1	8	17
	227	94	319.218750	42.723335	-1.429717e-05	2000	1	8	18
	227	94	319.218750	42.723335	-1.455178e-05	2000	1	8	19
	228	95	320.625000	44.124093	-1.484273e-05	2000	1	8	20
	228	95	320.625000	44.124093	-1.509184e-05	2000	1	8	21
	228	95	320.625000	44.124093	-1.532933e-05	2000	1	8	22
	229	94	322.031250	42.723335	-1.554984e-05	2000	1	8	23
	229	94	322.031250	42.723335	-1.580983e-05	2000	1	9	0
	230	95	323.437500	44.124093	-1.612070e-05	2000	1	9	1
	230	95	323.437500	44.124093	-1.642014e-05	2000	1	9	2
	231	95	324.843750	44.124093	-1.678583e-05	2000	1	9	3
	231	95	324.843750	44.124093	-1.717286e-05	2000	1	9	4
	231	95	324.843750	44.124093	-1.751977e-05	2000	1	9	5
	231	95	324.843750	44.124093	-1.782450e-05	2000	1	9	6
	232	95	326.250000	44.124093	-1.812647e-05	2000	1	9	7
	232	95	326.250000	44.124093	-1.841022e-05	2000	1	9	8
	233	95	327.656250	44.124093	-1.870647e-05	2000	1	9	9
	233	95	327.656250	44.124093	-1.899558e-05	2000	1	9	10
	234	95	329.062500	44.124093	-1.927748e-05	2000	1	9	11
	234	95	329.062500	44.124093	-1.965217e-05	2000	1	9	12
	234	95	329.062500	44.124093	-1.995477e-05	2000	1	9	13
	234	95	329.062500	44.124093	-2.021640e-05	2000	1	9	14
	235	95	330.468750	44.124093	-2.056978e-05	2000	1	9	15
	235	95	330.468750	44.124093	-2.094218e-05	2000	1	9	16
	236	95	331.875000	44.124093	-2.132142e-05	2000	1	9	17
	236	95	331.875000	44.124093	-2.169955e-05	2000	1	9	18
	236	95	331.875000	44.124093	-2.200252e-05	2000	1	9	19
	237	95	333.281250	44.124093	-2.234120e-05	2000	1	9	20
	237	95	333.281250	44.124093	-2.273805e-05	2000	1	9	21
	237	96	333.281250	45.524850	-2.305130e-05	2000	1	9	22
	238	96	334.687500	45.524850	-2.339042e-05	2000	1	9	23
	238	96	334.687500	45.524850	-2.379546e-05	2000	1	10	0
	238	96	334.687500	45.524850	-2.414386e-05	2000	1	10	1
	239	96	336.093750	45.524850	-2.447377e-05	2000	1	10	2
	239	96	336.093750	45.524850	-2.489323e-05	2000	1	10	3
	240	96	337.500000	45.524850	-2.535366e-05	2000	1	10	4
	240	96	337.500000	45.524850	-2.584110e-05	2000	1	10	5
	240	96	337.500000	45.524850	-2.629398e-05	2000	1	10	6
	240	96	337.500000	45.524850	-2.669943e-05	2000	1	10	7
	240	96	337.500000	45.524850	-2.701370e-05	2000	1	10	8
	241	97	338.906250	46.925606	-2.739194e-05	2000	1	10	9
	241	97	338.906250	46.925606	-2.778046e-05	2000	1	10	10
	241	97	338.906250	46.925606	-2.812516e-05	2000	1	10	11
	242	96	340.312500	45.524850	-2.846322e-05	2000	1	10	12
	242	97	340.312500	46.925606	-2.885216e-05	2000	1	10	13
	242	96	340.312500	45.524850	-2.924781e-05	2000	1	10	14
	243	97	341.718750	46.925606	-2.977196e-05	2000	1	10	15
	243	97	341.718750	46.925606	-3.026501e-05	2000	1	10	16
	243	97	341.718750	46.925606	-3.063824e-05	2000	1	10	17
	243	97	341.718750	46.925606	-3.107031e-05	2000	1	10	18
	244	97	343.125000	46.925606	-3.145790e-05	2000	1	10	19
	244	97	343.125000	46.925606	-3.193155e-05	2000	1	10	20
	245	96	344.531250	45.524850	-3.231340e-05	2000	1	10	21
	245	96	344.531250	45.524850	-3.269719e-05	2000	1	10	22
	245	96	344.531250	45.524850	-3.311898e-05	2000	1	10	23
	245	96	344.531250	45.524850	-3.343896e-05	2000	1	11	0
	245	96	344.531250	45.524850	-3.378909e-05	2000	1	11	1
	246	96	345.937500	45.524850	-3.418263e-05	2000	1	11	2
	246	96	345.937500	45.524850	-3.452987e-05	2000	1	11	3
	246	96	345.937500	45.524850	-3.493464e-05	2000	1	11	4
	246	96	345.937500	45.524850	-3.515666e-05	2000	1	11	5
	246	96	345.937500	45.524850	-3.548841e-05	2000	1	11	6
	247	96	347.343750	45.524850	-3.588661e-05	2000	1	11	7
	247	96	347.343750	45.524850	-3.625570e-05	2000	1	11	8
	247	96	347.343750	45.524850	-3.654479e-05	2000	1	11	9
	247	96	347.343750	45.524850	-3.690519e-05	2000	1	11	10
	248	96	348.750000	45.524850	-3.720889e-05	2000	1	11	11
	248	96	348.750000	45.524850	-3.766930e-05	2000	1	11	12
	248	96	348.750000	45.524850	-3.811796e-05	2000	1	11	13
	249	96	350.156250	45.524850	-3.829864e-05	2000	1	11	14
	248	96	348.750000	45.524850	-3.851636e-05	2000	1	11	15
	250	96	351.562500	45.524850	-3.907986e-05	2000	1	11	16
	250	96	351.562500	45.524850	-3.958001e-05	2000	1	11	17
	251	96	352.968750	45.524850	-3.983823e-05	2000	1	11	18
	251	96	352.968750	45.524850	-4.034584e-05	2000	1	11	19
	252	96	354.375000	45.524850	-4.082611e-05	2000	1	11	20
	252	96	354.375000	45.524850	-4.122268e-05	2000	1	11	21
	253	96	355.781250	45.524850	-4.156292e-05	2000	1	11	22
	253	96	355.781250	45.524850	-4.192767e-05	2000	1	11	23
	253	96	355.781250	45.524850	-4.244447e-05	2000	1	12	0
start	52	2000	1	8	6
	6	105	8.437500	58.131598	-8.240442e-06	2000	1	8	6
	6	105	8.437500	58.131598	-8.529883e-06	2000	1	8	7
	7	104	9.843750	56.730857	-8.799356e-06	2000	1	8	8
	8	104	11.250000	56.730857	-9.113378e-06	2000	1	8	9
	8	104	11.250000	56.730857	-9.432911e-06	2000	1	8	10
	8	104	11.250000	56.730857	-9.726576e-06	2000	1	8	11
	8	104	11.250000	56.730857	-9.987840e-06	2000	1	8	12
	8	104	11.250000	56.730857	-1.016370e-05	2000	1	8	13
	9	104	12.656250	56.730857	-1.038039e-05	2000	1	8	14
	10	104	14.062500	56.730857	-1.064810e-05	2000	1	8	15
	9	105	12.656250	58.131598	-1.096015e-05	2000	1	8	16
	10	104	14.062500	56.730857	-1.131185e-05	2000	1	8	17
	10	104	14.062500	56.730857	-1.166920e-05	2000	1	8	18
	10	105	14.062500	58.131598	-1.206120e-05	2000	1	8	19
	11	105	15.468750	58.131598	-1.246270e-05	2000	1	8	20
	11	105	15.468750	58.131598	-1.290271e-05	2000	1	8	21
	12	104	16.875000	56.730857	-1.337431e-05	2000	1	8	22
	13	104	18.281250	56.730857	-1.367421e-05	2000	1	8	23
	13	104	18.281250	56.730857	-1.408407e-05	2000	1	9	0
	13	104	18.281250	56.730857	-1.446717e-05	2000	1	9	1
	14	104	19.687500	56.730857	-1.483089e-05	2000	1	9	2
	14	104	19.687500	56.730857	-1.522799e-05	2000	1	9	3
	15	104	21.093750	56.730857	-1.568827e-05	2000	1	9	4
	16	103	22.500000	55.330112	-1.624604e-05	2000	1	9	5
	15	104	21.093750	56.730857	-1.670104e-05	2000	1	9	6
	16	104	22.500000	56.730857	-1.725586e-05	2000	1	9	7
	17	104	23.906250	56.730857	-1.776010e-05	2000	1	9	8
	17	104	23.906250	56.730857	-1.832435e-05	2000	1	9	9
	17	104	23.906250	56.730857	-1.880090e-05	2000	1	9	10
	18	104	25.312500	56.730857	-1.932201e-05	2000	1	9	11
	17	105	23.906250	58.131598	-1.969397e-05	2000	1	9	12
	19	104	26.718750	56.730857	-2.022659e-05	2000	1	9	13
	20	103	28.125000	55.330112	-2.062859e-05	2000	1	9	14
	20	104	28.125000	56.730857	-2.113024e-05	2000	1	9	15
	20	104	28.125000	56.730857	-2.149442e-05	2000	1	9	16
	21	104	29.531250	56.730857	-2.199939e-05	2000	1	9	17
	22	103	30.937500	55.330112	-2.255563e-05	2000	1	9	18
	22	103	30.937500	55.330112	-2.291716e-05	2000	1	9	19
	22	103	30.937500	55.330112	-2.326695e-05	2000	1	9	20
	22	104	30.937500	56.730857	-2.358769e-05	2000	1	9	21
	24	103	33.750000	55.330112	-2.404842e-05	2000	1	9	22
	24	103	33.750000	55.330112	-2.449931e-05	2000	1	9	23
	24	103	33.750000	55.330112	-2.463455e-05	2000	1	10	0
	25	103	35.156250	55.330112	-2.480598e-05	2000	1	10	1
	26	103	36.562500	55.330112	-2.528175e-05	2000	1	10	2
	26	103	36.562500	55.330112	-2.572391e-05	2000	1	10	3
	26	103	36.562500	55.330112	-2.580844e-05	2000	1	10	4
	26	103	36.562500	55.330112	-2.609987e-05	2000	1	10	5
	27	103	37.968750	55.330112	-2.622414e-05	2000	1	10	6
	28	103	39.375000	55.330112	-2.667778e-05	2000	1	10	7
	28	103	39.375000	55.330112	-2.694362e-05	2000	1	10	8
	28	103	39.375000	55.330112	-2.718299e-05	2000	1	10	9
start	51	2000	1	8	6
	49	105	68.906250	58.131598	-8.252940e-06	2000	1	8	6
	49	105	68.906250	58.131598	-8.586490e-06	2000	1	8	7
	49	105	68.906250	58.131598	-8.873692e-06	2000	1	8	8
	50	104	70.312500	56.730857	-9.131543e-06	2000	1	8	9
	50	104	70.312500	56.730857	-9.396979e-06	2000	1	8	10
	51	104	71.718750	56.730857	-9.680114e-06	2000	1	8	11
	51	104	71.718750	56.730857	-9.939642e-06	2000	1	8	12
	51	104	71.718750	56.730857	-1.017017e-05	2000	1	8	13
	52	104	73.125000	56.730857	-1.039058e-05	2000	1	8	14
	52	104	73.125000	56.730857	-1.068164e-05	2000	1	8	15
	52	104	73.125000	56.730857	-1.093186e-05	2000	1	8	16
	53	105	74.531250	58.131598	-1.129104e-05	2000	1	8	17
	53	105	74.531250	58.131598	-1.167815e-05	2000	1	8	18
	53	105	74.531250	58.131598	-1.216046e-05	2000	1	8	19
	53	105	74.531250	58.131598	-1.247402e-05	2000	1	8	20
	54	104	75.937500	56.730857	-1.288329e-05	2000	1	8	21
	55	104	77.343750	56.730857	-1.326816e-05	2000	1	8	22
	56	104	78.750000	56.730857	-1.373781e-05	2000	1	8	23
	56	104	78.750000	56.730857	-1.414473e-05	2000	1	9	0
	56	104	78.750000	56.730857	-1.457307e-05	2000	1	9	1
	56	104	78.750000	56.730857	-1.487046e-05	2000	1	9	2
	57	104	80.156250	56.730857	-1.522338e-05	2000	1	9	3
	58	103	81.562500	55.330112	-1.574052e-05	2000	1	9	4
	58	104	81.562500	56.730857	-1.628815e-05	2000	1	9	5
	58	104	81.562500	56.730857	-1.680113e-05	2000	1	9	6
	58	104	81.562500	56.730857	-1.724677e-05	2000	1	9	7
	60	103	84.375000	55.330112	-1.770951e-05	2000	1	9	8
	60	103	84.375000	55.330112	-1.827178e-05	2000	1	9	9
	60	104	84.375000	56.730857	-1.899632e-05	2000	1	9	10
	60	104	84.375000	56.730857	-1.939803e-05	2000	1	9	11
	62	103	87.187500	55.330112	-1.980303e-05	2000	1	9	12
	62	104	87.187500	56.730857	-2.030347e-05	2000	1	9	13
	62	104	87.187500	56.730857	-2.080060e-05	2000	1	9	14
	62	104	87.187500	56.730857	-2.119822e-05	2000	1	9	15
	64	103	90.000000	55.330112	-2.168990e-05	2000	1	9	16
	64	103	90.000000	55.330112	-2.218245e-05	2000	1	9	17
	64	103	90.000000	55.330112	-2.258117e-05	2000	1	9	18
	64	104	90.000000	56.730857	-2.306211e-05	2000	1	9	19
	64	104	90.000000	56.730857	-2.342058e-05	2000	1	9	20
	66	103	92.812500	55.330112	-2.388726e-05	2000	1	9	21
	66	103	92.812500	55.330112	-2.421975e-05	2000	1	9	22
	66	104	92.812500	56.730857	-2.470008e-05	2000	1	9	23
	66	104	92.812500	56.730857	-2.476640e-05	2000	1	10	0
	68	103	95.625000	55.330112	-2.490630e-05	2000	1	10	1
	68	103	95.625000	55.330112	-2.537763e-05	2000	1	10	2
	68	104	95.625000	56.730857	-2.565477e-05	2000	1	10	3
	68	104	95.625000	56.730857	-2.576569e-05	2000	1	10	4
	70	103	98.437500	55.330112	-2.607181e-05	2000	1	10	5
	70	103	98.437500	55.330112	-2.648618e-05	2000	1	10	6
	70	103	98.437500	55.330112	-2.672199e-05	2000	1	10	7
	70	103	98.437500	55.330112	-2.698884e-05	2000	1	10	8
start	53	2000	1	8	6
	91	105	127.968750	58.131598	-8.229874e-06	2000	1	8	6
	92	105	129.375000	58.131598	-8.537575e-06	2000	1	8	7
	93	104	130.781250	56.730857	-8.845636e-06	2000	1	8	8
	93	104	130.781250	56.730857	-9.157739e-06	2000	1	8	9
	93	104	130.781250	56.730857	-9.455365e-06	2000	1	8	10
	93	104	130.781250	56.730857	-9.760401e-06	2000	1	8	11
	93	104	130.781250	56.730857	-9.980434e-06	2000	1	8	12
	94	104	132.187500	56.730857	-1.017987e-05	2000	1	8	13
	95	104	133.593750	56.730857	-1.043893e-05	2000	1	8	14
	95	104	133.593750	56.730857	-1.074854e-05	2000	1	8	15
	95	104	133.593750	56.730857	-1.102502e-05	2000	1	8	16
	95	104	133.593750	56.730857	-1.128895e-05	2000	1	8	17
	96	105	135.000000	58.131598	-1.173442e-05	2000	1	8	18
	96	105	135.000000	58.131598	-1.213609e-05	2000	1	8	19
	96	105	135.000000	58.131598	-1.253959e-05	2000	1	8	20
	97	104	136.406250	56.730857	-1.295091e-05	2000	1	8	21
	97	104	136.406250	56.730857	-1.334416e-05	2000	1	8	22
	97	104	136.406250	56.730857	-1.367977e-05	2000	1	8	23
	99	104	139.218750	56.730857	-1.410521e-05	2000	1	9	0
	99	104	139.218750	56.730857	-1.462866e-05	2000	1	9	1
	99	104	139.218750	56.730857	-1.492372e-05	2000	1	9	2
	99	104	139.218750	56.730857	-1.532590e-05	2000	1	9	3
	99	104	139.218750	56.730857	-1.573128e-05	2000	1	9	4
	101	104	142.031250	56.730857	-1.618607e-05	2000	1	9	5
	101	104	142.031250	56.730857	-1.684232e-05	2000	1	9	6
	101	104	142.031250	56.730857	-1.735169e-05	2000	1	9	7
	101	104	142.031250	56.730857	-1.771095e-05	2000	1	9	8
	101	104	142.031250	56.730857	-1.813822e-05	2000	1	9	9
	103	104	144.843750	56.730857	-1.888069e-05	2000	1	9	10
	103	104	144.843750	56.730857	-1.943369e-05	2000	1	9	11
	103	104	144.843750	56.730857	-1.978653e-05	2000	1	9	12
	103	104	144.843750	56.730857	-2.017766e-05	2000	1	9	13
	105	104	147.656250	56.730857	-2.068526e-05	2000	1	9	14
	106	103	149.062500	55.330112	-2.125321e-05	2000	1	9	15
	106	103	149.062500	55.330112	-2.165891e-05	2000	1	9	16
	105	104	147.656250	56.730857	-2.202173e-05	2000	1	9	17
	107	104	150.468750	56.730857	-2.230625e-05	2000	1	9	18
	107	104	150.468750	56.730857	-2.295449e-05	2000	1	9	19
	108	103	151.875000	55.330112	-2.328718e-05	2000	1	9	20
	108	103	151.875000	55.330112	-2.365833e-05	2000	1	9	21
	108	104	151.875000	56.730857	-2.385705e-05	2000	1	9	22
	109	104	153.281250	56.730857	-2.431836e-05	2000	1	9	23
	110	103	154.687500	55.330112	-2.487819e-05	2000	1	10	0
	110	103	154.687500	55.330112	-2.500793e-05	2000	1	10	1
	110	103	154.687500	55.330112	-2.512812e-05	2000	1	10	2
	112	103	157.500000	55.330112	-2.542834e-05	2000	1	10	3
	112	103	157.500000	55.330112	-2.586872e-05	2000	1	10	4
	112	103	157.500000	55.330112	-2.612345e-05	2000	1	10	5
	112	103	157.500000	55.330112	-2.642087e-05	2000	1	10	6
	112	103	157.500000	55.330112	-2.648884e-05	2000	1	10	7
	114	103	160.312500	55.330112	-2.674963e-05	2000	1	10	8
	114	103	160.312500	55.330112	-2.714005e-05	2000	1	10	9
	114	103	160.312500	55.330112	-2.730157e-05	2000	1	10	10
start	52	2000	1	8	6
	134	105	188.437500	58.131598	-8.240442e-06	2000	1	8	6
	134	105	188.437500	58.131598	-8.529883e-06	2000	1	8	7
	135	104	189.843750	56.730857	-8.799356e-06	2000	1	8	8
	136	104	191.250000	56.730857	-9.113378e-06	2000	1	8	9
	136	104	191.250000	56.730857	-9.432911e-06	2000	1	8	10
	136	104	191.250000	56.730857	-9.726576e-06	2000	1	8	11
	136	104	191.250000	56.730857	-9.987840e-06	2000	1	8	12
	136	104	191.250000	56.730857	-1.016370e-05	2000	1	8	13
	137	104	192.656250	56.730857	-1.038039e-05	2000	1	8	14
	138	104	194.062500	56.730857	-1.064810e-05	2000	1	8	15
	137	105	192.656250	58.131598	-1.096015e-05	2000	1	8	16
	138	104	194.062500	56.730857	-1.131185e-05	2000	1	8	17
	138	104	194.062500	56.730857	-1.166920e-05	2000	1	8	18
	138	105	194.062500	58.131598	-1.206120e-05	2000	1	8	19
	139	105	195.468750	58.131598	-1.246270e-05	2000	1	8	20
	139	105	195.468750	58.131598	-1.290271e-05	2000	1	8	21
	140	104	196.875000	56.730857	-1.337431e-05	2000	1	8	22
	141	104	198.281250	56.730857	-1.367421e-05	2000	1	8	23
	141	104	198.281250	56.730857	-1.408407e-05	2000	1	9	0
	141	104	198.281250	56.730857	-1.446717e-05	2000	1	9	1
	142	104	199.687500	56.730857	-1.483089e-05	2000	1	9	2
	142	104	199.687500	56.730857	-1.522799e-05	2000	1	9	3
	143	104	201.093750	56.730857	-1.568827e-05	2000	1	9	4
	144	103	202.500000	55.330112	-1.624604e-05	2000	1	9	5
	143	104	201.093750	56.730857	-1.670104e-05	2000	1	9	6
	144	104	202.500000	56.730857	-1.725586e-05	2000	1	9	7
	145	104	203.906250	56.730857	-1.776010e-05	2000	1	9	8
	145	104	203.906250	56.730857	-1.832435e-05	2000	1	9	9
	145	104	203.906250	56.730857	-1.880090e-05	2000	1	9	10
	146	104	205.312500	56.730857	-1.932201e-05	2000	1	9	11
	145	105	203.906250	58.131598	-1.969397e-05	2000	1	9	12
	147	104	206.718750	56.730857	-2.022659e-05	2000	1	9	13
	148	103	208.125000	55.330112	-2.062859e-05	2000	1	9	14
	148	104	208.125000	56.730857	-2.113024e-05	2000	1	9	15
	148	104	208.125000	56.730857	-2.149442e-05	2000	1	9	16
	149	104	209.531250	56.730857	-2.199939e-05	2000	1	9	17
	150	103	210.937500	55.330112	-2.255563e-05	2000	1	9	18
	150	103	210.937500	55.330112	-2.291716e-05	2000	1	9	19
	150	103	210.937500	55.330112	-2.326695e-05	2000	1	9	20
	150	104	210.937500	56.730857	-2.358769e-05	2000	1	9	21
	152	103	213.750000	55.330112	-2.404842e-05	2000	1	9	22
	152	103	213.750000	55.330112	-2.449931e-05	2000	1	9	23
	152	103	213.750000	55.330112	-2.463455e-05	2000	1	10	0
	153	103	215.156250	55.330112	-2.480598e-05	2000	1	10	1
	154	103	216.562500	55.330112	-2.528175e-05	2000	1	10	2
	154	103	216.562500	55.330112	-2.572391e-05	2000	1	10	3
	154	103	216.562500	55.330112	-2.580844e-05	2000	1	10	4
	154	103	216.562500	55.330112	-2.609987e-05	2000	1	10	5
	155	103	217.968750	55.330112	-2.622414e-05	2000	1	10	6
	156	103	219.375000	55.330112	-2.667778e-05	2000	1	10	7
	156	103	219.375000	55.330112	-2.694362e-05	2000	1	10	8
	156	103	219.375000	55.330112	-2.718299e-05	2000	1	10	9
start	51	2000	1	8	6
	177	105	248.906250	58.131598	-8.252940e-06	2000	1	8	6
	177	105	248.906250	58.131598	-8.586490e-06	2000	1	8	7
	177	105	248.906250	58.131598	-8.873692e-06	2000	1	8	8
	178	104	250.312500	56.730857	-9.131543e-06	2000	1	8	9
	178	104	250.312500	56.730857	-9.396979e-06	2000	1	8	10
	179	104	251.718750	56.730857	-9.680114e-06	2000	1	8	11
	179	104	251.718750	56.730857	-9.939642e-06	2000	1	8	12
	179	104	251.718750	56.730857	-1.017017e-05	2000	1	8	13
	180	104	253.125000	56.730857	-1.041771e-05	2000	1	8	14
	180	104	253.125000	56.730857	-1.068164e-05	2000	1	8	15
	180	104	253.125000	56.730857	-1.093186e-05	2000	1	8	16
	181	105	254.531250	58.131598	-1.129104e-05	2000	1	8	17
	181	105	254.531250	58.131598	-1.167815e-05	2000	1	8	18
	181	105	254.531250	58.131598	-1.216046e-05	2000	1	8	19
	181	105	254.531250	58.131598	-1.247402e-05	2000	1	8	20
	182	104	255.937500	56.730857	-1.288329e-05	2000	1	8	21
	183	104	257.343750	56.730857	-1.326816e-05	2000	1	8	22
	184	104	258.750000	56.730857	-1.373781e-05	2000	1	8	23
	184	104	258.750000	56.730857	-1.414473e-05	2000	1	9	0
	184	104	258.750000	56.730857	-1.457307e-05	2000	1	9	1
	184	104	258.750000	56.730857	-1.487046e-05	2000	1	9	2
	185	104	260.156250	56.730857	-1.522338e-05	2000	1	9	3
	186	103	261.562500	55.330112	-1.574052e-05	2000	1	9	4
	186	104	261.562500	56.730857	-1.628815e-05	2000	1	9	5
	186	104	261.562500	56.730857	-1.680113e-05	2000	1	9	6
	186	104	261.562500	56.730857	-1.724677e-05	2000	1	9	7
	188	103	264.375000	55.330112	-1.770951e-05	2000	1	9	8
	188	103	264.375000	55.330112	-1.827178e-05	2000	1	9	9
	188	104	264.375000	56.730857	-1.899632e-05	2000	1	9	10
	188	104	264.375000	56.730857	-1.939803e-05	2000	1	9	11
	190	103	267.187500	55.330112	-1.980303e-05	2000	1	9	12
	190	104	267.187500	56.730857	-2.030347e-05	2000	1	9	13
	190	104	267.187500	56.730857	-2.080060e-05	2000	1	9	14
	190	104	267.187500	56.730857	-2.119822e-05	2000	1	9	15
	192	103	270.000000	55.330112	-2.168990e-05	2000	1	9	16
	192	103	270.000000	55.330112	-2.218245e-05	2000	1	9	17
	192	103	270.000000	55.330112	-2.258117e-05	2000	1	9	18
	192	104	270.000000	56.730857	-2.306211e-05	2000	1	9	19
	192	104	270.000000	56.730857	-2.342058e-05	2000	1	9	20
	194	103	272.812500	55.330112	-2.388726e-05	2000	1	9	21
	194	103	272.812500	55.330112	-2.421975e-05	2000	1	9	22
	194	104	272.812500	56.730857	-2.470008e-05	2000	1	9	23
	194	104	272.812500	56.730857	-2.476640e-05	2000	1	10	0
	196	103	275.625000	55.330112	-2.490630e-05	2000	1	10	1
	196	103	275.625000	55.330112	-2.537763e-05	2000	1	10	2
	196	104	275.625000	56.730857	-2.565477e-05	2000	1	10	3
	196	104	275.625000	56.730857	-2.576569e-05	2000	1	10	4
	198	103	278.437500	55.330112	-2.607181e-05	2000	1	10	5
	198	103	278.437500	55.330112	-2.648618e-05	2000	1	10	6
	198	103	278.437500	55.330112	-2.672199e-05	2000	1	10	7
	198	103	278.437500	55.330112	-2.698884e-05	2000	1	10	8
start	53	2000	1	8	6
	219	105	307.968750	58.131598	-8.229874e-06	2000	1	8	6
	220	105	309.375000	58.131598	-8.537575e-06	2000	1	8	7
	221	104	310.781250	56.730857	-8.845636e-06	2000	1	8	8
	221	104	310.781250	56.730857	-9.157739e-06	2000	1	8	9
	221	104	310.781250	56.730857	-9.455365e-06	2000	1	8	10
	221	104	310.781250	56.730857	-9.760401e-06	2000	1	8	11
	221	104	310.781250	56.730857	-9.980434e-06	2000	1	8	12
	222	104	312.187500	56.730857	-1.017987e-05	2000	1	8	13
	223	104	313.593750	56.730857	-1.043893e-05	2000	1	8	14
	223	104	313.593750	56.730857	-1.074854e-05	2000	1	8	15
	223	104	313.593750	56.730857	-1.102502e-05	2000	1	8	16
	223	104	313.593750	56.730857	-1.128895e-05	2000	1	8	17
	224	105	315.000000	58.131598	-1.173442e-05	2000	1	8	18
	224	105	315.000000	58.131598	-1.213609e-05	2000	1	8	19
	224	105	315.000000	58.131598	-1.253959e-05	2000	1	8	20
	225	104	316.406250	56.730857	-1.295091e-05	2000	1	8	21
	225	104	316.406250	56.730857	-1.334416e-05	2000	1	8	22
	225	104	316.406250	56.730857	-1.367977e-05	2000	1	8	23
	227	104	319.218750	56.730857	-1.410521e-05	2000	1	9	0
	227	104	319.218750	56.730857	-1.462866e-05	2000	1	9	1
	227	104	319.218750	56.730857	-1.492372e-05	2000	1	9	2
	227	104	319.218750	56.730857	-1.532590e-05	2000	1	9	3
	227	104	319.218750	56.730857	-1.573128e-05	2000	1	9	4
	229	104	322.031250	56.730857	-1.618607e-05	2000	1	9	5
	229	104	322.031250	56.730857	-1.684232e-05	2000	1	9	6
	229	104	322.031250	56.730857	-1.735169e-05	2000	1	9	7
	229	104	322.031250	56.730857	-1.771095e-05	2000	1	9	8
	229	104	322.031250	56.730857	-1.813822e-05	2000	1	9	9
	231	104	324.843750	56.730857	-1.888069e-05	2000	1	9	10
	231	104	324.843750	56.730857	-1.943369e-05	2000	1	9	11
	231	104	324.843750	56.730857	-1.978653e-05	2000	1	9	12
	231	104	324.843750	56.730857	-2.017766e-05	2000	1	9	13
	233	104	327.656250	56.730857	-2.068526e-05	2000	1	9	14
	234	103	329.062500	55.330112	-2.125321e-05	2000	1	9	15
	234	103	329.062500	55.330112	-2.165891e-05	2000	1	9	16
	233	104	327.656250	56.730857	-2.202173e-05	2000	1	9	17
	235	104	330.468750	56.730857	-2.230625e-05	2000	1	9	18
	235	104	330.468750	56.730857	-2.295449e-05	2000	1	9	19
	236	103	331.875000	55.330112	-2.328718e-05	2000	1	9	20
	236	103	331.875000	55.330112	-2.365833e-05	2000	1	9	21
	236	104	331.875000	56.730857	-2.385705e-05	2000	1	9	22
	237	104	333.281250	56.730857	-2.431836e-05	2000	1	9	23
	238	103	334.687500	55.330112	-2.487819e-05	2000	1	10	0
	238	103	334.687500	55.330112	-2.500793e-05	2000	1	10	1
	238	103	334.687500	55.330112	-2.512812e-05	2000	1	10	2
	240	103	337.500000	55.330112	-2.542834e-05	2000	1	10	3
	240	103	337.500000	55.330112	-2.586872e-05	2000	1	10	4
	240	103	337.500000	55.330112	-2.612345e-05	2000	1	10	5
	240	103	337.500000	55.330112	-2.642087e-05	2000	1	10	6
	240	103	337.500000	55.330112	-2.648884e-05	2000	1	10	7
	242	103	340.312500	55.330112	-2.674963e-05	2000	1	10	8
	242	103	340.312500	55.330112	-2.714005e-05	2000	1	10	9
	242	103	340.312500	55.330112	-2.730157e-05	2000	1	10	10
