start	79	2000	1	7	2
	97	102	136.406250	53.929366	3.013735e+00	2000	1	7	2
	99	102	139.218750	53.929366	3.339005e+00	2000	1	7	5
	101	102	142.031250	53.929366	3.621556e+00	2000	1	7	7
	101	102	142.031250	53.929366	3.780799e+00	2000	1	7	8
	101	102	142.031250	53.929366	3.909400e+00	2000	1	7	9
	103	102	144.843750	53.929366	4.192999e+00	2000	1	7	11
	103	102	144.843750	53.929366	4.330423e+00	2000	1	7	12
	104	102	146.250000	53.929366	4.449556e+00	2000	1	7	13
	104	102	146.250000	53.929366	4.625999e+00	2000	1	7	14
	106	103	149.062500	55.330112	4.828488e+00	2000	1	7	15
	106	103	149.062500	55.330112	4.999478e+00	2000	1	7	16
	107	103	150.468750	55.330112	5.139145e+00	2000	1	7	17
	108	103	151.875000	55.330112	5.352871e+00	2000	1	7	18
	108	103	151.875000	55.330112	5.552030e+00	2000	1	7	19
	108	103	151.875000	55.330112	5.743360e+00	2000	1	7	20
	110	103	154.687500	55.330112	6.062668e+00	2000	1	7	22
	110	103	154.687500	55.330112	6.299372e+00	2000	1	7	23
	110	103	154.687500	55.330112	6.461321e+00	2000	1	8	0
	112	104	157.500000	56.730857	6.658054e+00	2000	1	8	1
	113	104	158.906250	56.730857	6.881239e+00	2000	1	8	2
	114	104	160.312500	56.730857	7.284529e+00	2000	1	8	4
	114	104	160.312500	56.730857	7.480122e+00	2000	1	8	5
	115	104	161.718750	56.730857	7.647567e+00	2000	1	8	6
	116	104	163.125000	56.730857	7.872322e+00	2000	1	8	7
	116	104	163.125000	56.730857	8.059163e+00	2000	1	8	8
	117	104	164.531250	56.730857	8.212233e+00	2000	1	8	9
	118	104	165.937500	56.730857	8.376911e+00	2000	1	8	10
	118	104	165.937500	56.730857	8.557521e+00	2000	1	8	11
	119	104	167.343750	56.730857	8.727630e+00	2000	1	8	12
	119	104	167.343750	56.730857	8.882132e+00	2000	1	8	13
	120	104	168.750000	56.730857	9.103471e+00	2000	1	8	14
	120	104	168.750000	56.730857	9.262916e+00	2000	1	8	15
	122	104	171.562500	56.730857	9.378376e+00	2000	1	8	16
	122	104	171.562500	56.730857	9.572177e+00	2000	1	8	17
	122	103	171.562500	55.330112	9.712207e+00	2000	1	8	18
	122	103	171.562500	55.330112	9.845383e+00	2000	1	8	19
	124	104	174.375000	56.730857	1.002798e+01	2000	1	8	20
	124	104	174.375000	56.730857	1.010789e+01	2000	1	8	21
	124	103	174.375000	55.330112	1.021195e+01	2000	1	8	22
	126	104	177.187500	56.730857	1.034461e+01	2000	1	8	23
	126	103	177.187500	55.330112	1.044433e+01	2000	1	9	0
	126	103	177.187500	55.330112	1.056986e+01	2000	1	9	1
	128	104	180.000000	56.730857	1.061827e+01	2000	1	9	2
	128	103	180.000000	55.330112	1.076060e+01	2000	1	9	3
	128	103	180.000000	55.330112	1.085269e+01	2000	1	9	4
	130	103	182.812500	55.330112	1.085079e+01	2000	1	9	5
	130	103	182.812500	55.330112	1.108174e+01	2000	1	9	6
	130	103	182.812500	55.330112	1.106620e+01	2000	1	9	7
	132	103	185.625000	55.330112	1.115195e+01	2000	1	9	8
	132	103	185.625000	55.330112	1.127807e+01	2000	1	9	9
	133	103	187.031250	55.330112	1.113564e+01	2000	1	9	10
	134	103	188.437500	55.330112	1.132352e+01	2000	1	9	11
	134	103	188.437500	55.330112	1.123208e+01	2000	1	9	12
	136	103	191.250000	55.330112	1.133586e+01	2000	1	9	13
	136	103	191.250000	55.330112	1.123103e+01	2000	1	9	14
	138	103	194.062500	55.330112	1.124909e+01	2000	1	9	15
	138	103	194.062500	55.330112	1.108404e+01	2000	1	9	16
	140	103	196.875000	55.330112	1.104180e+01	2000	1	9	17
	140	103	196.875000	55.330112	1.081634e+01	2000	1	9	18
	142	103	199.687500	55.330112	1.073351e+01	2000	1	9	19
	142	103	199.687500	55.330112	1.033967e+01	2000	1	9	20
	144	103	202.500000	55.330112	1.022502e+01	2000	1	9	21
	146	103	205.312500	55.330112	9.859774e+00	2000	1	9	22
	147	104	206.718750	56.730857	9.536089e+00	2000	1	9	23
	149	104	209.531250	56.730857	9.229265e+00	2000	1	10	0
	150	104	210.937500	56.730857	8.876102e+00	2000	1	10	1
	151	104	212.343750	56.730857	8.533890e+00	2000	1	10	2
	153	104	215.156250	56.730857	8.162799e+00	2000	1	10	3
	154	104	216.562500	56.730857	7.660497e+00	2000	1	10	4
	155	104	217.968750	56.730857	7.228155e+00	2000	1	10	5
	157	104	220.781250	56.730857	6.724319e+00	2000	1	10	6
	159	104	223.593750	56.730857	6.173048e+00	2000	1	10	7
	160	105	225.000000	58.131598	5.719781e+00	2000	1	10	8
	162	105	227.812500	58.131598	5.300572e+00	2000	1	10	9
	164	105	230.625000	58.131598	4.857172e+00	2000	1	10	10
	167	106	234.843750	59.532337	4.450438e+00	2000	1	10	11
	168	106	236.250000	59.532337	4.073530e+00	2000	1	10	12
	170	106	239.062500	59.532337	3.665547e+00	2000	1	10	13
	172	107	241.875000	60.933072	3.290142e+00	2000	1	10	14
start	79	2000	1	7	2
	225	102	316.406250	53.929366	3.013735e+00	2000	1	7	2
	227	102	319.218750	53.929366	3.339005e+00	2000	1	7	5
	229	102	322.031250	53.929366	3.621556e+00	2000	1	7	7
	229	102	322.031250	53.929366	3.780799e+00	2000	1	7	8
	229	102	322.031250	53.929366	3.909400e+00	2000	1	7	9
	231	102	324.843750	53.929366	4.192999e+00	2000	1	7	11
	231	102	324.843750	53.929366	4.330423e+00	2000	1	7	12
	232	102	326.250000	53.929366	4.449556e+00	2000	1	7	13
	232	102	326.250000	53.929366	4.625999e+00	2000	1	7	14
	234	103	329.062500	55.330112	4.828488e+00	2000	1	7	15
	234	103	329.062500	55.330112	4.999478e+00	2000	1	7	16
	235	103	330.468750	55.330112	5.139145e+00	2000	1	7	17
	236	103	331.875000	55.330112	5.352871e+00	2000	1	7	18
	236	103	331.875000	55.330112	5.552030e+00	2000	1	7	19
	236	103	331.875000	55.330112	5.743360e+00	2000	1	7	20
	238	103	334.687500	55.330112	6.062668e+00	2000	1	7	22
	238	103	334.687500	55.330112	6.299372e+00	2000	1	7	23
	238	103	334.687500	55.330112	6.461321e+00	2000	1	8	0
	240	104	337.500000	56.730857	6.660925e+00	2000	1	8	1
	241	104	338.906250	56.730857	6.881239e+00	2000	1	8	2
	242	104	340.312500	56.730857	7.284529e+00	2000	1	8	4
	242	104	340.312500	56.730857	7.480122e+00	2000	1	8	5
	243	104	341.718750	56.730857	7.647567e+00	2000	1	8	6
	244	104	343.125000	56.730857	7.872322e+00	2000	1	8	7
	244	104	343.125000	56.730857	8.059163e+00	2000	1	8	8
	245	104	344.531250	56.730857	8.212233e+00	2000	1	8	9
	246	104	345.937500	56.730857	8.374763e+00	2000	1	8	10
	246	104	345.937500	56.730857	8.557521e+00	2000	1	8	11
	247	104	347.343750	56.730857	8.727630e+00	2000	1	8	12
	247	104	347.343750	56.730857	8.882132e+00	2000	1	8	13
	248	104	348.750000	56.730857	9.103471e+00	2000	1	8	14
	248	104	348.750000	56.730857	9.262916e+00	2000	1	8	15
	250	104	351.562500	56.730857	9.378376e+00	2000	1	8	16
	250	104	351.562500	56.730857	9.572177e+00	2000	1	8	17
	250	103	351.562500	55.330112	9.712207e+00	2000	1	8	18
	250	103	351.562500	55.330112	9.845383e+00	2000	1	8	19
	252	104	354.375000	56.730857	1.002798e+01	2000	1	8	20
	252	104	354.375000	56.730857	1.010789e+01	2000	1	8	21
	252	103	354.375000	55.330112	1.021195e+01	2000	1	8	22
	254	104	357.187500	56.730857	1.034461e+01	2000	1	8	23
	254	103	357.187500	55.330112	1.044433e+01	2000	1	9	0
	254	103	357.187500	55.330112	1.056986e+01	2000	1	9	1
	0	104	0.000000	56.730857	1.061827e+01	2000	1	9	2
	0	103	0.000000	55.330112	1.076060e+01	2000	1	9	3
	0	103	0.000000	55.330112	1.085269e+01	2000	1	9	4
	2	103	2.812500	55.330112	1.085079e+01	2000	1	9	5
	2	103	2.812500	55.330112	1.108174e+01	2000	1	9	6
	2	103	2.812500	55.330112	1.106620e+01	2000	1	9	7
	4	103	5.625000	55.330112	1.115195e+01	2000	1	9	8
	4	103	5.625000	55.330112	1.127807e+01	2000	1	9	9
	5	103	7.031250	55.330112	1.113564e+01	2000	1	9	10
	6	103	8.437500	55.330112	1.132352e+01	2000	1	9	11
	6	103	8.437500	55.330112	1.123208e+01	2000	1	9	12
	8	103	11.250000	55.330112	1.133586e+01	2000	1	9	13
	8	103	11.250000	55.330112	1.123103e+01	2000	1	9	14
	10	103	14.062500	55.330112	1.124909e+01	2000	1	9	15
	10	103	14.062500	55.330112	1.108404e+01	2000	1	9	16
	12	103	16.875000	55.330112	1.104180e+01	2000	1	9	17
	12	103	16.875000	55.330112	1.081634e+01	2000	1	9	18
	14	103	19.687500	55.330112	1.073351e+01	2000	1	9	19
	14	103	19.687500	55.330112	1.033967e+01	2000	1	9	20
	16	103	22.500000	55.330112	1.022502e+01	2000	1	9	21
	18	103	25.312500	55.330112	9.859774e+00	2000	1	9	22
	19	104	26.718750	56.730857	9.536089e+00	2000	1	9	23
	21	104	29.531250	56.730857	9.229265e+00	2000	1	10	0
	22	104	30.937500	56.730857	8.876102e+00	2000	1	10	1
	23	104	32.343750	56.730857	8.533890e+00	2000	1	10	2
	25	104	35.156250	56.730857	8.162799e+00	2000	1	10	3
	26	104	36.562500	56.730857	7.660497e+00	2000	1	10	4
	27	104	37.968750	56.730857	7.228155e+00	2000	1	10	5
	29	104	40.781250	56.730857	6.724319e+00	2000	1	10	6
	31	104	43.593750	56.730857	6.173048e+00	2000	1	10	7
	32	105	45.000000	58.131598	5.719781e+00	2000	1	10	8
	34	105	47.812500	58.131598	5.300572e+00	2000	1	10	9
	36	105	50.625000	58.131598	4.857172e+00	2000	1	10	10
	39	106	54.843750	59.532337	4.450438e+00	2000	1	10	11
	40	106	56.250000	59.532337	4.073530e+00	2000	1	10	12
	42	106	59.062500	59.532337	3.665547e+00	2000	1	10	13
	44	107	61.875000	60.933072	3.290142e+00	2000	1	10	14
start	76	2000	1	7	3
	13	102	18.281250	53.929366	3.082108e+00	2000	1	7	3
	14	102	19.687500	53.929366	3.339397e+00	2000	1	7	5
	14	102	19.687500	53.929366	3.486711e+00	2000	1	7	6
	16	102	22.500000	53.929366	3.746984e+00	2000	1	7	8
	16	102	22.500000	53.929366	3.902981e+00	2000	1	7	9
	16	102	22.500000	53.929366	4.036165e+00	2000	1	7	10
	17	102	23.906250	53.929366	4.187793e+00	2000	1	7	11
	18	102	25.312500	53.929366	4.342017e+00	2000	1	7	12
	18	102	25.312500	53.929366	4.459570e+00	2000	1	7	13
	20	103	28.125000	55.330112	4.789393e+00	2000	1	7	15
	20	103	28.125000	55.330112	4.970925e+00	2000	1	7	16
	22	103	30.937500	55.330112	5.168435e+00	2000	1	7	17
	22	103	30.937500	55.330112	5.357796e+00	2000	1	7	18
	22	103	30.937500	55.330112	5.556294e+00	2000	1	7	19
	24	103	33.750000	55.330112	6.133819e+00	2000	1	7	22
	26	104	36.562500	56.730857	6.451358e+00	2000	1	8	0
	27	104	37.968750	56.730857	6.682352e+00	2000	1	8	1
	27	104	37.968750	56.730857	6.890483e+00	2000	1	8	2
	28	104	39.375000	56.730857	7.054327e+00	2000	1	8	3
	29	104	40.781250	56.730857	7.314754e+00	2000	1	8	4
	29	104	40.781250	56.730857	7.533334e+00	2000	1	8	5
	31	104	43.593750	56.730857	8.064038e+00	2000	1	8	8
	32	105	45.000000	58.131598	8.243814e+00	2000	1	8	9
	32	105	45.000000	58.131598	8.375923e+00	2000	1	8	10
	33	104	46.406250	56.730857	8.589274e+00	2000	1	8	11
	33	104	46.406250	56.730857	8.775147e+00	2000	1	8	12
	34	105	47.812500	58.131598	8.902940e+00	2000	1	8	13
	35	104	49.218750	56.730857	9.113244e+00	2000	1	8	14
	35	104	49.218750	56.730857	9.268550e+00	2000	1	8	15
	35	104	49.218750	56.730857	9.385038e+00	2000	1	8	16
	37	104	52.031250	56.730857	9.560741e+00	2000	1	8	17
	37	104	52.031250	56.730857	9.758115e+00	2000	1	8	18
	38	104	53.437500	56.730857	9.794834e+00	2000	1	8	19
	38	103	53.437500	55.330112	9.992452e+00	2000	1	8	20
	38	103	53.437500	55.330112	1.009734e+01	2000	1	8	21
	40	104	56.250000	56.730857	1.014529e+01	2000	1	8	22
	40	103	56.250000	55.330112	1.031321e+01	2000	1	8	23
	40	103	56.250000	55.330112	1.043000e+01	2000	1	9	0
	41	103	57.656250	55.330112	1.043682e+01	2000	1	9	1
	42	103	59.062500	55.330112	1.064410e+01	2000	1	9	2
	42	103	59.062500	55.330112	1.076138e+01	2000	1	9	3
	44	103	61.875000	55.330112	1.075583e+01	2000	1	9	4
	44	103	61.875000	55.330112	1.099732e+01	2000	1	9	5
	44	103	61.875000	55.330112	1.096401e+01	2000	1	9	6
	46	103	64.687500	55.330112	1.105644e+01	2000	1	9	7
	46	103	64.687500	55.330112	1.118885e+01	2000	1	9	8
	47	103	66.093750	55.330112	1.112292e+01	2000	1	9	9
	48	103	67.500000	55.330112	1.127513e+01	2000	1	9	10
	48	103	67.500000	55.330112	1.124029e+01	2000	1	9	11
	50	103	70.312500	55.330112	1.124403e+01	2000	1	9	12
	50	103	70.312500	55.330112	1.129446e+01	2000	1	9	13
	52	103	73.125000	55.330112	1.119334e+01	2000	1	9	14
	52	103	73.125000	55.330112	1.123814e+01	2000	1	9	15
	54	103	75.937500	55.330112	1.108844e+01	2000	1	9	16
	54	103	75.937500	55.330112	1.105389e+01	2000	1	9	17
	56	103	78.750000	55.330112	1.087308e+01	2000	1	9	18
	56	103	78.750000	55.330112	1.070177e+01	2000	1	9	19
	58	103	81.562500	55.330112	1.050696e+01	2000	1	9	20
	60	104	84.375000	56.730857	1.015290e+01	2000	1	9	21
	60	103	84.375000	55.330112	9.904218e+00	2000	1	9	22
	62	104	87.187500	56.730857	9.644391e+00	2000	1	9	23
	64	104	90.000000	56.730857	9.280441e+00	2000	1	10	0
	64	104	90.000000	56.730857	8.928009e+00	2000	1	10	1
	66	104	92.812500	56.730857	8.617418e+00	2000	1	10	2
	68	104	95.625000	56.730857	8.175822e+00	2000	1	10	3
	68	104	95.625000	56.730857	7.646930e+00	2000	1	10	4
	70	104	98.437500	56.730857	7.245734e+00	2000	1	10	5
	72	104	101.250000	56.730857	6.690461e+00	2000	1	10	6
	73	104	102.656250	56.730857	6.144338e+00	2000	1	10	7
	75	105	105.468750	58.131598	5.708114e+00	2000	1	10	8
	77	105	108.281250	58.131598	5.324502e+00	2000	1	10	9
	79	105	111.093750	58.131598	4.881488e+00	2000	1	10	10
	81	106	113.906250	59.532337	4.463324e+00	2000	1	10	11
	82	106	115.312500	59.532337	4.074369e+00	2000	1	10	12
	84	106	118.125000	59.532337	3.670790e+00	2000	1	10	13
	87	107	122.343750	60.933072	3.286341e+00	2000	1	10	14
start	76	2000	1	7	3
	141	102	198.281250	53.929366	3.082108e+00	2000	1	7	3
	142	102	199.687500	53.929366	3.339397e+00	2000	1	7	5
	142	102	199.687500	53.929366	3.486711e+00	2000	1	7	6
	144	102	202.500000	53.929366	3.746984e+00	2000	1	7	8
	144	102	202.500000	53.929366	3.902981e+00	2000	1	7	9
	144	102	202.500000	53.929366	4.036165e+00	2000	1	7	10
	145	102	203.906250	53.929366	4.187793e+00	2000	1	7	11
	146	102	205.312500	53.929366	4.342017e+00	2000	1	7	12
	146	102	205.312500	53.929366	4.459570e+00	2000	1	7	13
	148	103	208.125000	55.330112	4.789393e+00	2000	1	7	15
	148	103	208.125000	55.330112	4.970925e+00	2000	1	7	16
	150	103	210.937500	55.330112	5.168435e+00	2000	1	7	17
	150	103	210.937500	55.330112	5.357796e+00	2000	1	7	18
	150	103	210.937500	55.330112	5.556294e+00	2000	1	7	19
	152	103	213.750000	55.330112	6.133819e+00	2000	1	7	22
	154	104	216.562500	56.730857	6.451358e+00	2000	1	8	0
	155	104	217.968750	56.730857	6.693030e+00	2000	1	8	1
	155	104	217.968750	56.730857	6.890483e+00	2000	1	8	2
	156	104	219.375000	56.730857	7.054327e+00	2000	1	8	3
	157	104	220.781250	56.730857	7.314754e+00	2000	1	8	4
	157	104	220.781250	56.730857	7.533334e+00	2000	1	8	5
	159	104	223.593750	56.730857	8.064038e+00	2000	1	8	8
	160	105	225.000000	58.131598	8.243814e+00	2000	1	8	9
	160	105	225.000000	58.131598	8.375923e+00	2000	1	8	10
	161	104	226.406250	56.730857	8.589274e+00	2000	1	8	11
	161	104	226.406250	56.730857	8.775147e+00	2000	1	8	12
	162	105	227.812500	58.131598	8.902940e+00	2000	1	8	13
	163	104	229.218750	56.730857	9.113244e+00	2000	1	8	14
	163	104	229.218750	56.730857	9.268550e+00	2000	1	8	15
	163	104	229.218750	56.730857	9.385038e+00	2000	1	8	16
	165	104	232.031250	56.730857	9.560741e+00	2000	1	8	17
	165	104	232.031250	56.730857	9.758115e+00	2000	1	8	18
	166	104	233.437500	56.730857	9.794834e+00	2000	1	8	19
	166	103	233.437500	55.330112	9.992452e+00	2000	1	8	20
	166	103	233.437500	55.330112	1.009734e+01	2000	1	8	21
	168	104	236.250000	56.730857	1.014529e+01	2000	1	8	22
	168	103	236.250000	55.330112	1.031321e+01	2000	1	8	23
	168	103	236.250000	55.330112	1.043000e+01	2000	1	9	0
	169	103	237.656250	55.330112	1.043682e+01	2000	1	9	1
	170	103	239.062500	55.330112	1.064410e+01	2000	1	9	2
	170	103	239.062500	55.330112	1.076138e+01	2000	1	9	3
	172	103	241.875000	55.330112	1.075583e+01	2000	1	9	4
	172	103	241.875000	55.330112	1.099732e+01	2000	1	9	5
	172	103	241.875000	55.330112	1.096401e+01	2000	1	9	6
	174	103	244.687500	55.330112	1.105644e+01	2000	1	9	7
	174	103	244.687500	55.330112	1.118885e+01	2000	1	9	8
	175	103	246.093750	55.330112	1.113389e+01	2000	1	9	9
	176	103	247.500000	55.330112	1.127513e+01	2000	1	9	10
	176	103	247.500000	55.330112	1.124029e+01	2000	1	9	11
	178	103	250.312500	55.330112	1.124403e+01	2000	1	9	12
	178	103	250.312500	55.330112	1.129446e+01	2000	1	9	13
	180	103	253.125000	55.330112	1.119334e+01	2000	1	9	14
	180	103	253.125000	55.330112	1.123814e+01	2000	1	9	15
	182	103	255.937500	55.330112	1.108844e+01	2000	1	9	16
	182	103	255.937500	55.330112	1.105389e+01	2000	1	9	17
	184	103	258.750000	55.330112	1.087308e+01	2000	1	9	18
	184	103	258.750000	55.330112	1.070177e+01	2000	1	9	19
	186	103	261.562500	55.330112	1.050696e+01	2000	1	9	20
	188	104	264.375000	56.730857	1.015290e+01	2000	1	9	21
	188	103	264.375000	55.330112	9.931885e+00	2000	1	9	22
	190	104	267.187500	56.730857	9.644391e+00	2000	1	9	23
	192	104	270.000000	56.730857	9.280441e+00	2000	1	10	0
	192	104	270.000000	56.730857	8.928009e+00	2000	1	10	1
	194	104	272.812500	56.730857	8.617418e+00	2000	1	10	2
	196	104	275.625000	56.730857	8.175822e+00	2000	1	10	3
	196	104	275.625000	56.730857	7.646930e+00	2000	1	10	4
	198	104	278.437500	56.730857	7.245734e+00	2000	1	10	5
	200	104	281.250000	56.730857	6.690461e+00	2000	1	10	6
	201	104	282.656250	56.730857	6.144338e+00	2000	1	10	7
	203	105	285.468750	58.131598	5.708114e+00	2000	1	10	8
	205	105	288.281250	58.131598	5.324502e+00	2000	1	10	9
	207	105	291.093750	58.131598	4.881488e+00	2000	1	10	10
	209	106	293.906250	59.532337	4.463324e+00	2000	1	10	11
	210	106	295.312500	59.532337	4.074369e+00	2000	1	10	12
	212	106	298.125000	59.532337	3.670790e+00	2000	1	10	13
	215	107	302.343750	60.933072	3.286341e+00	2000	1	10	14
start	79	2000	1	7	5
	56	102	78.750000	53.929366	3.345822e+00	2000	1	7	5
	57	102	80.156250	53.929366	3.471468e+00	2000	1	7	6
	58	102	81.562500	53.929366	3.636939e+00	2000	1	7	7
	58	102	81.562500	53.929366	3.769302e+00	2000	1	7	8
	58	102	81.562500	53.929366	3.912541e+00	2000	1	7	9
	59	102	82.968750	53.929366	4.012948e+00	2000	1	7	10
	60	102	84.375000	53.929366	4.191108e+00	2000	1	7	11
	60	102	84.375000	53.929366	4.344770e+00	2000	1	7	12
	61	102	85.781250	53.929366	4.453979e+00	2000	1	7	13
	62	102	87.187500	53.929366	4.641140e+00	2000	1	7	14
	62	102	87.187500	53.929366	4.804582e+00	2000	1	7	15
	64	103	90.000000	55.330112	4.936636e+00	2000	1	7	16
	64	103	90.000000	55.330112	5.166189e+00	2000	1	7	17
	65	103	91.406250	55.330112	5.334591e+00	2000	1	7	18
	66	103	92.812500	55.330112	5.507431e+00	2000	1	7	19
	66	103	92.812500	55.330112	5.740904e+00	2000	1	7	20
	66	103	92.812500	55.330112	5.922849e+00	2000	1	7	21
	68	104	95.625000	56.730857	6.120460e+00	2000	1	7	22
	68	103	95.625000	55.330112	6.488276e+00	2000	1	8	0
	70	104	98.437500	56.730857	6.683799e+00	2000	1	8	1
	70	104	98.437500	56.730857	6.903051e+00	2000	1	8	2
	70	104	98.437500	56.730857	7.072910e+00	2000	1	8	3
	71	104	99.843750	56.730857	7.270991e+00	2000	1	8	4
	73	104	102.656250	56.730857	7.840413e+00	2000	1	8	7
	75	105	105.468750	58.131598	8.046349e+00	2000	1	8	8
	75	105	105.468750	58.131598	8.258940e+00	2000	1	8	9
	75	104	105.468750	56.730857	8.389001e+00	2000	1	8	10
	75	104	105.468750	56.730857	8.549979e+00	2000	1	8	11
	77	105	108.281250	58.131598	8.759238e+00	2000	1	8	12
	77	105	108.281250	58.131598	8.928071e+00	2000	1	8	13
	77	104	108.281250	56.730857	9.058258e+00	2000	1	8	14
	79	105	111.093750	58.131598	9.248540e+00	2000	1	8	15
	79	105	111.093750	58.131598	9.417300e+00	2000	1	8	16
	79	104	111.093750	56.730857	9.579866e+00	2000	1	8	17
	80	104	112.500000	56.730857	9.674620e+00	2000	1	8	18
	81	104	113.906250	56.730857	9.836897e+00	2000	1	8	19
	81	104	113.906250	56.730857	9.956965e+00	2000	1	8	20
	82	104	115.312500	56.730857	1.002561e+01	2000	1	8	21
	82	103	115.312500	55.330112	1.023881e+01	2000	1	8	22
	82	103	115.312500	55.330112	1.031668e+01	2000	1	8	23
	83	103	116.718750	55.330112	1.033995e+01	2000	1	9	0
	84	103	118.125000	55.330112	1.054394e+01	2000	1	9	1
	84	103	118.125000	55.330112	1.065828e+01	2000	1	9	2
	86	103	120.937500	55.330112	1.064075e+01	2000	1	9	3
	86	103	120.937500	55.330112	1.086433e+01	2000	1	9	4
	86	103	120.937500	55.330112	1.091717e+01	2000	1	9	5
	88	103	123.750000	55.330112	1.096662e+01	2000	1	9	6
	88	103	123.750000	55.330112	1.112943e+01	2000	1	9	7
	88	103	123.750000	55.330112	1.106332e+01	2000	1	9	8
	90	103	126.562500	55.330112	1.123392e+01	2000	1	9	9
	90	103	126.562500	55.330112	1.127860e+01	2000	1	9	10
	92	103	129.375000	55.330112	1.120907e+01	2000	1	9	11
	92	103	129.375000	55.330112	1.132886e+01	2000	1	9	12
	93	103	130.781250	55.330112	1.115586e+01	2000	1	9	13
	94	103	132.187500	55.330112	1.129507e+01	2000	1	9	14
	95	103	133.593750	55.330112	1.109048e+01	2000	1	9	15
	96	103	135.000000	55.330112	1.121013e+01	2000	1	9	16
	97	103	136.406250	55.330112	1.090913e+01	2000	1	9	17
	98	103	137.812500	55.330112	1.091578e+01	2000	1	9	18
	100	103	140.625000	55.330112	1.063949e+01	2000	1	9	19
	100	103	140.625000	55.330112	1.048402e+01	2000	1	9	20
	102	103	143.437500	55.330112	1.019741e+01	2000	1	9	21
	103	104	144.843750	56.730857	9.857533e+00	2000	1	9	22
	104	103	146.250000	55.330112	9.575151e+00	2000	1	9	23
	106	104	149.062500	56.730857	9.209451e+00	2000	1	10	0
	107	104	150.468750	56.730857	8.902883e+00	2000	1	10	1
	109	104	153.281250	56.730857	8.544291e+00	2000	1	10	2
	110	104	154.687500	56.730857	8.115614e+00	2000	1	10	3
	112	104	157.500000	56.730857	7.652139e+00	2000	1	10	4
	113	104	158.906250	56.730857	7.184375e+00	2000	1	10	5
	114	104	160.312500	56.730857	6.680399e+00	2000	1	10	6
	117	105	164.531250	58.131598	6.179232e+00	2000	1	10	7
	118	105	165.937500	58.131598	5.709658e+00	2000	1	10	8
	120	105	168.750000	58.131598	5.279775e+00	2000	1	10	9
	121	105	170.156250	58.131598	4.868933e+00	2000	1	10	10
	124	106	174.375000	59.532337	4.494753e+00	2000	1	10	11
	126	106	177.187500	59.532337	4.072890e+00	2000	1	10	12
	128	106	180.000000	59.532337	3.665874e+00	2000	1	10	13
	130	107	182.812500	60.933072	3.282823e+00	2000	1	10	14
start	79	2000	1	7	5
	184	102	258.750000	53.929366	3.345822e+00	2000	1	7	5
	185	102	260.156250	53.929366	3.471468e+00	2000	1	7	6
	186	102	261.562500	53.929366	3.636939e+00	2000	1	7	7
	186	102	261.562500	53.929366	3.769302e+00	2000	1	7	8
	186	102	261.562500	53.929366	3.912541e+00	2000	1	7	9
	187	102	262.968750	53.929366	4.012948e+00	2000	1	7	10
	188	102	264.375000	53.929366	4.191108e+00	2000	1	7	11
	188	102	264.375000	53.929366	4.344770e+00	2000	1	7	12
	189	102	265.781250	53.929366	4.453979e+00	2000	1	7	13
	190	102	267.187500	53.929366	4.641140e+00	2000	1	7	14
	190	102	267.187500	53.929366	4.804582e+00	2000	1	7	15
	192	103	270.000000	55.330112	4.936636e+00	2000	1	7	16
	192	103	270.000000	55.330112	5.166189e+00	2000	1	7	17
	193	103	271.406250	55.330112	5.334591e+00	2000	1	7	18
	194	103	272.812500	55.330112	5.507431e+00	2000	1	7	19
	194	103	272.812500	55.330112	5.740904e+00	2000	1	7	20
	194	103	272.812500	55.330112	5.922849e+00	2000	1	7	21
	196	104	275.625000	56.730857	6.120460e+00	2000	1	7	22
	196	103	275.625000	55.330112	6.488276e+00	2000	1	8	0
	198	104	278.437500	56.730857	6.683799e+00	2000	1	8	1
	198	104	278.437500	56.730857	6.903051e+00	2000	1	8	2
	198	104	278.437500	56.730857	7.072910e+00	2000	1	8	3
	199	104	279.843750	56.730857	7.270991e+00	2000	1	8	4
	201	104	282.656250	56.730857	7.840413e+00	2000	1	8	7
	203	105	285.468750	58.131598	8.046349e+00	2000	1	8	8
	203	105	285.468750	58.131598	8.258940e+00	2000	1	8	9
	203	104	285.468750	56.730857	8.389001e+00	2000	1	8	10
	203	104	285.468750	56.730857	8.549979e+00	2000	1	8	11
	205	105	288.281250	58.131598	8.759238e+00	2000	1	8	12
	205	105	288.281250	58.131598	8.928071e+00	2000	1	8	13
	205	104	288.281250	56.730857	9.058258e+00	2000	1	8	14
	207	105	291.093750	58.131598	9.248540e+00	2000	1	8	15
	207	105	291.093750	58.131598	9.417300e+00	2000	1	8	16
	207	104	291.093750	56.730857	9.579866e+00	2000	1	8	17
	208	104	292.500000	56.730857	9.674620e+00	2000	1	8	18
	209	104	293.906250	56.730857	9.836897e+00	2000	1	8	19
	209	104	293.906250	56.730857	9.956965e+00	2000	1	8	20
	210	104	295.312500	56.730857	1.002561e+01	2000	1	8	21
	210	103	295.312500	55.330112	1.023881e+01	2000	1	8	22
	210	103	295.312500	55.330112	1.031668e+01	2000	1	8	23
	211	103	296.718750	55.330112	1.033995e+01	2000	1	9	0
	212	103	298.125000	55.330112	1.054394e+01	2000	1	9	1
	212	103	298.125000	55.330112	1.065828e+01	2000	1	9	2
	214	103	300.937500	55.330112	1.064075e+01	2000	1	9	3
	214	103	300.937500	55.330112	1.086433e+01	2000	1	9	4
	214	103	300.937500	55.330112	1.091717e+01	2000	1	9	5
	216	103	303.750000	55.330112	1.096662e+01	2000	1	9	6
	216	103	303.750000	55.330112	1.112943e+01	2000	1	9	7
	216	103	303.750000	55.330112	1.106332e+01	2000	1	9	8
	218	103	306.562500	55.330112	1.123392e+01	2000	1	9	9
	218	103	306.562500	55.330112	1.127860e+01	2000	1	9	10
	220	103	309.375000	55.330112	1.119924e+01	2000	1	9	11
	220	103	309.375000	55.330112	1.132886e+01	2000	1	9	12
	221	103	310.781250	55.330112	1.115586e+01	2000	1	9	13
	222	103	312.187500	55.330112	1.129507e+01	2000	1	9	14
	223	103	313.593750	55.330112	1.109048e+01	2000	1	9	15
	224	103	315.000000	55.330112	1.121013e+01	2000	1	9	16
	225	103	316.406250	55.330112	1.090913e+01	2000	1	9	17
	226	103	317.812500	55.330112	1.091578e+01	2000	1	9	18
	228	103	320.625000	55.330112	1.063949e+01	2000	1	9	19
	228	103	320.625000	55.330112	1.048402e+01	2000	1	9	20
	230	103	323.437500	55.330112	1.019741e+01	2000	1	9	21
	231	104	324.843750	56.730857	9.857533e+00	2000	1	9	22
	232	103	326.250000	55.330112	9.575151e+00	2000	1	9	23
	234	104	329.062500	56.730857	9.209451e+00	2000	1	10	0
	235	104	330.468750	56.730857	8.913759e+00	2000	1	10	1
	237	104	333.281250	56.730857	8.555134e+00	2000	1	10	2
	238	104	334.687500	56.730857	8.115614e+00	2000	1	10	3
	240	104	337.500000	56.730857	7.652139e+00	2000	1	10	4
	241	104	338.906250	56.730857	7.184375e+00	2000	1	10	5
	242	104	340.312500	56.730857	6.680399e+00	2000	1	10	6
	245	105	344.531250	58.131598	6.179232e+00	2000	1	10	7
	246	105	345.937500	58.131598	5.709658e+00	2000	1	10	8
	248	105	348.750000	58.131598	5.279775e+00	2000	1	10	9
	249	105	350.156250	58.131598	4.868933e+00	2000	1	10	10
	252	106	354.375000	59.532337	4.494753e+00	2000	1	10	11
	254	106	357.187500	59.532337	4.072890e+00	2000	1	10	12
	0	106	0.000000	59.532337	3.665874e+00	2000	1	10	13
	2	107	2.812500	60.933072	3.282823e+00	2000	1	10	14
start	32	2000	1	8	3
	62	82	87.187500	25.914186	3.554008e+00	2000	1	8	3
	65	82	91.406250	25.914186	4.361803e+00	2000	1	8	9
	65	82	91.406250	25.914186	4.509240e+00	2000	1	8	10
	67	82	94.218750	25.914186	5.016426e+00	2000	1	8	14
	69	82	97.031250	25.914186	5.296944e+00	2000	1	8	17
	71	82	99.843750	25.914186	5.739503e+00	2000	1	8	20
	74	83	104.062500	27.314951	6.036147e+00	2000	1	8	22
	72	82	101.250000	25.914186	6.196977e+00	2000	1	8	23
	72	82	101.250000	25.914186	6.384204e+00	2000	1	9	0
	75	82	105.468750	25.914186	6.786156e+00	2000	1	9	3
	75	82	105.468750	25.914186	6.902541e+00	2000	1	9	4
	75	82	105.468750	25.914186	7.022719e+00	2000	1	9	5
	75	82	105.468750	25.914186	7.037588e+00	2000	1	9	6
	77	82	108.281250	25.914186	7.365757e+00	2000	1	9	7
	78	82	109.687500	25.914186	7.499334e+00	2000	1	9	8
	77	82	108.281250	25.914186	7.610307e+00	2000	1	9	9
	77	82	108.281250	25.914186	7.637161e+00	2000	1	9	10
	78	82	109.687500	25.914186	7.935148e+00	2000	1	9	11
	80	82	112.500000	25.914186	8.291394e+00	2000	1	9	13
	81	82	113.906250	25.914186	8.170050e+00	2000	1	9	14
	80	82	112.500000	25.914186	8.353736e+00	2000	1	9	15
	82	82	115.312500	25.914186	8.754297e+00	2000	1	9	17
	82	82	115.312500	25.914186	8.778107e+00	2000	1	9	18
	82	82	115.312500	25.914186	8.900680e+00	2000	1	9	19
	83	82	116.718750	25.914186	8.861221e+00	2000	1	9	20
	83	82	116.718750	25.914186	8.856767e+00	2000	1	9	21
	85	82	119.531250	25.914186	9.246559e+00	2000	1	9	23
	86	82	120.937500	25.914186	9.259351e+00	2000	1	10	0
	85	82	119.531250	25.914186	9.207276e+00	2000	1	10	1
	86	82	120.937500	25.914186	9.406693e+00	2000	1	10	3
	88	82	123.750000	25.914186	9.646425e+00	2000	1	10	7
	89	82	125.156250	25.914186	9.549486e+00	2000	1	10	8
start	32	2000	1	8	3
	190	82	267.187500	25.914186	3.554008e+00	2000	1	8	3
	193	82	271.406250	25.914186	4.361803e+00	2000	1	8	9
	193	82	271.406250	25.914186	4.509240e+00	2000	1	8	10
	195	82	274.218750	25.914186	5.016426e+00	2000	1	8	14
	197	82	277.031250	25.914186	5.296944e+00	2000	1	8	17
	199	82	279.843750	25.914186	5.739503e+00	2000	1	8	20
	202	83	284.062500	27.314951	6.036147e+00	2000	1	8	22
	200	82	281.250000	25.914186	6.196977e+00	2000	1	8	23
	200	82	281.250000	25.914186	6.384204e+00	2000	1	9	0
	203	82	285.468750	25.914186	6.786156e+00	2000	1	9	3
	203	82	285.468750	25.914186	6.902541e+00	2000	1	9	4
	203	82	285.468750	25.914186	7.022719e+00	2000	1	9	5
	203	82	285.468750	25.914186	7.037588e+00	2000	1	9	6
	205	82	288.281250	25.914186	7.365757e+00	2000	1	9	7
	206	82	289.687500	25.914186	7.499334e+00	2000	1	9	8
	205	82	288.281250	25.914186	7.610307e+00	2000	1	9	9
	205	82	288.281250	25.914186	7.637161e+00	2000	1	9	10
	206	82	289.687500	25.914186	7.935148e+00	2000	1	9	11
	208	82	292.500000	25.914186	8.291394e+00	2000	1	9	13
	209	82	293.906250	25.914186	8.170050e+00	2000	1	9	14
	208	82	292.500000	25.914186	8.353736e+00	2000	1	9	15
	210	82	295.312500	25.914186	8.754297e+00	2000	1	9	17
	210	82	295.312500	25.914186	8.778107e+00	2000	1	9	18
	210	82	295.312500	25.914186	8.900680e+00	2000	1	9	19
	211	82	296.718750	25.914186	8.861221e+00	2000	1	9	20
	211	82	296.718750	25.914186	8.856767e+00	2000	1	9	21
	213	82	299.531250	25.914186	9.246559e+00	2000	1	9	23
	214	82	300.937500	25.914186	9.259351e+00	2000	1	10	0
	213	82	299.531250	25.914186	9.207276e+00	2000	1	10	1
	214	82	300.937500	25.914186	9.406693e+00	2000	1	10	3
	216	82	303.750000	25.914186	9.646425e+00	2000	1	10	7
	217	82	305.156250	25.914186	9.549486e+00	2000	1	10	8
start	24	2000	1	8	9
	108	82	151.875000	25.914186	4.286292e+00	2000	1	8	9
	110	82	154.687500	25.914186	4.842494e+00	2000	1	8	14
	111	82	156.093750	25.914186	5.363286e+00	2000	1	8	17
	113	82	158.906250	25.914186	5.916945e+00	2000	1	8	21
	115	82	161.718750	25.914186	6.316872e+00	2000	1	8	23
	116	82	163.125000	25.914186	6.305888e+00	2000	1	9	0
	115	82	161.718750	25.914186	6.380929e+00	2000	1	9	1
	117	82	164.531250	25.914186	6.904377e+00	2000	1	9	3
	117	82	164.531250	25.914186	6.991362e+00	2000	1	9	4
	117	82	164.531250	25.914186	7.019781e+00	2000	1	9	5
	120	82	168.750000	25.914186	7.479355e+00	2000	1	9	7
	119	82	167.343750	25.914186	7.595030e+00	2000	1	9	8
	121	82	170.156250	25.914186	8.067417e+00	2000	1	9	10
	121	82	170.156250	25.914186	7.931945e+00	2000	1	9	11
	121	82	170.156250	25.914186	7.923583e+00	2000	1	9	12
	122	82	171.562500	25.914186	8.359393e+00	2000	1	9	14
	125	82	175.781250	25.914186	8.655666e+00	2000	1	9	17
	125	82	175.781250	25.914186	8.774070e+00	2000	1	9	18
	125	82	175.781250	25.914186	8.806618e+00	2000	1	9	19
	126	82	177.187500	25.914186	8.882740e+00	2000	1	9	21
	127	82	178.593750	25.914186	9.249431e+00	2000	1	9	23
	129	82	181.406250	25.914186	9.494899e+00	2000	1	10	3
	131	82	184.218750	25.914186	9.615028e+00	2000	1	10	7
	133	82	187.031250	25.914186	9.572761e+00	2000	1	10	9
start	24	2000	1	8	9
	236	82	331.875000	25.914186	4.286292e+00	2000	1	8	9
	238	82	334.687500	25.914186	4.842494e+00	2000	1	8	14
	239	82	336.093750	25.914186	5.363286e+00	2000	1	8	17
	241	82	338.906250	25.914186	5.916945e+00	2000	1	8	21
	243	82	341.718750	25.914186	6.316872e+00	2000	1	8	23
	244	82	343.125000	25.914186	6.305888e+00	2000	1	9	0
	243	82	341.718750	25.914186	6.380929e+00	2000	1	9	1
	245	82	344.531250	25.914186	6.904377e+00	2000	1	9	3
	245	82	344.531250	25.914186	6.991362e+00	2000	1	9	4
	245	82	344.531250	25.914186	7.019781e+00	2000	1	9	5
	248	82	348.750000	25.914186	7.479355e+00	2000	1	9	7
	247	82	347.343750	25.914186	7.595030e+00	2000	1	9	8
	249	82	350.156250	25.914186	8.067417e+00	2000	1	9	10
	249	82	350.156250	25.914186	7.931945e+00	2000	1	9	11
	249	82	350.156250	25.914186	7.923583e+00	2000	1	9	12
	250	82	351.562500	25.914186	8.359393e+00	2000	1	9	14
	253	82	355.781250	25.914186	8.655666e+00	2000	1	9	17
	253	82	355.781250	25.914186	8.774070e+00	2000	1	9	18
	253	82	355.781250	25.914186	8.806618e+00	2000	1	9	19
	254	82	357.187500	25.914186	8.882740e+00	2000	1	9	21
	255	82	358.593750	25.914186	9.249431e+00	2000	1	9	23
	1	82	1.406250	25.914186	9.494899e+00	2000	1	10	3
	3	82	4.218750	25.914186	9.615028e+00	2000	1	10	7
	5	82	7.031250	25.914186	9.572761e+00	2000	1	10	9
start	29	2000	1	8	19
	30	83	42.187500	27.314951	5.635306e+00	2000	1	8	19
	29	82	40.781250	25.914186	5.827431e+00	2000	1	8	21
	31	83	43.593750	27.314951	6.070848e+00	2000	1	8	22
	30	82	42.187500	25.914186	6.303257e+00	2000	1	8	23
	30	82	42.187500	25.914186	6.309104e+00	2000	1	9	0
	30	82	42.187500	25.914186	6.416276e+00	2000	1	9	1
	33	83	46.406250	27.314951	6.569071e+00	2000	1	9	2
	32	82	45.000000	25.914186	6.786156e+00	2000	1	9	3
	32	82	45.000000	25.914186	6.924600e+00	2000	1	9	4
	35	83	49.218750	27.314951	6.942878e+00	2000	1	9	5
	32	82	45.000000	25.914186	7.123394e+00	2000	1	9	6
	34	82	47.812500	25.914186	7.479765e+00	2000	1	9	7
	34	82	47.812500	25.914186	7.588751e+00	2000	1	9	8
	34	82	47.812500	25.914186	7.613469e+00	2000	1	9	9
	36	82	50.625000	25.914186	7.856573e+00	2000	1	9	10
	37	82	52.031250	25.914186	7.839320e+00	2000	1	9	11
	37	82	52.031250	25.914186	8.282596e+00	2000	1	9	13
	37	82	52.031250	25.914186	8.369403e+00	2000	1	9	14
	37	82	52.031250	25.914186	8.343725e+00	2000	1	9	15
	39	82	54.843750	25.914186	8.758334e+00	2000	1	9	17
	39	82	54.843750	25.914186	8.872133e+00	2000	1	9	18
	40	82	56.250000	25.914186	8.802582e+00	2000	1	9	19
	40	82	56.250000	25.914186	8.836938e+00	2000	1	9	20
	41	82	57.656250	25.914186	8.895808e+00	2000	1	9	22
	42	82	59.062500	25.914186	9.254575e+00	2000	1	9	23
	44	82	61.875000	25.914186	9.399220e+00	2000	1	10	3
	44	82	61.875000	25.914186	9.366783e+00	2000	1	10	4
	46	82	64.687500	25.914186	9.607384e+00	2000	1	10	7
	46	82	64.687500	25.914186	9.553307e+00	2000	1	10	8
start	29	2000	1	8	19
	158	83	222.187500	27.314951	5.635306e+00	2000	1	8	19
	157	82	220.781250	25.914186	5.827431e+00	2000	1	8	21
	159	83	223.593750	27.314951	6.070848e+00	2000	1	8	22
	158	82	222.187500	25.914186	6.303257e+00	2000	1	8	23
	158	82	222.187500	25.914186	6.309104e+00	2000	1	9	0
	158	82	222.187500	25.914186	6.416276e+00	2000	1	9	1
	161	83	226.406250	27.314951	6.569071e+00	2000	1	9	2
	160	82	225.000000	25.914186	6.786156e+00	2000	1	9	3
	160	82	225.000000	25.914186	6.924600e+00	2000	1	9	4
	163	83	229.218750	27.314951	6.942878e+00	2000	1	9	5
	160	82	225.000000	25.914186	7.123394e+00	2000	1	9	6
	162	82	227.812500	25.914186	7.479765e+00	2000	1	9	7
	162	82	227.812500	25.914186	7.591913e+00	2000	1	9	8
	162	82	227.812500	25.914186	7.613469e+00	2000	1	9	9
	164	82	230.625000	25.914186	7.856573e+00	2000	1	9	10
	165	82	232.031250	25.914186	7.839320e+00	2000	1	9	11
	165	82	232.031250	25.914186	8.282596e+00	2000	1	9	13
	165	82	232.031250	25.914186	8.369403e+00	2000	1	9	14
	165	82	232.031250	25.914186	8.343725e+00	2000	1	9	15
	167	82	234.843750	25.914186	8.758334e+00	2000	1	9	17
	167	82	234.843750	25.914186	8.872133e+00	2000	1	9	18
	168	82	236.250000	25.914186	8.802582e+00	2000	1	9	19
	168	82	236.250000	25.914186	8.836938e+00	2000	1	9	20
	169	82	237.656250	25.914186	8.895808e+00	2000	1	9	22
	170	82	239.062500	25.914186	9.254575e+00	2000	1	9	23
	172	82	241.875000	25.914186	9.399220e+00	2000	1	10	3
	172	82	241.875000	25.914186	9.366783e+00	2000	1	10	4
	174	82	244.687500	25.914186	9.607384e+00	2000	1	10	7
	174	82	244.687500	25.914186	9.553307e+00	2000	1	10	8
