start	52	2000	1	7	6
	0	0	168.750000	53.929366	-3.957721e+00	2000	1	7	6
	0	0	171.562500	55.330112	-4.403906e+00	2000	1	7	8
	0	0	171.562500	55.330112	-4.519913e+00	2000	1	7	9
	0	0	174.375000	55.330112	-4.774187e+00	2000	1	7	10
	0	0	174.375000	55.330112	-4.959677e+00	2000	1	7	11
	0	0	174.375000	55.330112	-5.168927e+00	2000	1	7	12
	0	0	177.187500	55.330112	-5.315135e+00	2000	1	7	13
	0	0	177.187500	55.330112	-5.562140e+00	2000	1	7	14
	0	0	177.187500	55.330112	-5.749084e+00	2000	1	7	15
	0	0	180.000000	55.330112	-5.844190e+00	2000	1	7	16
	0	0	180.000000	56.730857	-6.161658e+00	2000	1	7	17
	0	0	180.000000	56.730857	-6.338841e+00	2000	1	7	18
	0	0	182.812500	56.730857	-6.588481e+00	2000	1	7	19
	0	0	182.812500	56.730857	-6.867769e+00	2000	1	7	20
	0	0	182.812500	56.730857	-7.095823e+00	2000	1	7	21
	0	0	185.625000	56.730857	-7.319849e+00	2000	1	7	22
	0	0	185.625000	58.131598	-7.581267e+00	2000	1	7	23
	0	0	185.625000	56.730857	-7.748661e+00	2000	1	8	0
	0	0	188.437500	56.730857	-7.951890e+00	2000	1	8	1
	0	0	188.437500	56.730857	-8.146196e+00	2000	1	8	2
	0	0	189.843750	58.131598	-8.279207e+00	2000	1	8	3
	0	0	191.250000	58.131598	-8.448390e+00	2000	1	8	4
	0	0	192.656250	58.131598	-8.620232e+00	2000	1	8	5
	0	0	192.656250	58.131598	-8.709325e+00	2000	1	8	6
	0	0	195.468750	58.131598	-8.930615e+00	2000	1	8	7
	0	0	195.468750	59.532337	-9.068645e+00	2000	1	8	8
	0	0	196.875000	58.131598	-9.126178e+00	2000	1	8	9
	0	0	198.281250	58.131598	-9.316583e+00	2000	1	8	10
	0	0	199.687500	59.532337	-9.350275e+00	2000	1	8	11
	0	0	201.093750	58.131598	-9.450808e+00	2000	1	8	12
	0	0	201.093750	58.131598	-9.468034e+00	2000	1	8	13
	0	0	202.500000	59.532337	-9.515032e+00	2000	1	8	14
	0	0	205.312500	59.532337	-9.508951e+00	2000	1	8	15
	0	0	205.312500	59.532337	-9.610150e+00	2000	1	8	16
	0	0	206.718750	59.532337	-9.638593e+00	2000	1	8	17
	0	0	208.125000	59.532337	-9.721333e+00	2000	1	8	18
	0	0	209.531250	60.933072	-9.679731e+00	2000	1	8	19
	0	0	210.937500	59.532337	-9.762137e+00	2000	1	8	20
	0	0	210.937500	59.532337	-9.691566e+00	2000	1	8	21
	0	0	212.343750	60.933072	-9.617136e+00	2000	1	8	22
	0	0	213.750000	59.532337	-9.644953e+00	2000	1	8	23
	0	0	215.156250	59.532337	-9.529457e+00	2000	1	9	0
	0	0	216.562500	59.532337	-9.471258e+00	2000	1	9	1
	0	0	217.968750	59.532337	-9.406053e+00	2000	1	9	2
	0	0	217.968750	59.532337	-9.335851e+00	2000	1	9	3
	0	0	220.781250	59.532337	-9.241462e+00	2000	1	9	4
	0	0	220.781250	59.532337	-9.163419e+00	2000	1	9	5
	0	0	222.187500	59.532337	-9.065937e+00	2000	1	9	6
	0	0	225.000000	60.933072	-8.968177e+00	2000	1	9	7
	0	0	225.000000	59.532337	-8.783577e+00	2000	1	9	8
	0	0	226.406250	59.532337	-8.670502e+00	2000	1	9	9
	0	0	227.812500	59.532337	-8.461798e+00	2000	1	9	10
start	52	2000	1	7	6
	0	0	348.750000	53.929366	-3.957721e+00	2000	1	7	6
	0	0	351.562500	55.330112	-4.403906e+00	2000	1	7	8
	0	0	351.562500	55.330112	-4.519913e+00	2000	1	7	9
	0	0	354.375000	55.330112	-4.774187e+00	2000	1	7	10
	0	0	354.375000	55.330112	-4.959677e+00	2000	1	7	11
	0	0	354.375000	55.330112	-5.168799e+00	2000	1	7	12
	0	0	357.187500	55.330112	-5.315135e+00	2000	1	7	13
	0	0	357.187500	55.330112	-5.562140e+00	2000	1	7	14
	0	0	357.187500	55.330112	-5.749084e+00	2000	1	7	15
	0	0	0.000000	55.330112	-5.844114e+00	2000	1	7	16
	0	0	0.000000	56.730857	-6.161643e+00	2000	1	7	17
	0	0	0.000000	56.730857	-6.338841e+00	2000	1	7	18
	0	0	2.812500	56.730857	-6.588481e+00	2000	1	7	19
	0	0	2.812500	56.730857	-6.867769e+00	2000	1	7	20
	0	0	2.812500	58.131598	-7.088362e+00	2000	1	7	21
	0	0	5.625000	56.730857	-7.319849e+00	2000	1	7	22
	0	0	5.625000	58.131598	-7.581267e+00	2000	1	7	23
	0	0	5.625000	56.730857	-7.748661e+00	2000	1	8	0
	0	0	8.437500	56.730857	-7.951890e+00	2000	1	8	1
	0	0	8.437500	56.730857	-8.143632e+00	2000	1	8	2
	0	0	9.843750	58.131598	-8.279207e+00	2000	1	8	3
	0	0	11.250000	58.131598	-8.448390e+00	2000	1	8	4
	0	0	12.656250	58.131598	-8.620232e+00	2000	1	8	5
	0	0	12.656250	58.131598	-8.709325e+00	2000	1	8	6
	0	0	15.468750	58.131598	-8.930615e+00	2000	1	8	7
	0	0	15.468750	59.532337	-9.068645e+00	2000	1	8	8
	0	0	16.875000	58.131598	-9.126178e+00	2000	1	8	9
	0	0	18.281250	58.131598	-9.316583e+00	2000	1	8	10
	0	0	19.687500	59.532337	-9.350275e+00	2000	1	8	11
	0	0	21.093750	58.131598	-9.448377e+00	2000	1	8	12
	0	0	21.093750	58.131598	-9.468034e+00	2000	1	8	13
	0	0	22.500000	59.532337	-9.515032e+00	2000	1	8	14
	0	0	25.312500	59.532337	-9.508951e+00	2000	1	8	15
	0	0	25.312500	59.532337	-9.610150e+00	2000	1	8	16
	0	0	26.718750	59.532337	-9.638593e+00	2000	1	8	17
	0	0	28.125000	59.532337	-9.721333e+00	2000	1	8	18
	0	0	29.531250	60.933072	-9.679731e+00	2000	1	8	19
	0	0	30.937500	59.532337	-9.762137e+00	2000	1	8	20
	0	0	30.937500	59.532337	-9.691566e+00	2000	1	8	21
	0	0	32.343750	60.933072	-9.617136e+00	2000	1	8	22
	0	0	33.750000	59.532337	-9.644953e+00	2000	1	8	23
	0	0	35.156250	59.532337	-9.529457e+00	2000	1	9	0
	0	0	36.562500	59.532337	-9.471258e+00	2000	1	9	1
	0	0	37.968750	59.532337	-9.406053e+00	2000	1	9	2
	0	0	37.968750	59.532337	-9.335851e+00	2000	1	9	3
	0	0	40.781250	59.532337	-9.241462e+00	2000	1	9	4
	0	0	40.781250	59.532337	-9.163419e+00	2000	1	9	5
	0	0	42.187500	59.532337	-9.065937e+00	2000	1	9	6
	0	0	45.000000	60.933072	-8.968105e+00	2000	1	9	7
	0	0	45.000000	59.532337	-8.783577e+00	2000	1	9	8
	0	0	46.406250	59.532337	-8.670502e+00	2000	1	9	9
	0	0	47.812500	59.532337	-8.461798e+00	2000	1	9	10
start	53	2000	1	7	6
	0	0	109.687500	55.330112	-3.992467e+00	2000	1	7	6
	0	0	109.687500	55.330112	-4.151079e+00	2000	1	7	7
	0	0	112.500000	55.330112	-4.385368e+00	2000	1	7	8
	0	0	112.500000	55.330112	-4.590251e+00	2000	1	7	9
	0	0	112.500000	55.330112	-4.767073e+00	2000	1	7	10
	0	0	115.312500	55.330112	-4.946001e+00	2000	1	7	11
	0	0	115.312500	55.330112	-5.194899e+00	2000	1	7	12
	0	0	115.312500	55.330112	-5.316852e+00	2000	1	7	13
	0	0	118.125000	55.330112	-5.493486e+00	2000	1	7	14
	0	0	118.125000	55.330112	-5.724044e+00	2000	1	7	15
	0	0	118.125000	55.330112	-5.902178e+00	2000	1	7	16
	0	0	119.531250	56.730857	-6.132288e+00	2000	1	7	17
	0	0	120.937500	56.730857	-6.309719e+00	2000	1	7	18
	0	0	122.343750	56.730857	-6.579427e+00	2000	1	7	19
	0	0	122.343750	56.730857	-6.846705e+00	2000	1	7	20
	0	0	125.156250	56.730857	-7.056263e+00	2000	1	7	21
	0	0	125.156250	56.730857	-7.355837e+00	2000	1	7	22
	0	0	125.156250	56.730857	-7.573544e+00	2000	1	7	23
	0	0	126.562500	58.131598	-7.751942e+00	2000	1	8	0
	0	0	127.968750	56.730857	-8.005779e+00	2000	1	8	1
	0	0	129.375000	58.131598	-8.148265e+00	2000	1	8	2
	0	0	130.781250	58.131598	-8.259496e+00	2000	1	8	3
	0	0	130.781250	56.730857	-8.454566e+00	2000	1	8	4
	0	0	132.187500	58.131598	-8.668040e+00	2000	1	8	5
	0	0	133.593750	58.131598	-8.751118e+00	2000	1	8	6
	0	0	135.000000	58.131598	-8.989726e+00	2000	1	8	7
	0	0	135.000000	58.131598	-9.091789e+00	2000	1	8	8
	0	0	137.812500	58.131598	-9.197509e+00	2000	1	8	9
	0	0	137.812500	58.131598	-9.294785e+00	2000	1	8	10
	0	0	139.218750	59.532337	-9.320153e+00	2000	1	8	11
	0	0	140.625000	58.131598	-9.423863e+00	2000	1	8	12
	0	0	142.031250	59.532337	-9.466298e+00	2000	1	8	13
	0	0	143.437500	59.532337	-9.533840e+00	2000	1	8	14
	0	0	144.843750	59.532337	-9.559346e+00	2000	1	8	15
	0	0	146.250000	59.532337	-9.599031e+00	2000	1	8	16
	0	0	147.656250	59.532337	-9.613268e+00	2000	1	8	17
	0	0	147.656250	59.532337	-9.689277e+00	2000	1	8	18
	0	0	149.062500	59.532337	-9.750724e+00	2000	1	8	19
	0	0	150.468750	59.532337	-9.655943e+00	2000	1	8	20
	0	0	151.875000	59.532337	-9.733444e+00	2000	1	8	21
	0	0	151.875000	59.532337	-9.633698e+00	2000	1	8	22
	0	0	154.687500	59.532337	-9.609156e+00	2000	1	8	23
	0	0	154.687500	59.532337	-9.579939e+00	2000	1	9	0
	0	0	157.500000	60.933072	-9.464641e+00	2000	1	9	1
	0	0	157.500000	59.532337	-9.457445e+00	2000	1	9	2
	0	0	157.500000	59.532337	-9.327976e+00	2000	1	9	3
	0	0	160.312500	60.933072	-9.259040e+00	2000	1	9	4
	0	0	161.718750	59.532337	-9.158480e+00	2000	1	9	5
	0	0	163.125000	60.933072	-9.089703e+00	2000	1	9	6
	0	0	164.531250	59.532337	-8.975007e+00	2000	1	9	7
	0	0	164.531250	59.532337	-8.840445e+00	2000	1	9	8
	0	0	167.343750	59.532337	-8.688482e+00	2000	1	9	9
	0	0	167.343750	59.532337	-8.523086e+00	2000	1	9	10
start	53	2000	1	7	6
	0	0	289.687500	55.330112	-3.992467e+00	2000	1	7	6
	0	0	289.687500	55.330112	-4.151079e+00	2000	1	7	7
	0	0	292.500000	55.330112	-4.385368e+00	2000	1	7	8
	0	0	292.500000	55.330112	-4.590251e+00	2000	1	7	9
	0	0	292.500000	55.330112	-4.767073e+00	2000	1	7	10
	0	0	295.312500	55.330112	-4.946001e+00	2000	1	7	11
	0	0	295.312500	55.330112	-5.194899e+00	2000	1	7	12
	0	0	295.312500	55.330112	-5.316852e+00	2000	1	7	13
	0	0	298.125000	55.330112	-5.493486e+00	2000	1	7	14
	0	0	298.125000	55.330112	-5.724044e+00	2000	1	7	15
	0	0	298.125000	55.330112	-5.902178e+00	2000	1	7	16
	0	0	299.531250	56.730857	-6.132288e+00	2000	1	7	17
	0	0	300.937500	56.730857	-6.309719e+00	2000	1	7	18
	0	0	302.343750	56.730857	-6.579427e+00	2000	1	7	19
	0	0	302.343750	56.730857	-6.846705e+00	2000	1	7	20
	0	0	305.156250	56.730857	-7.056263e+00	2000	1	7	21
	0	0	305.156250	56.730857	-7.355837e+00	2000	1	7	22
	0	0	305.156250	56.730857	-7.573544e+00	2000	1	7	23
	0	0	306.562500	58.131598	-7.751942e+00	2000	1	8	0
	0	0	307.968750	56.730857	-8.005779e+00	2000	1	8	1
	0	0	309.375000	58.131598	-8.148265e+00	2000	1	8	2
	0	0	310.781250	58.131598	-8.259496e+00	2000	1	8	3
	0	0	310.781250	56.730857	-8.454566e+00	2000	1	8	4
	0	0	312.187500	58.131598	-8.668040e+00	2000	1	8	5
	0	0	313.593750	58.131598	-8.751118e+00	2000	1	8	6
	0	0	315.000000	58.131598	-8.989726e+00	2000	1	8	7
	0	0	315.000000	58.131598	-9.091789e+00	2000	1	8	8
	0	0	317.812500	58.131598	-9.197509e+00	2000	1	8	9
	0	0	317.812500	58.131598	-9.294785e+00	2000	1	8	10
	0	0	319.218750	59.532337	-9.320153e+00	2000	1	8	11
	0	0	320.625000	58.131598	-9.423863e+00	2000	1	8	12
	0	0	322.031250	59.532337	-9.466298e+00	2000	1	8	13
	0	0	323.437500	59.532337	-9.533840e+00	2000	1	8	14
	0	0	324.843750	59.532337	-9.559346e+00	2000	1	8	15
	0	0	326.250000	59.532337	-9.599031e+00	2000	1	8	16
	0	0	327.656250	59.532337	-9.613268e+00	2000	1	8	17
	0	0	327.656250	59.532337	-9.689277e+00	2000	1	8	18
	0	0	329.062500	59.532337	-9.750724e+00	2000	1	8	19
	0	0	330.468750	59.532337	-9.655943e+00	2000	1	8	20
	0	0	331.875000	59.532337	-9.733444e+00	2000	1	8	21
	0	0	331.875000	59.532337	-9.624848e+00	2000	1	8	22
	0	0	334.687500	59.532337	-9.609156e+00	2000	1	8	23
	0	0	334.687500	59.532337	-9.579939e+00	2000	1	9	0
	0	0	337.500000	60.933072	-9.464641e+00	2000	1	9	1
	0	0	337.500000	59.532337	-9.457445e+00	2000	1	9	2
	0	0	337.500000	59.532337	-9.327976e+00	2000	1	9	3
	0	0	340.312500	60.933072	-9.259040e+00	2000	1	9	4
	0	0	341.718750	59.532337	-9.158480e+00	2000	1	9	5
	0	0	343.125000	60.933072	-9.089703e+00	2000	1	9	6
	0	0	344.531250	59.532337	-8.975007e+00	2000	1	9	7
	0	0	344.531250	59.532337	-8.840445e+00	2000	1	9	8
	0	0	347.343750	59.532337	-8.688482e+00	2000	1	9	9
	0	0	347.343750	59.532337	-8.523086e+00	2000	1	9	10
start	53	2000	1	7	6
	0	0	50.625000	55.330112	-3.971838e+00	2000	1	7	6
	0	0	50.625000	55.330112	-4.162117e+00	2000	1	7	7
	0	0	50.625000	55.330112	-4.331914e+00	2000	1	7	8
	0	0	53.437500	55.330112	-4.525260e+00	2000	1	7	9
	0	0	53.437500	55.330112	-4.789688e+00	2000	1	7	10
	0	0	54.843750	55.330112	-4.950663e+00	2000	1	7	11
	0	0	54.843750	55.330112	-5.150898e+00	2000	1	7	12
	0	0	56.250000	55.330112	-5.358825e+00	2000	1	7	13
	0	0	56.250000	55.330112	-5.558613e+00	2000	1	7	14
	0	0	57.656250	56.730857	-5.679896e+00	2000	1	7	15
	0	0	59.062500	55.330112	-5.911958e+00	2000	1	7	16
	0	0	59.062500	55.330112	-6.084610e+00	2000	1	7	17
	0	0	60.468750	56.730857	-6.347565e+00	2000	1	7	18
	0	0	61.875000	56.730857	-6.598811e+00	2000	1	7	19
	0	0	61.875000	56.730857	-6.804903e+00	2000	1	7	20
	0	0	63.281250	56.730857	-7.104980e+00	2000	1	7	21
	0	0	64.687500	56.730857	-7.306220e+00	2000	1	7	22
	0	0	66.093750	56.730857	-7.558886e+00	2000	1	7	23
	0	0	66.093750	58.131598	-7.745351e+00	2000	1	8	0
	0	0	68.906250	58.131598	-7.926595e+00	2000	1	8	1
	0	0	68.906250	58.131598	-8.142368e+00	2000	1	8	2
	0	0	70.312500	56.730857	-8.237255e+00	2000	1	8	3
	0	0	71.718750	58.131598	-8.491482e+00	2000	1	8	4
	0	0	71.718750	58.131598	-8.607967e+00	2000	1	8	5
	0	0	74.531250	58.131598	-8.739010e+00	2000	1	8	6
	0	0	74.531250	58.131598	-8.959671e+00	2000	1	8	7
	0	0	75.937500	58.131598	-8.994032e+00	2000	1	8	8
	0	0	77.343750	59.532337	-9.229923e+00	2000	1	8	9
	0	0	77.343750	58.131598	-9.252303e+00	2000	1	8	10
	0	0	80.156250	59.532337	-9.377013e+00	2000	1	8	11
	0	0	80.156250	59.532337	-9.427972e+00	2000	1	8	12
	0	0	81.562500	59.532337	-9.435126e+00	2000	1	8	13
	0	0	82.968750	59.532337	-9.489684e+00	2000	1	8	14
	0	0	84.375000	59.532337	-9.525756e+00	2000	1	8	15
	0	0	85.781250	59.532337	-9.555715e+00	2000	1	8	16
	0	0	87.187500	59.532337	-9.654078e+00	2000	1	8	17
	0	0	87.187500	59.532337	-9.687737e+00	2000	1	8	18
	0	0	90.000000	59.532337	-9.807414e+00	2000	1	8	19
	0	0	90.000000	59.532337	-9.812449e+00	2000	1	8	20
	0	0	92.812500	59.532337	-9.694941e+00	2000	1	8	21
	0	0	92.812500	59.532337	-9.700501e+00	2000	1	8	22
	0	0	92.812500	59.532337	-9.605712e+00	2000	1	8	23
	0	0	95.625000	59.532337	-9.531205e+00	2000	1	9	0
	0	0	97.031250	60.933072	-9.501826e+00	2000	1	9	1
	0	0	97.031250	59.532337	-9.370516e+00	2000	1	9	2
	0	0	99.843750	60.933072	-9.376803e+00	2000	1	9	3
	0	0	99.843750	59.532337	-9.309807e+00	2000	1	9	4
	0	0	102.656250	60.933072	-9.214086e+00	2000	1	9	5
	0	0	102.656250	60.933072	-9.110801e+00	2000	1	9	6
	0	0	102.656250	59.532337	-8.975058e+00	2000	1	9	7
	0	0	105.468750	59.532337	-8.877490e+00	2000	1	9	8
	0	0	105.468750	59.532337	-8.654789e+00	2000	1	9	9
	0	0	108.281250	59.532337	-8.490498e+00	2000	1	9	10
start	53	2000	1	7	6
	0	0	230.625000	55.330112	-3.971838e+00	2000	1	7	6
	0	0	230.625000	55.330112	-4.162117e+00	2000	1	7	7
	0	0	230.625000	55.330112	-4.331914e+00	2000	1	7	8
	0	0	233.437500	55.330112	-4.525260e+00	2000	1	7	9
	0	0	233.437500	55.330112	-4.789688e+00	2000	1	7	10
	0	0	234.843750	55.330112	-4.950663e+00	2000	1	7	11
	0	0	234.843750	55.330112	-5.150898e+00	2000	1	7	12
	0	0	236.250000	55.330112	-5.358825e+00	2000	1	7	13
	0	0	236.250000	55.330112	-5.558613e+00	2000	1	7	14
	0	0	237.656250	56.730857	-5.679896e+00	2000	1	7	15
	0	0	239.062500	55.330112	-5.911958e+00	2000	1	7	16
	0	0	239.062500	55.330112	-6.084610e+00	2000	1	7	17
	0	0	240.468750	56.730857	-6.347565e+00	2000	1	7	18
	0	0	241.875000	56.730857	-6.598811e+00	2000	1	7	19
	0	0	241.875000	56.730857	-6.804903e+00	2000	1	7	20
	0	0	243.281250	56.730857	-7.104980e+00	2000	1	7	21
	0	0	244.687500	56.730857	-7.306220e+00	2000	1	7	22
	0	0	246.093750	56.730857	-7.558886e+00	2000	1	7	23
	0	0	246.093750	58.131598	-7.745351e+00	2000	1	8	0
	0	0	248.906250	58.131598	-7.926595e+00	2000	1	8	1
	0	0	248.906250	58.131598	-8.142368e+00	2000	1	8	2
	0	0	250.312500	56.730857	-8.237255e+00	2000	1	8	3
	0	0	251.718750	58.131598	-8.491482e+00	2000	1	8	4
	0	0	251.718750	58.131598	-8.607967e+00	2000	1	8	5
	0	0	254.531250	58.131598	-8.739010e+00	2000	1	8	6
	0	0	254.531250	58.131598	-8.959671e+00	2000	1	8	7
	0	0	255.937500	58.131598	-8.994032e+00	2000	1	8	8
	0	0	257.343750	59.532337	-9.229923e+00	2000	1	8	9
	0	0	257.343750	58.131598	-9.252303e+00	2000	1	8	10
	0	0	260.156250	59.532337	-9.377013e+00	2000	1	8	11
	0	0	260.156250	59.532337	-9.427972e+00	2000	1	8	12
	0	0	261.562500	59.532337	-9.435126e+00	2000	1	8	13
	0	0	262.968750	59.532337	-9.489684e+00	2000	1	8	14
	0	0	264.375000	59.532337	-9.525756e+00	2000	1	8	15
	0	0	265.781250	59.532337	-9.555715e+00	2000	1	8	16
	0	0	267.187500	59.532337	-9.645387e+00	2000	1	8	17
	0	0	267.187500	59.532337	-9.687737e+00	2000	1	8	18
	0	0	270.000000	59.532337	-9.807414e+00	2000	1	8	19
	0	0	270.000000	59.532337	-9.812449e+00	2000	1	8	20
	0	0	272.812500	59.532337	-9.694941e+00	2000	1	8	21
	0	0	272.812500	59.532337	-9.700501e+00	2000	1	8	22
	0	0	272.812500	59.532337	-9.605712e+00	2000	1	8	23
	0	0	275.625000	59.532337	-9.531205e+00	2000	1	9	0
	0	0	277.031250	60.933072	-9.501826e+00	2000	1	9	1
	0	0	277.031250	59.532337	-9.370516e+00	2000	1	9	2
	0	0	279.843750	60.933072	-9.376803e+00	2000	1	9	3
	0	0	279.843750	59.532337	-9.309807e+00	2000	1	9	4
	0	0	282.656250	60.933072	-9.214126e+00	2000	1	9	5
	0	0	282.656250	60.933072	-9.110801e+00	2000	1	9	6
	0	0	282.656250	59.532337	-8.975058e+00	2000	1	9	7
	0	0	285.468750	59.532337	-8.877490e+00	2000	1	9	8
	0	0	285.468750	59.532337	-8.654789e+00	2000	1	9	9
	0	0	288.281250	59.532337	-8.490498e+00	2000	1	9	10
