start	75	2000	1	7	5
	0	0	199.687500	53.929366	3.339397e+00	2000	1	7	5
	0	0	199.687500	53.929366	3.486711e+00	2000	1	7	6
	0	0	202.500000	53.929366	3.746984e+00	2000	1	7	8
	0	0	202.500000	53.929366	3.902981e+00	2000	1	7	9
	0	0	202.500000	53.929366	4.036165e+00	2000	1	7	10
	0	0	203.906250	53.929366	4.187793e+00	2000	1	7	11
	0	0	205.312500	53.929366	4.342017e+00	2000	1	7	12
	0	0	205.312500	53.929366	4.459570e+00	2000	1	7	13
	0	0	208.125000	55.330112	4.789393e+00	2000	1	7	15
	0	0	208.125000	55.330112	4.970925e+00	2000	1	7	16
	0	0	210.937500	55.330112	5.168435e+00	2000	1	7	17
	0	0	210.937500	55.330112	5.357796e+00	2000	1	7	18
	0	0	210.937500	55.330112	5.556294e+00	2000	1	7	19
	0	0	213.750000	55.330112	6.133819e+00	2000	1	7	22
	0	0	216.562500	56.730857	6.451358e+00	2000	1	8	0
	0	0	217.968750	56.730857	6.693030e+00	2000	1	8	1
	0	0	217.968750	56.730857	6.890483e+00	2000	1	8	2
	0	0	219.375000	56.730857	7.054327e+00	2000	1	8	3
	0	0	220.781250	56.730857	7.314754e+00	2000	1	8	4
	0	0	220.781250	56.730857	7.533334e+00	2000	1	8	5
	0	0	223.593750	56.730857	8.064038e+00	2000	1	8	8
	0	0	225.000000	58.131598	8.243814e+00	2000	1	8	9
	0	0	225.000000	58.131598	8.375923e+00	2000	1	8	10
	0	0	226.406250	56.730857	8.589274e+00	2000	1	8	11
	0	0	226.406250	56.730857	8.775147e+00	2000	1	8	12
	0	0	227.812500	58.131598	8.902940e+00	2000	1	8	13
	0	0	229.218750	56.730857	9.113244e+00	2000	1	8	14
	0	0	229.218750	56.730857	9.268550e+00	2000	1	8	15
	0	0	229.218750	56.730857	9.385038e+00	2000	1	8	16
	0	0	232.031250	56.730857	9.560741e+00	2000	1	8	17
	0	0	232.031250	56.730857	9.758115e+00	2000	1	8	18
	0	0	233.437500	56.730857	9.794834e+00	2000	1	8	19
	0	0	233.437500	55.330112	9.992452e+00	2000	1	8	20
	0	0	233.437500	55.330112	1.009734e+01	2000	1	8	21
	0	0	236.250000	56.730857	1.014529e+01	2000	1	8	22
	0	0	236.250000	55.330112	1.031321e+01	2000	1	8	23
	0	0	236.250000	55.330112	1.043000e+01	2000	1	9	0
	0	0	237.656250	55.330112	1.043682e+01	2000	1	9	1
	0	0	239.062500	55.330112	1.064410e+01	2000	1	9	2
	0	0	239.062500	55.330112	1.076138e+01	2000	1	9	3
	0	0	241.875000	55.330112	1.075583e+01	2000	1	9	4
	0	0	241.875000	55.330112	1.099732e+01	2000	1	9	5
	0	0	241.875000	55.330112	1.096401e+01	2000	1	9	6
	0	0	244.687500	55.330112	1.105644e+01	2000	1	9	7
	0	0	244.687500	55.330112	1.118885e+01	2000	1	9	8
	0	0	246.093750	55.330112	1.113389e+01	2000	1	9	9
	0	0	247.500000	55.330112	1.127513e+01	2000	1	9	10
	0	0	247.500000	55.330112	1.124029e+01	2000	1	9	11
	0	0	250.312500	55.330112	1.124403e+01	2000	1	9	12
	0	0	250.312500	55.330112	1.129446e+01	2000	1	9	13
	0	0	253.125000	55.330112	1.119334e+01	2000	1	9	14
	0	0	253.125000	55.330112	1.123814e+01	2000	1	9	15
	0	0	255.937500	55.330112	1.108844e+01	2000	1	9	16
	0	0	255.937500	55.330112	1.105389e+01	2000	1	9	17
	0	0	258.750000	55.330112	1.087308e+01	2000	1	9	18
	0	0	258.750000	55.330112	1.070177e+01	2000	1	9	19
	0	0	261.562500	55.330112	1.050696e+01	2000	1	9	20
	0	0	264.375000	56.730857	1.015290e+01	2000	1	9	21
	0	0	264.375000	55.330112	9.931885e+00	2000	1	9	22
	0	0	267.187500	56.730857	9.644391e+00	2000	1	9	23
	0	0	270.000000	56.730857	9.280441e+00	2000	1	10	0
	0	0	270.000000	56.730857	8.928009e+00	2000	1	10	1
	0	0	272.812500	56.730857	8.617418e+00	2000	1	10	2
	0	0	275.625000	56.730857	8.175822e+00	2000	1	10	3
	0	0	275.625000	56.730857	7.646930e+00	2000	1	10	4
	0	0	278.437500	56.730857	7.245734e+00	2000	1	10	5
	0	0	281.250000	56.730857	6.690461e+00	2000	1	10	6
	0	0	282.656250	56.730857	6.144338e+00	2000	1	10	7
	0	0	285.468750	58.131598	5.708114e+00	2000	1	10	8
	0	0	288.281250	58.131598	5.324502e+00	2000	1	10	9
	0	0	291.093750	58.131598	4.881488e+00	2000	1	10	10
	0	0	293.906250	59.532337	4.463324e+00	2000	1	10	11
	0	0	295.312500	59.532337	4.074369e+00	2000	1	10	12
	0	0	298.125000	59.532337	3.670790e+00	2000	1	10	13
	0	0	302.343750	60.933072	3.286341e+00	2000	1	10	14
start	75	2000	1	7	5
	0	0	19.687500	53.929366	3.339397e+00	2000	1	7	5
	0	0	19.687500	53.929366	3.486711e+00	2000	1	7	6
	0	0	22.500000	53.929366	3.746984e+00	2000	1	7	8
	0	0	22.500000	53.929366	3.902981e+00	2000	1	7	9
	0	0	22.500000	53.929366	4.036165e+00	2000	1	7	10
	0	0	23.906250	53.929366	4.187793e+00	2000	1	7	11
	0	0	25.312500	53.929366	4.342017e+00	2000	1	7	12
	0	0	25.312500	53.929366	4.459570e+00	2000	1	7	13
	0	0	28.125000	55.330112	4.789393e+00	2000	1	7	15
	0	0	28.125000	55.330112	4.970925e+00	2000	1	7	16
	0	0	30.937500	55.330112	5.168435e+00	2000	1	7	17
	0	0	30.937500	55.330112	5.357796e+00	2000	1	7	18
	0	0	30.937500	55.330112	5.556294e+00	2000	1	7	19
	0	0	33.750000	55.330112	6.133819e+00	2000	1	7	22
	0	0	36.562500	56.730857	6.451358e+00	2000	1	8	0
	0	0	37.968750	56.730857	6.682352e+00	2000	1	8	1
	0	0	37.968750	56.730857	6.890483e+00	2000	1	8	2
	0	0	39.375000	56.730857	7.054327e+00	2000	1	8	3
	0	0	40.781250	56.730857	7.314754e+00	2000	1	8	4
	0	0	40.781250	56.730857	7.533334e+00	2000	1	8	5
	0	0	43.593750	56.730857	8.064038e+00	2000	1	8	8
	0	0	45.000000	58.131598	8.243814e+00	2000	1	8	9
	0	0	45.000000	58.131598	8.375923e+00	2000	1	8	10
	0	0	46.406250	56.730857	8.589274e+00	2000	1	8	11
	0	0	46.406250	56.730857	8.775147e+00	2000	1	8	12
	0	0	47.812500	58.131598	8.902940e+00	2000	1	8	13
	0	0	49.218750	56.730857	9.113244e+00	2000	1	8	14
	0	0	49.218750	56.730857	9.268550e+00	2000	1	8	15
	0	0	49.218750	56.730857	9.385038e+00	2000	1	8	16
	0	0	52.031250	56.730857	9.560741e+00	2000	1	8	17
	0	0	52.031250	56.730857	9.758115e+00	2000	1	8	18
	0	0	53.437500	56.730857	9.794834e+00	2000	1	8	19
	0	0	53.437500	55.330112	9.992452e+00	2000	1	8	20
	0	0	53.437500	55.330112	1.009734e+01	2000	1	8	21
	0	0	56.250000	56.730857	1.014529e+01	2000	1	8	22
	0	0	56.250000	55.330112	1.031321e+01	2000	1	8	23
	0	0	56.250000	55.330112	1.043000e+01	2000	1	9	0
	0	0	57.656250	55.330112	1.043682e+01	2000	1	9	1
	0	0	59.062500	55.330112	1.064410e+01	2000	1	9	2
	0	0	59.062500	55.330112	1.076138e+01	2000	1	9	3
	0	0	61.875000	55.330112	1.075583e+01	2000	1	9	4
	0	0	61.875000	55.330112	1.099732e+01	2000	1	9	5
	0	0	61.875000	55.330112	1.096401e+01	2000	1	9	6
	0	0	64.687500	55.330112	1.105644e+01	2000	1	9	7
	0	0	64.687500	55.330112	1.118885e+01	2000	1	9	8
	0	0	66.093750	55.330112	1.112292e+01	2000	1	9	9
	0	0	67.500000	55.330112	1.127513e+01	2000	1	9	10
	0	0	67.500000	55.330112	1.124029e+01	2000	1	9	11
	0	0	70.312500	55.330112	1.124403e+01	2000	1	9	12
	0	0	70.312500	55.330112	1.129446e+01	2000	1	9	13
	0	0	73.125000	55.330112	1.119334e+01	2000	1	9	14
	0	0	73.125000	55.330112	1.123814e+01	2000	1	9	15
	0	0	75.937500	55.330112	1.108844e+01	2000	1	9	16
	0	0	75.937500	55.330112	1.105389e+01	2000	1	9	17
	0	0	78.750000	55.330112	1.087308e+01	2000	1	9	18
	0	0	78.750000	55.330112	1.070177e+01	2000	1	9	19
	0	0	81.562500	55.330112	1.050696e+01	2000	1	9	20
	0	0	84.375000	56.730857	1.015290e+01	2000	1	9	21
	0	0	84.375000	55.330112	9.904218e+00	2000	1	9	22
	0	0	87.187500	56.730857	9.644391e+00	2000	1	9	23
	0	0	90.000000	56.730857	9.280441e+00	2000	1	10	0
	0	0	90.000000	56.730857	8.928009e+00	2000	1	10	1
	0	0	92.812500	56.730857	8.617418e+00	2000	1	10	2
	0	0	95.625000	56.730857	8.175822e+00	2000	1	10	3
	0	0	95.625000	56.730857	7.646930e+00	2000	1	10	4
	0	0	98.437500	56.730857	7.245734e+00	2000	1	10	5
	0	0	101.250000	56.730857	6.690461e+00	2000	1	10	6
	0	0	102.656250	56.730857	6.144338e+00	2000	1	10	7
	0	0	105.468750	58.131598	5.708114e+00	2000	1	10	8
	0	0	108.281250	58.131598	5.324502e+00	2000	1	10	9
	0	0	111.093750	58.131598	4.881488e+00	2000	1	10	10
	0	0	113.906250	59.532337	4.463324e+00	2000	1	10	11
	0	0	115.312500	59.532337	4.074369e+00	2000	1	10	12
	0	0	118.125000	59.532337	3.670790e+00	2000	1	10	13
	0	0	122.343750	60.933072	3.286341e+00	2000	1	10	14
start	78	2000	1	7	5
	0	0	319.218750	53.929366	3.339005e+00	2000	1	7	5
	0	0	322.031250	53.929366	3.621556e+00	2000	1	7	7
	0	0	322.031250	53.929366	3.780799e+00	2000	1	7	8
	0	0	322.031250	53.929366	3.909400e+00	2000	1	7	9
	0	0	324.843750	53.929366	4.192999e+00	2000	1	7	11
	0	0	324.843750	53.929366	4.330423e+00	2000	1	7	12
	0	0	326.250000	53.929366	4.449556e+00	2000	1	7	13
	0	0	326.250000	53.929366	4.625999e+00	2000	1	7	14
	0	0	329.062500	55.330112	4.828488e+00	2000	1	7	15
	0	0	329.062500	55.330112	4.999478e+00	2000	1	7	16
	0	0	330.468750	55.330112	5.139145e+00	2000	1	7	17
	0	0	331.875000	55.330112	5.352871e+00	2000	1	7	18
	0	0	331.875000	55.330112	5.552030e+00	2000	1	7	19
	0	0	331.875000	55.330112	5.743360e+00	2000	1	7	20
	0	0	334.687500	55.330112	6.062668e+00	2000	1	7	22
	0	0	334.687500	55.330112	6.299372e+00	2000	1	7	23
	0	0	334.687500	55.330112	6.461321e+00	2000	1	8	0
	0	0	337.500000	56.730857	6.660925e+00	2000	1	8	1
	0	0	338.906250	56.730857	6.881239e+00	2000	1	8	2
	0	0	340.312500	56.730857	7.284529e+00	2000	1	8	4
	0	0	340.312500	56.730857	7.480122e+00	2000	1	8	5
	0	0	341.718750	56.730857	7.647567e+00	2000	1	8	6
	0	0	343.125000	56.730857	7.872322e+00	2000	1	8	7
	0	0	343.125000	56.730857	8.059163e+00	2000	1	8	8
	0	0	344.531250	56.730857	8.212233e+00	2000	1	8	9
	0	0	345.937500	56.730857	8.374763e+00	2000	1	8	10
	0	0	345.937500	56.730857	8.557521e+00	2000	1	8	11
	0	0	347.343750	56.730857	8.727630e+00	2000	1	8	12
	0	0	347.343750	56.730857	8.882132e+00	2000	1	8	13
	0	0	348.750000	56.730857	9.103471e+00	2000	1	8	14
	0	0	348.750000	56.730857	9.262916e+00	2000	1	8	15
	0	0	351.562500	56.730857	9.378376e+00	2000	1	8	16
	0	0	351.562500	56.730857	9.572177e+00	2000	1	8	17
	0	0	351.562500	55.330112	9.712207e+00	2000	1	8	18
	0	0	351.562500	55.330112	9.845383e+00	2000	1	8	19
	0	0	354.375000	56.730857	1.002798e+01	2000	1	8	20
	0	0	354.375000	56.730857	1.010789e+01	2000	1	8	21
	0	0	354.375000	55.330112	1.021195e+01	2000	1	8	22
	0	0	357.187500	56.730857	1.034461e+01	2000	1	8	23
	0	0	357.187500	55.330112	1.044433e+01	2000	1	9	0
	0	0	357.187500	55.330112	1.056986e+01	2000	1	9	1
	0	0	0.000000	56.730857	1.061827e+01	2000	1	9	2
	0	0	0.000000	55.330112	1.076060e+01	2000	1	9	3
	0	0	0.000000	55.330112	1.085269e+01	2000	1	9	4
	0	0	2.812500	55.330112	1.085079e+01	2000	1	9	5
	0	0	2.812500	55.330112	1.108174e+01	2000	1	9	6
	0	0	2.812500	55.330112	1.106620e+01	2000	1	9	7
	0	0	5.625000	55.330112	1.115195e+01	2000	1	9	8
	0	0	5.625000	55.330112	1.127807e+01	2000	1	9	9
	0	0	7.031250	55.330112	1.113564e+01	2000	1	9	10
	0	0	8.437500	55.330112	1.132352e+01	2000	1	9	11
	0	0	8.437500	55.330112	1.123208e+01	2000	1	9	12
	0	0	11.250000	55.330112	1.133586e+01	2000	1	9	13
	0	0	11.250000	55.330112	1.123103e+01	2000	1	9	14
	0	0	14.062500	55.330112	1.124909e+01	2000	1	9	15
	0	0	14.062500	55.330112	1.108404e+01	2000	1	9	16
	0	0	16.875000	55.330112	1.104180e+01	2000	1	9	17
	0	0	16.875000	55.330112	1.081634e+01	2000	1	9	18
	0	0	19.687500	55.330112	1.073351e+01	2000	1	9	19
	0	0	19.687500	55.330112	1.033967e+01	2000	1	9	20
	0	0	22.500000	55.330112	1.022502e+01	2000	1	9	21
	0	0	25.312500	55.330112	9.859774e+00	2000	1	9	22
	0	0	26.718750	56.730857	9.536089e+00	2000	1	9	23
	0	0	29.531250	56.730857	9.229265e+00	2000	1	10	0
	0	0	30.937500	56.730857	8.876102e+00	2000	1	10	1
	0	0	32.343750	56.730857	8.533890e+00	2000	1	10	2
	0	0	35.156250	56.730857	8.162799e+00	2000	1	10	3
	0	0	36.562500	56.730857	7.660497e+00	2000	1	10	4
	0	0	37.968750	56.730857	7.228155e+00	2000	1	10	5
	0	0	40.781250	56.730857	6.724319e+00	2000	1	10	6
	0	0	43.593750	56.730857	6.173048e+00	2000	1	10	7
	0	0	45.000000	58.131598	5.719781e+00	2000	1	10	8
	0	0	47.812500	58.131598	5.300572e+00	2000	1	10	9
	0	0	50.625000	58.131598	4.857172e+00	2000	1	10	10
	0	0	54.843750	59.532337	4.450438e+00	2000	1	10	11
	0	0	56.250000	59.532337	4.073530e+00	2000	1	10	12
	0	0	59.062500	59.532337	3.665547e+00	2000	1	10	13
	0	0	61.875000	60.933072	3.290142e+00	2000	1	10	14
start	78	2000	1	7	5
	0	0	139.218750	53.929366	3.339005e+00	2000	1	7	5
	0	0	142.031250	53.929366	3.621556e+00	2000	1	7	7
	0	0	142.031250	53.929366	3.780799e+00	2000	1	7	8
	0	0	142.031250	53.929366	3.909400e+00	2000	1	7	9
	0	0	144.843750	53.929366	4.192999e+00	2000	1	7	11
	0	0	144.843750	53.929366	4.330423e+00	2000	1	7	12
	0	0	146.250000	53.929366	4.449556e+00	2000	1	7	13
	0	0	146.250000	53.929366	4.625999e+00	2000	1	7	14
	0	0	149.062500	55.330112	4.828488e+00	2000	1	7	15
	0	0	149.062500	55.330112	4.999478e+00	2000	1	7	16
	0	0	150.468750	55.330112	5.139145e+00	2000	1	7	17
	0	0	151.875000	55.330112	5.352871e+00	2000	1	7	18
	0	0	151.875000	55.330112	5.552030e+00	2000	1	7	19
	0	0	151.875000	55.330112	5.743360e+00	2000	1	7	20
	0	0	154.687500	55.330112	6.062668e+00	2000	1	7	22
	0	0	154.687500	55.330112	6.299372e+00	2000	1	7	23
	0	0	154.687500	55.330112	6.461321e+00	2000	1	8	0
	0	0	157.500000	56.730857	6.658054e+00	2000	1	8	1
	0	0	158.906250	56.730857	6.881239e+00	2000	1	8	2
	0	0	160.312500	56.730857	7.284529e+00	2000	1	8	4
	0	0	160.312500	56.730857	7.480122e+00	2000	1	8	5
	0	0	161.718750	56.730857	7.647567e+00	2000	1	8	6
	0	0	163.125000	56.730857	7.872322e+00	2000	1	8	7
	0	0	163.125000	56.730857	8.059163e+00	2000	1	8	8
	0	0	164.531250	56.730857	8.212233e+00	2000	1	8	9
	0	0	165.937500	56.730857	8.376911e+00	2000	1	8	10
	0	0	165.937500	56.730857	8.557521e+00	2000	1	8	11
	0	0	167.343750	56.730857	8.727630e+00	2000	1	8	12
	0	0	167.343750	56.730857	8.882132e+00	2000	1	8	13
	0	0	168.750000	56.730857	9.103471e+00	2000	1	8	14
	0	0	168.750000	56.730857	9.262916e+00	2000	1	8	15
	0	0	171.562500	56.730857	9.378376e+00	2000	1	8	16
	0	0	171.562500	56.730857	9.572177e+00	2000	1	8	17
	0	0	171.562500	55.330112	9.712207e+00	2000	1	8	18
	0	0	171.562500	55.330112	9.845383e+00	2000	1	8	19
	0	0	174.375000	56.730857	1.002798e+01	2000	1	8	20
	0	0	174.375000	56.730857	1.010789e+01	2000	1	8	21
	0	0	174.375000	55.330112	1.021195e+01	2000	1	8	22
	0	0	177.187500	56.730857	1.034461e+01	2000	1	8	23
	0	0	177.187500	55.330112	1.044433e+01	2000	1	9	0
	0	0	177.187500	55.330112	1.056986e+01	2000	1	9	1
	0	0	180.000000	56.730857	1.061827e+01	2000	1	9	2
	0	0	180.000000	55.330112	1.076060e+01	2000	1	9	3
	0	0	180.000000	55.330112	1.085269e+01	2000	1	9	4
	0	0	182.812500	55.330112	1.085079e+01	2000	1	9	5
	0	0	182.812500	55.330112	1.108174e+01	2000	1	9	6
	0	0	182.812500	55.330112	1.106620e+01	2000	1	9	7
	0	0	185.625000	55.330112	1.115195e+01	2000	1	9	8
	0	0	185.625000	55.330112	1.127807e+01	2000	1	9	9
	0	0	187.031250	55.330112	1.113564e+01	2000	1	9	10
	0	0	188.437500	55.330112	1.132352e+01	2000	1	9	11
	0	0	188.437500	55.330112	1.123208e+01	2000	1	9	12
	0	0	191.250000	55.330112	1.133586e+01	2000	1	9	13
	0	0	191.250000	55.330112	1.123103e+01	2000	1	9	14
	0	0	194.062500	55.330112	1.124909e+01	2000	1	9	15
	0	0	194.062500	55.330112	1.108404e+01	2000	1	9	16
	0	0	196.875000	55.330112	1.104180e+01	2000	1	9	17
	0	0	196.875000	55.330112	1.081634e+01	2000	1	9	18
	0	0	199.687500	55.330112	1.073351e+01	2000	1	9	19
	0	0	199.687500	55.330112	1.033967e+01	2000	1	9	20
	0	0	202.500000	55.330112	1.022502e+01	2000	1	9	21
	0	0	205.312500	55.330112	9.859774e+00	2000	1	9	22
	0	0	206.718750	56.730857	9.536089e+00	2000	1	9	23
	0	0	209.531250	56.730857	9.229265e+00	2000	1	10	0
	0	0	210.937500	56.730857	8.876102e+00	2000	1	10	1
	0	0	212.343750	56.730857	8.533890e+00	2000	1	10	2
	0	0	215.156250	56.730857	8.162799e+00	2000	1	10	3
	0	0	216.562500	56.730857	7.660497e+00	2000	1	10	4
	0	0	217.968750	56.730857	7.228155e+00	2000	1	10	5
	0	0	220.781250	56.730857	6.724319e+00	2000	1	10	6
	0	0	223.593750	56.730857	6.173048e+00	2000	1	10	7
	0	0	225.000000	58.131598	5.719781e+00	2000	1	10	8
	0	0	227.812500	58.131598	5.300572e+00	2000	1	10	9
	0	0	230.625000	58.131598	4.857172e+00	2000	1	10	10
	0	0	234.843750	59.532337	4.450438e+00	2000	1	10	11
	0	0	236.250000	59.532337	4.073530e+00	2000	1	10	12
	0	0	239.062500	59.532337	3.665547e+00	2000	1	10	13
	0	0	241.875000	60.933072	3.290142e+00	2000	1	10	14
start	79	2000	1	7	5
	0	0	258.750000	53.929366	3.345822e+00	2000	1	7	5
	0	0	260.156250	53.929366	3.471468e+00	2000	1	7	6
	0	0	261.562500	53.929366	3.636939e+00	2000	1	7	7
	0	0	261.562500	53.929366	3.769302e+00	2000	1	7	8
	0	0	261.562500	53.929366	3.912541e+00	2000	1	7	9
	0	0	262.968750	53.929366	4.012948e+00	2000	1	7	10
	0	0	264.375000	53.929366	4.191108e+00	2000	1	7	11
	0	0	264.375000	53.929366	4.344770e+00	2000	1	7	12
	0	0	265.781250	53.929366	4.453979e+00	2000	1	7	13
	0	0	267.187500	53.929366	4.641140e+00	2000	1	7	14
	0	0	267.187500	53.929366	4.804582e+00	2000	1	7	15
	0	0	270.000000	55.330112	4.936636e+00	2000	1	7	16
	0	0	270.000000	55.330112	5.166189e+00	2000	1	7	17
	0	0	271.406250	55.330112	5.334591e+00	2000	1	7	18
	0	0	272.812500	55.330112	5.507431e+00	2000	1	7	19
	0	0	272.812500	55.330112	5.740904e+00	2000	1	7	20
	0	0	272.812500	55.330112	5.922849e+00	2000	1	7	21
	0	0	275.625000	56.730857	6.120460e+00	2000	1	7	22
	0	0	275.625000	55.330112	6.488276e+00	2000	1	8	0
	0	0	278.437500	56.730857	6.683799e+00	2000	1	8	1
	0	0	278.437500	56.730857	6.903051e+00	2000	1	8	2
	0	0	278.437500	56.730857	7.072910e+00	2000	1	8	3
	0	0	279.843750	56.730857	7.270991e+00	2000	1	8	4
	0	0	282.656250	56.730857	7.840413e+00	2000	1	8	7
	0	0	285.468750	58.131598	8.046349e+00	2000	1	8	8
	0	0	285.468750	58.131598	8.258940e+00	2000	1	8	9
	0	0	285.468750	56.730857	8.389001e+00	2000	1	8	10
	0	0	285.468750	56.730857	8.549979e+00	2000	1	8	11
	0	0	288.281250	58.131598	8.759238e+00	2000	1	8	12
	0	0	288.281250	58.131598	8.928071e+00	2000	1	8	13
	0	0	288.281250	56.730857	9.058258e+00	2000	1	8	14
	0	0	291.093750	58.131598	9.248540e+00	2000	1	8	15
	0	0	291.093750	58.131598	9.417300e+00	2000	1	8	16
	0	0	291.093750	56.730857	9.579866e+00	2000	1	8	17
	0	0	292.500000	56.730857	9.674620e+00	2000	1	8	18
	0	0	293.906250	56.730857	9.836897e+00	2000	1	8	19
	0	0	293.906250	56.730857	9.956965e+00	2000	1	8	20
	0	0	295.312500	56.730857	1.002561e+01	2000	1	8	21
	0	0	295.312500	55.330112	1.023881e+01	2000	1	8	22
	0	0	295.312500	55.330112	1.031668e+01	2000	1	8	23
	0	0	296.718750	55.330112	1.033995e+01	2000	1	9	0
	0	0	298.125000	55.330112	1.054394e+01	2000	1	9	1
	0	0	298.125000	55.330112	1.065828e+01	2000	1	9	2
	0	0	300.937500	55.330112	1.064075e+01	2000	1	9	3
	0	0	300.937500	55.330112	1.086433e+01	2000	1	9	4
	0	0	300.937500	55.330112	1.091717e+01	2000	1	9	5
	0	0	303.750000	55.330112	1.096662e+01	2000	1	9	6
	0	0	303.750000	55.330112	1.112943e+01	2000	1	9	7
	0	0	303.750000	55.330112	1.106332e+01	2000	1	9	8
	0	0	306.562500	55.330112	1.123392e+01	2000	1	9	9
	0	0	306.562500	55.330112	1.127860e+01	2000	1	9	10
	0	0	309.375000	55.330112	1.119924e+01	2000	1	9	11
	0	0	309.375000	55.330112	1.132886e+01	2000	1	9	12
	0	0	310.781250	55.330112	1.115586e+01	2000	1	9	13
	0	0	312.187500	55.330112	1.129507e+01	2000	1	9	14
	0	0	313.593750	55.330112	1.109048e+01	2000	1	9	15
	0	0	315.000000	55.330112	1.121013e+01	2000	1	9	16
	0	0	316.406250	55.330112	1.090913e+01	2000	1	9	17
	0	0	317.812500	55.330112	1.091578e+01	2000	1	9	18
	0	0	320.625000	55.330112	1.063949e+01	2000	1	9	19
	0	0	320.625000	55.330112	1.048402e+01	2000	1	9	20
	0	0	323.437500	55.330112	1.019741e+01	2000	1	9	21
	0	0	324.843750	56.730857	9.857533e+00	2000	1	9	22
	0	0	326.250000	55.330112	9.575151e+00	2000	1	9	23
	0	0	329.062500	56.730857	9.209451e+00	2000	1	10	0
	0	0	330.468750	56.730857	8.913759e+00	2000	1	10	1
	0	0	333.281250	56.730857	8.555134e+00	2000	1	10	2
	0	0	334.687500	56.730857	8.115614e+00	2000	1	10	3
	0	0	337.500000	56.730857	7.652139e+00	2000	1	10	4
	0	0	338.906250	56.730857	7.184375e+00	2000	1	10	5
	0	0	340.312500	56.730857	6.680399e+00	2000	1	10	6
	0	0	344.531250	58.131598	6.179232e+00	2000	1	10	7
	0	0	345.937500	58.131598	5.709658e+00	2000	1	10	8
	0	0	348.750000	58.131598	5.279775e+00	2000	1	10	9
	0	0	350.156250	58.131598	4.868933e+00	2000	1	10	10
	0	0	354.375000	59.532337	4.494753e+00	2000	1	10	11
	0	0	357.187500	59.532337	4.072890e+00	2000	1	10	12
	0	0	0.000000	59.532337	3.665874e+00	2000	1	10	13
	0	0	2.812500	60.933072	3.282823e+00	2000	1	10	14
start	79	2000	1	7	5
	0	0	78.750000	53.929366	3.345822e+00	2000	1	7	5
	0	0	80.156250	53.929366	3.471468e+00	2000	1	7	6
	0	0	81.562500	53.929366	3.636939e+00	2000	1	7	7
	0	0	81.562500	53.929366	3.769302e+00	2000	1	7	8
	0	0	81.562500	53.929366	3.912541e+00	2000	1	7	9
	0	0	82.968750	53.929366	4.012948e+00	2000	1	7	10
	0	0	84.375000	53.929366	4.191108e+00	2000	1	7	11
	0	0	84.375000	53.929366	4.344770e+00	2000	1	7	12
	0	0	85.781250	53.929366	4.453979e+00	2000	1	7	13
	0	0	87.187500	53.929366	4.641140e+00	2000	1	7	14
	0	0	87.187500	53.929366	4.804582e+00	2000	1	7	15
	0	0	90.000000	55.330112	4.936636e+00	2000	1	7	16
	0	0	90.000000	55.330112	5.166189e+00	2000	1	7	17
	0	0	91.406250	55.330112	5.334591e+00	2000	1	7	18
	0	0	92.812500	55.330112	5.507431e+00	2000	1	7	19
	0	0	92.812500	55.330112	5.740904e+00	2000	1	7	20
	0	0	92.812500	55.330112	5.922849e+00	2000	1	7	21
	0	0	95.625000	56.730857	6.120460e+00	2000	1	7	22
	0	0	95.625000	55.330112	6.488276e+00	2000	1	8	0
	0	0	98.437500	56.730857	6.683799e+00	2000	1	8	1
	0	0	98.437500	56.730857	6.903051e+00	2000	1	8	2
	0	0	98.437500	56.730857	7.072910e+00	2000	1	8	3
	0	0	99.843750	56.730857	7.270991e+00	2000	1	8	4
	0	0	102.656250	56.730857	7.840413e+00	2000	1	8	7
	0	0	105.468750	58.131598	8.046349e+00	2000	1	8	8
	0	0	105.468750	58.131598	8.258940e+00	2000	1	8	9
	0	0	105.468750	56.730857	8.389001e+00	2000	1	8	10
	0	0	105.468750	56.730857	8.549979e+00	2000	1	8	11
	0	0	108.281250	58.131598	8.759238e+00	2000	1	8	12
	0	0	108.281250	58.131598	8.928071e+00	2000	1	8	13
	0	0	108.281250	56.730857	9.058258e+00	2000	1	8	14
	0	0	111.093750	58.131598	9.248540e+00	2000	1	8	15
	0	0	111.093750	58.131598	9.417300e+00	2000	1	8	16
	0	0	111.093750	56.730857	9.579866e+00	2000	1	8	17
	0	0	112.500000	56.730857	9.674620e+00	2000	1	8	18
	0	0	113.906250	56.730857	9.836897e+00	2000	1	8	19
	0	0	113.906250	56.730857	9.956965e+00	2000	1	8	20
	0	0	115.312500	56.730857	1.002561e+01	2000	1	8	21
	0	0	115.312500	55.330112	1.023881e+01	2000	1	8	22
	0	0	115.312500	55.330112	1.031668e+01	2000	1	8	23
	0	0	116.718750	55.330112	1.033995e+01	2000	1	9	0
	0	0	118.125000	55.330112	1.054394e+01	2000	1	9	1
	0	0	118.125000	55.330112	1.065828e+01	2000	1	9	2
	0	0	120.937500	55.330112	1.064075e+01	2000	1	9	3
	0	0	120.937500	55.330112	1.086433e+01	2000	1	9	4
	0	0	120.937500	55.330112	1.091717e+01	2000	1	9	5
	0	0	123.750000	55.330112	1.096662e+01	2000	1	9	6
	0	0	123.750000	55.330112	1.112943e+01	2000	1	9	7
	0	0	123.750000	55.330112	1.106332e+01	2000	1	9	8
	0	0	126.562500	55.330112	1.123392e+01	2000	1	9	9
	0	0	126.562500	55.330112	1.127860e+01	2000	1	9	10
	0	0	129.375000	55.330112	1.120907e+01	2000	1	9	11
	0	0	129.375000	55.330112	1.132886e+01	2000	1	9	12
	0	0	130.781250	55.330112	1.115586e+01	2000	1	9	13
	0	0	132.187500	55.330112	1.129507e+01	2000	1	9	14
	0	0	133.593750	55.330112	1.109048e+01	2000	1	9	15
	0	0	135.000000	55.330112	1.121013e+01	2000	1	9	16
	0	0	136.406250	55.330112	1.090913e+01	2000	1	9	17
	0	0	137.812500	55.330112	1.091578e+01	2000	1	9	18
	0	0	140.625000	55.330112	1.063949e+01	2000	1	9	19
	0	0	140.625000	55.330112	1.048402e+01	2000	1	9	20
	0	0	143.437500	55.330112	1.019741e+01	2000	1	9	21
	0	0	144.843750	56.730857	9.857533e+00	2000	1	9	22
	0	0	146.250000	55.330112	9.575151e+00	2000	1	9	23
	0	0	149.062500	56.730857	9.209451e+00	2000	1	10	0
	0	0	150.468750	56.730857	8.902883e+00	2000	1	10	1
	0	0	153.281250	56.730857	8.544291e+00	2000	1	10	2
	0	0	154.687500	56.730857	8.115614e+00	2000	1	10	3
	0	0	157.500000	56.730857	7.652139e+00	2000	1	10	4
	0	0	158.906250	56.730857	7.184375e+00	2000	1	10	5
	0	0	160.312500	56.730857	6.680399e+00	2000	1	10	6
	0	0	164.531250	58.131598	6.179232e+00	2000	1	10	7
	0	0	165.937500	58.131598	5.709658e+00	2000	1	10	8
	0	0	168.750000	58.131598	5.279775e+00	2000	1	10	9
	0	0	170.156250	58.131598	4.868933e+00	2000	1	10	10
	0	0	174.375000	59.532337	4.494753e+00	2000	1	10	11
	0	0	177.187500	59.532337	4.072890e+00	2000	1	10	12
	0	0	180.000000	59.532337	3.665874e+00	2000	1	10	13
	0	0	182.812500	60.933072	3.282823e+00	2000	1	10	14
