start	86	2000	1	7	0
	32	101	45.000000	52.528617	-3.175188e+00	2000	1	7	0
	36	103	50.625000	55.330112	-3.971838e+00	2000	1	7	6
	36	103	50.625000	55.330112	-4.162117e+00	2000	1	7	7
	36	103	50.625000	55.330112	-4.331914e+00	2000	1	7	8
	38	103	53.437500	55.330112	-4.525260e+00	2000	1	7	9
	38	103	53.437500	55.330112	-4.789688e+00	2000	1	7	10
	39	103	54.843750	55.330112	-4.950663e+00	2000	1	7	11
	39	103	54.843750	55.330112	-5.150898e+00	2000	1	7	12
	40	103	56.250000	55.330112	-5.358825e+00	2000	1	7	13
	40	103	56.250000	55.330112	-5.558613e+00	2000	1	7	14
	41	104	57.656250	56.730857	-5.679896e+00	2000	1	7	15
	42	103	59.062500	55.330112	-5.911958e+00	2000	1	7	16
	42	103	59.062500	55.330112	-6.084610e+00	2000	1	7	17
	43	104	60.468750	56.730857	-6.347565e+00	2000	1	7	18
	44	104	61.875000	56.730857	-6.598811e+00	2000	1	7	19
	44	104	61.875000	56.730857	-6.804903e+00	2000	1	7	20
	45	104	63.281250	56.730857	-7.104980e+00	2000	1	7	21
	46	104	64.687500	56.730857	-7.306220e+00	2000	1	7	22
	47	104	66.093750	56.730857	-7.558886e+00	2000	1	7	23
	47	105	66.093750	58.131598	-7.745351e+00	2000	1	8	0
	49	105	68.906250	58.131598	-7.926595e+00	2000	1	8	1
	49	105	68.906250	58.131598	-8.142368e+00	2000	1	8	2
	50	104	70.312500	56.730857	-8.237255e+00	2000	1	8	3
	51	105	71.718750	58.131598	-8.491482e+00	2000	1	8	4
	51	105	71.718750	58.131598	-8.607967e+00	2000	1	8	5
	53	105	74.531250	58.131598	-8.739010e+00	2000	1	8	6
	53	105	74.531250	58.131598	-8.959671e+00	2000	1	8	7
	54	105	75.937500	58.131598	-8.994032e+00	2000	1	8	8
	55	106	77.343750	59.532337	-9.229923e+00	2000	1	8	9
	55	105	77.343750	58.131598	-9.252303e+00	2000	1	8	10
	57	106	80.156250	59.532337	-9.377013e+00	2000	1	8	11
	57	106	80.156250	59.532337	-9.427972e+00	2000	1	8	12
	58	106	81.562500	59.532337	-9.435126e+00	2000	1	8	13
	59	106	82.968750	59.532337	-9.489684e+00	2000	1	8	14
	60	106	84.375000	59.532337	-9.525756e+00	2000	1	8	15
	61	106	85.781250	59.532337	-9.555715e+00	2000	1	8	16
	62	106	87.187500	59.532337	-9.654078e+00	2000	1	8	17
	62	106	87.187500	59.532337	-9.687737e+00	2000	1	8	18
	64	106	90.000000	59.532337	-9.807414e+00	2000	1	8	19
	64	106	90.000000	59.532337	-9.812449e+00	2000	1	8	20
	66	106	92.812500	59.532337	-9.694941e+00	2000	1	8	21
	66	106	92.812500	59.532337	-9.700501e+00	2000	1	8	22
	66	106	92.812500	59.532337	-9.605712e+00	2000	1	8	23
	68	106	95.625000	59.532337	-9.531205e+00	2000	1	9	0
	69	107	97.031250	60.933072	-9.501826e+00	2000	1	9	1
	69	106	97.031250	59.532337	-9.370516e+00	2000	1	9	2
	71	107	99.843750	60.933072	-9.376803e+00	2000	1	9	3
	71	106	99.843750	59.532337	-9.309807e+00	2000	1	9	4
	73	107	102.656250	60.933072	-9.214086e+00	2000	1	9	5
	73	107	102.656250	60.933072	-9.110801e+00	2000	1	9	6
	73	106	102.656250	59.532337	-8.975058e+00	2000	1	9	7
	75	106	105.468750	59.532337	-8.877490e+00	2000	1	9	8
	75	106	105.468750	59.532337	-8.654789e+00	2000	1	9	9
	77	106	108.281250	59.532337	-8.490498e+00	2000	1	9	10
	77	106	108.281250	59.532337	-8.299613e+00	2000	1	9	11
	77	105	108.281250	58.131598	-8.173599e+00	2000	1	9	12
	79	104	111.093750	56.730857	-7.441088e+00	2000	1	9	16
	79	104	111.093750	56.730857	-7.310337e+00	2000	1	9	17
	80	104	112.500000	56.730857	-7.174816e+00	2000	1	9	18
	79	104	111.093750	56.730857	-7.012039e+00	2000	1	9	19
	79	104	111.093750	56.730857	-6.965979e+00	2000	1	9	20
	81	104	113.906250	56.730857	-6.888246e+00	2000	1	9	21
	81	104	113.906250	56.730857	-6.780201e+00	2000	1	9	22
	82	104	115.312500	56.730857	-6.762032e+00	2000	1	9	23
	83	104	116.718750	56.730857	-6.708094e+00	2000	1	10	0
	84	104	118.125000	56.730857	-6.617108e+00	2000	1	10	1
	86	104	120.937500	56.730857	-6.477458e+00	2000	1	10	2
	86	104	120.937500	56.730857	-6.325867e+00	2000	1	10	3
	87	104	122.343750	56.730857	-6.195250e+00	2000	1	10	4
	89	104	125.156250	56.730857	-6.026196e+00	2000	1	10	5
	90	104	126.562500	56.730857	-5.820351e+00	2000	1	10	6
	91	104	127.968750	56.730857	-5.682930e+00	2000	1	10	7
	93	104	130.781250	56.730857	-5.522573e+00	2000	1	10	8
	95	105	133.593750	58.131598	-5.257624e+00	2000	1	10	9
	97	105	136.406250	58.131598	-5.034346e+00	2000	1	10	10
	97	104	136.406250	56.730857	-4.803730e+00	2000	1	10	11
	99	104	139.218750	56.730857	-4.569892e+00	2000	1	10	12
	99	104	139.218750	56.730857	-4.292971e+00	2000	1	10	13
	101	104	142.031250	56.730857	-4.011718e+00	2000	1	10	14
	102	103	143.437500	55.330112	-3.798088e+00	2000	1	10	15
	104	103	146.250000	55.330112	-3.558637e+00	2000	1	10	16
	105	102	147.656250	53.929366	-3.380190e+00	2000	1	10	17
	106	102	149.062500	53.929366	-3.145730e+00	2000	1	10	18
	107	102	150.468750	53.929366	-3.064498e+00	2000	1	10	19
	104	103	146.250000	55.330112	-3.145602e+00	2000	1	10	23
	105	104	147.656250	56.730857	-3.573387e+00	2000	1	11	0
start	86	2000	1	7	0
	160	101	225.000000	52.528617	-3.175188e+00	2000	1	7	0
	164	103	230.625000	55.330112	-3.971838e+00	2000	1	7	6
	164	103	230.625000	55.330112	-4.162117e+00	2000	1	7	7
	164	103	230.625000	55.330112	-4.331914e+00	2000	1	7	8
	166	103	233.437500	55.330112	-4.525260e+00	2000	1	7	9
	166	103	233.437500	55.330112	-4.789688e+00	2000	1	7	10
	167	103	234.843750	55.330112	-4.950663e+00	2000	1	7	11
	167	103	234.843750	55.330112	-5.150898e+00	2000	1	7	12
	168	103	236.250000	55.330112	-5.358825e+00	2000	1	7	13
	168	103	236.250000	55.330112	-5.558613e+00	2000	1	7	14
	169	104	237.656250	56.730857	-5.679896e+00	2000	1	7	15
	170	103	239.062500	55.330112	-5.911958e+00	2000	1	7	16
	170	103	239.062500	55.330112	-6.084610e+00	2000	1	7	17
	171	104	240.468750	56.730857	-6.347565e+00	2000	1	7	18
	172	104	241.875000	56.730857	-6.598811e+00	2000	1	7	19
	172	104	241.875000	56.730857	-6.804903e+00	2000	1	7	20
	173	104	243.281250	56.730857	-7.104980e+00	2000	1	7	21
	174	104	244.687500	56.730857	-7.306220e+00	2000	1	7	22
	175	104	246.093750	56.730857	-7.558886e+00	2000	1	7	23
	175	105	246.093750	58.131598	-7.745351e+00	2000	1	8	0
	177	105	248.906250	58.131598	-7.926595e+00	2000	1	8	1
	177	105	248.906250	58.131598	-8.142368e+00	2000	1	8	2
	178	104	250.312500	56.730857	-8.237255e+00	2000	1	8	3
	179	105	251.718750	58.131598	-8.491482e+00	2000	1	8	4
	179	105	251.718750	58.131598	-8.607967e+00	2000	1	8	5
	181	105	254.531250	58.131598	-8.739010e+00	2000	1	8	6
	181	105	254.531250	58.131598	-8.959671e+00	2000	1	8	7
	182	105	255.937500	58.131598	-8.994032e+00	2000	1	8	8
	183	106	257.343750	59.532337	-9.229923e+00	2000	1	8	9
	183	105	257.343750	58.131598	-9.252303e+00	2000	1	8	10
	185	106	260.156250	59.532337	-9.377013e+00	2000	1	8	11
	185	106	260.156250	59.532337	-9.427972e+00	2000	1	8	12
	186	106	261.562500	59.532337	-9.435126e+00	2000	1	8	13
	187	106	262.968750	59.532337	-9.489684e+00	2000	1	8	14
	188	106	264.375000	59.532337	-9.525756e+00	2000	1	8	15
	189	106	265.781250	59.532337	-9.555715e+00	2000	1	8	16
	190	106	267.187500	59.532337	-9.645387e+00	2000	1	8	17
	190	106	267.187500	59.532337	-9.687737e+00	2000	1	8	18
	192	106	270.000000	59.532337	-9.807414e+00	2000	1	8	19
	192	106	270.000000	59.532337	-9.812449e+00	2000	1	8	20
	194	106	272.812500	59.532337	-9.694941e+00	2000	1	8	21
	194	106	272.812500	59.532337	-9.700501e+00	2000	1	8	22
	194	106	272.812500	59.532337	-9.605712e+00	2000	1	8	23
	196	106	275.625000	59.532337	-9.531205e+00	2000	1	9	0
	197	107	277.031250	60.933072	-9.501826e+00	2000	1	9	1
	197	106	277.031250	59.532337	-9.370516e+00	2000	1	9	2
	199	107	279.843750	60.933072	-9.376803e+00	2000	1	9	3
	199	106	279.843750	59.532337	-9.309807e+00	2000	1	9	4
	201	107	282.656250	60.933072	-9.214126e+00	2000	1	9	5
	201	107	282.656250	60.933072	-9.110801e+00	2000	1	9	6
	201	106	282.656250	59.532337	-8.975058e+00	2000	1	9	7
	203	106	285.468750	59.532337	-8.877490e+00	2000	1	9	8
	203	106	285.468750	59.532337	-8.654789e+00	2000	1	9	9
	205	106	288.281250	59.532337	-8.490498e+00	2000	1	9	10
	205	106	288.281250	59.532337	-8.299613e+00	2000	1	9	11
	205	105	288.281250	58.131598	-8.173599e+00	2000	1	9	12
	207	104	291.093750	56.730857	-7.441088e+00	2000	1	9	16
	207	104	291.093750	56.730857	-7.310337e+00	2000	1	9	17
	208	104	292.500000	56.730857	-7.174816e+00	2000	1	9	18
	207	104	291.093750	56.730857	-7.012039e+00	2000	1	9	19
	207	104	291.093750	56.730857	-6.965979e+00	2000	1	9	20
	209	104	293.906250	56.730857	-6.888246e+00	2000	1	9	21
	209	104	293.906250	56.730857	-6.780201e+00	2000	1	9	22
	210	104	295.312500	56.730857	-6.762032e+00	2000	1	9	23
	211	104	296.718750	56.730857	-6.708094e+00	2000	1	10	0
	212	104	298.125000	56.730857	-6.617108e+00	2000	1	10	1
	214	104	300.937500	56.730857	-6.477458e+00	2000	1	10	2
	214	104	300.937500	56.730857	-6.325867e+00	2000	1	10	3
	215	104	302.343750	56.730857	-6.195250e+00	2000	1	10	4
	217	104	305.156250	56.730857	-6.026196e+00	2000	1	10	5
	218	104	306.562500	56.730857	-5.820351e+00	2000	1	10	6
	219	104	307.968750	56.730857	-5.673431e+00	2000	1	10	7
	221	104	310.781250	56.730857	-5.522573e+00	2000	1	10	8
	223	105	313.593750	58.131598	-5.258027e+00	2000	1	10	9
	223	104	313.593750	56.730857	-5.032197e+00	2000	1	10	10
	225	104	316.406250	56.730857	-4.803730e+00	2000	1	10	11
	227	104	319.218750	56.730857	-4.568970e+00	2000	1	10	12
	227	104	319.218750	56.730857	-4.292971e+00	2000	1	10	13
	229	104	322.031250	56.730857	-4.011718e+00	2000	1	10	14
	230	103	323.437500	55.330112	-3.798088e+00	2000	1	10	15
	232	103	326.250000	55.330112	-3.558637e+00	2000	1	10	16
	233	102	327.656250	53.929366	-3.380190e+00	2000	1	10	17
	234	102	329.062500	53.929366	-3.145730e+00	2000	1	10	18
	235	102	330.468750	53.929366	-3.064498e+00	2000	1	10	19
	232	103	326.250000	55.330112	-3.145602e+00	2000	1	10	23
	233	104	327.656250	56.730857	-3.573387e+00	2000	1	11	0
start	53	2000	1	7	5
	120	102	168.750000	53.929366	-3.805521e+00	2000	1	7	5
	120	102	168.750000	53.929366	-3.957721e+00	2000	1	7	6
	122	103	171.562500	55.330112	-4.403906e+00	2000	1	7	8
	122	103	171.562500	55.330112	-4.519913e+00	2000	1	7	9
	124	103	174.375000	55.330112	-4.774187e+00	2000	1	7	10
	124	103	174.375000	55.330112	-4.959677e+00	2000	1	7	11
	124	103	174.375000	55.330112	-5.168927e+00	2000	1	7	12
	126	103	177.187500	55.330112	-5.315135e+00	2000	1	7	13
	126	103	177.187500	55.330112	-5.562140e+00	2000	1	7	14
	126	103	177.187500	55.330112	-5.749084e+00	2000	1	7	15
	128	103	180.000000	55.330112	-5.844190e+00	2000	1	7	16
	128	104	180.000000	56.730857	-6.161658e+00	2000	1	7	17
	128	104	180.000000	56.730857	-6.338841e+00	2000	1	7	18
	130	104	182.812500	56.730857	-6.588481e+00	2000	1	7	19
	130	104	182.812500	56.730857	-6.867769e+00	2000	1	7	20
	130	104	182.812500	56.730857	-7.095823e+00	2000	1	7	21
	132	104	185.625000	56.730857	-7.319849e+00	2000	1	7	22
	132	105	185.625000	58.131598	-7.581267e+00	2000	1	7	23
	132	104	185.625000	56.730857	-7.748661e+00	2000	1	8	0
	134	104	188.437500	56.730857	-7.951890e+00	2000	1	8	1
	134	104	188.437500	56.730857	-8.146196e+00	2000	1	8	2
	135	105	189.843750	58.131598	-8.279207e+00	2000	1	8	3
	136	105	191.250000	58.131598	-8.448390e+00	2000	1	8	4
	137	105	192.656250	58.131598	-8.620232e+00	2000	1	8	5
	137	105	192.656250	58.131598	-8.709325e+00	2000	1	8	6
	139	105	195.468750	58.131598	-8.930615e+00	2000	1	8	7
	139	106	195.468750	59.532337	-9.068645e+00	2000	1	8	8
	140	105	196.875000	58.131598	-9.126178e+00	2000	1	8	9
	141	105	198.281250	58.131598	-9.316583e+00	2000	1	8	10
	142	106	199.687500	59.532337	-9.350275e+00	2000	1	8	11
	143	105	201.093750	58.131598	-9.450808e+00	2000	1	8	12
	143	105	201.093750	58.131598	-9.468034e+00	2000	1	8	13
	144	106	202.500000	59.532337	-9.515032e+00	2000	1	8	14
	146	106	205.312500	59.532337	-9.508951e+00	2000	1	8	15
	146	106	205.312500	59.532337	-9.610150e+00	2000	1	8	16
	147	106	206.718750	59.532337	-9.638593e+00	2000	1	8	17
	148	106	208.125000	59.532337	-9.721333e+00	2000	1	8	18
	149	107	209.531250	60.933072	-9.679731e+00	2000	1	8	19
	150	106	210.937500	59.532337	-9.762137e+00	2000	1	8	20
	150	106	210.937500	59.532337	-9.691566e+00	2000	1	8	21
	151	107	212.343750	60.933072	-9.617136e+00	2000	1	8	22
	152	106	213.750000	59.532337	-9.644953e+00	2000	1	8	23
	153	106	215.156250	59.532337	-9.529457e+00	2000	1	9	0
	154	106	216.562500	59.532337	-9.471258e+00	2000	1	9	1
	155	106	217.968750	59.532337	-9.406053e+00	2000	1	9	2
	155	106	217.968750	59.532337	-9.335851e+00	2000	1	9	3
	157	106	220.781250	59.532337	-9.241462e+00	2000	1	9	4
	157	106	220.781250	59.532337	-9.163419e+00	2000	1	9	5
	158	106	222.187500	59.532337	-9.065937e+00	2000	1	9	6
	160	107	225.000000	60.933072	-8.968177e+00	2000	1	9	7
	160	106	225.000000	59.532337	-8.783577e+00	2000	1	9	8
	161	106	226.406250	59.532337	-8.670502e+00	2000	1	9	9
	162	106	227.812500	59.532337	-8.461798e+00	2000	1	9	10
start	53	2000	1	7	5
	248	102	348.750000	53.929366	-3.805521e+00	2000	1	7	5
	248	102	348.750000	53.929366	-3.957721e+00	2000	1	7	6
	250	103	351.562500	55.330112	-4.403906e+00	2000	1	7	8
	250	103	351.562500	55.330112	-4.519913e+00	2000	1	7	9
	252	103	354.375000	55.330112	-4.774187e+00	2000	1	7	10
	252	103	354.375000	55.330112	-4.959677e+00	2000	1	7	11
	252	103	354.375000	55.330112	-5.168799e+00	2000	1	7	12
	254	103	357.187500	55.330112	-5.315135e+00	2000	1	7	13
	254	103	357.187500	55.330112	-5.562140e+00	2000	1	7	14
	254	103	357.187500	55.330112	-5.749084e+00	2000	1	7	15
	0	103	0.000000	55.330112	-5.844114e+00	2000	1	7	16
	0	104	0.000000	56.730857	-6.161643e+00	2000	1	7	17
	0	104	0.000000	56.730857	-6.338841e+00	2000	1	7	18
	2	104	2.812500	56.730857	-6.588481e+00	2000	1	7	19
	2	104	2.812500	56.730857	-6.867769e+00	2000	1	7	20
	2	105	2.812500	58.131598	-7.088362e+00	2000	1	7	21
	4	104	5.625000	56.730857	-7.319849e+00	2000	1	7	22
	4	105	5.625000	58.131598	-7.581267e+00	2000	1	7	23
	4	104	5.625000	56.730857	-7.748661e+00	2000	1	8	0
	6	104	8.437500	56.730857	-7.951890e+00	2000	1	8	1
	6	104	8.437500	56.730857	-8.143632e+00	2000	1	8	2
	7	105	9.843750	58.131598	-8.279207e+00	2000	1	8	3
	8	105	11.250000	58.131598	-8.448390e+00	2000	1	8	4
	9	105	12.656250	58.131598	-8.620232e+00	2000	1	8	5
	9	105	12.656250	58.131598	-8.709325e+00	2000	1	8	6
	11	105	15.468750	58.131598	-8.930615e+00	2000	1	8	7
	11	106	15.468750	59.532337	-9.068645e+00	2000	1	8	8
	12	105	16.875000	58.131598	-9.126178e+00	2000	1	8	9
	13	105	18.281250	58.131598	-9.316583e+00	2000	1	8	10
	14	106	19.687500	59.532337	-9.350275e+00	2000	1	8	11
	15	105	21.093750	58.131598	-9.448377e+00	2000	1	8	12
	15	105	21.093750	58.131598	-9.468034e+00	2000	1	8	13
	16	106	22.500000	59.532337	-9.515032e+00	2000	1	8	14
	18	106	25.312500	59.532337	-9.508951e+00	2000	1	8	15
	18	106	25.312500	59.532337	-9.610150e+00	2000	1	8	16
	19	106	26.718750	59.532337	-9.638593e+00	2000	1	8	17
	20	106	28.125000	59.532337	-9.721333e+00	2000	1	8	18
	21	107	29.531250	60.933072	-9.679731e+00	2000	1	8	19
	22	106	30.937500	59.532337	-9.762137e+00	2000	1	8	20
	22	106	30.937500	59.532337	-9.691566e+00	2000	1	8	21
	23	107	32.343750	60.933072	-9.617136e+00	2000	1	8	22
	24	106	33.750000	59.532337	-9.644953e+00	2000	1	8	23
	25	106	35.156250	59.532337	-9.529457e+00	2000	1	9	0
	26	106	36.562500	59.532337	-9.471258e+00	2000	1	9	1
	27	106	37.968750	59.532337	-9.406053e+00	2000	1	9	2
	27	106	37.968750	59.532337	-9.335851e+00	2000	1	9	3
	29	106	40.781250	59.532337	-9.241462e+00	2000	1	9	4
	29	106	40.781250	59.532337	-9.163419e+00	2000	1	9	5
	30	106	42.187500	59.532337	-9.065937e+00	2000	1	9	6
	32	107	45.000000	60.933072	-8.968105e+00	2000	1	9	7
	32	106	45.000000	59.532337	-8.783577e+00	2000	1	9	8
	33	106	46.406250	59.532337	-8.670502e+00	2000	1	9	9
	34	106	47.812500	59.532337	-8.461798e+00	2000	1	9	10
start	84	2000	1	7	6
	78	103	109.687500	55.330112	-3.992467e+00	2000	1	7	6
	78	103	109.687500	55.330112	-4.151079e+00	2000	1	7	7
	80	103	112.500000	55.330112	-4.385368e+00	2000	1	7	8
	80	103	112.500000	55.330112	-4.590251e+00	2000	1	7	9
	80	103	112.500000	55.330112	-4.767073e+00	2000	1	7	10
	82	103	115.312500	55.330112	-4.946001e+00	2000	1	7	11
	82	103	115.312500	55.330112	-5.194899e+00	2000	1	7	12
	82	103	115.312500	55.330112	-5.316852e+00	2000	1	7	13
	84	103	118.125000	55.330112	-5.493486e+00	2000	1	7	14
	84	103	118.125000	55.330112	-5.724044e+00	2000	1	7	15
	84	103	118.125000	55.330112	-5.902178e+00	2000	1	7	16
	85	104	119.531250	56.730857	-6.132288e+00	2000	1	7	17
	86	104	120.937500	56.730857	-6.309719e+00	2000	1	7	18
	87	104	122.343750	56.730857	-6.579427e+00	2000	1	7	19
	87	104	122.343750	56.730857	-6.846705e+00	2000	1	7	20
	89	104	125.156250	56.730857	-7.056263e+00	2000	1	7	21
	89	104	125.156250	56.730857	-7.355837e+00	2000	1	7	22
	89	104	125.156250	56.730857	-7.573544e+00	2000	1	7	23
	90	105	126.562500	58.131598	-7.751942e+00	2000	1	8	0
	91	104	127.968750	56.730857	-8.005779e+00	2000	1	8	1
	92	105	129.375000	58.131598	-8.148265e+00	2000	1	8	2
	93	105	130.781250	58.131598	-8.259496e+00	2000	1	8	3
	93	104	130.781250	56.730857	-8.454566e+00	2000	1	8	4
	94	105	132.187500	58.131598	-8.668040e+00	2000	1	8	5
	95	105	133.593750	58.131598	-8.751118e+00	2000	1	8	6
	96	105	135.000000	58.131598	-8.989726e+00	2000	1	8	7
	96	105	135.000000	58.131598	-9.091789e+00	2000	1	8	8
	98	105	137.812500	58.131598	-9.197509e+00	2000	1	8	9
	98	105	137.812500	58.131598	-9.294785e+00	2000	1	8	10
	99	106	139.218750	59.532337	-9.320153e+00	2000	1	8	11
	100	105	140.625000	58.131598	-9.423863e+00	2000	1	8	12
	101	106	142.031250	59.532337	-9.466298e+00	2000	1	8	13
	102	106	143.437500	59.532337	-9.533840e+00	2000	1	8	14
	103	106	144.843750	59.532337	-9.559346e+00	2000	1	8	15
	104	106	146.250000	59.532337	-9.599031e+00	2000	1	8	16
	105	106	147.656250	59.532337	-9.613268e+00	2000	1	8	17
	105	106	147.656250	59.532337	-9.689277e+00	2000	1	8	18
	106	106	149.062500	59.532337	-9.750724e+00	2000	1	8	19
	107	106	150.468750	59.532337	-9.655943e+00	2000	1	8	20
	108	106	151.875000	59.532337	-9.733444e+00	2000	1	8	21
	108	106	151.875000	59.532337	-9.633698e+00	2000	1	8	22
	110	106	154.687500	59.532337	-9.609156e+00	2000	1	8	23
	110	106	154.687500	59.532337	-9.579939e+00	2000	1	9	0
	112	107	157.500000	60.933072	-9.464641e+00	2000	1	9	1
	112	106	157.500000	59.532337	-9.457445e+00	2000	1	9	2
	112	106	157.500000	59.532337	-9.327976e+00	2000	1	9	3
	114	107	160.312500	60.933072	-9.259040e+00	2000	1	9	4
	115	106	161.718750	59.532337	-9.158480e+00	2000	1	9	5
	116	107	163.125000	60.933072	-9.089703e+00	2000	1	9	6
	117	106	164.531250	59.532337	-8.975007e+00	2000	1	9	7
	117	106	164.531250	59.532337	-8.840445e+00	2000	1	9	8
	119	106	167.343750	59.532337	-8.688482e+00	2000	1	9	9
	119	106	167.343750	59.532337	-8.523086e+00	2000	1	9	10
	121	106	170.156250	59.532337	-8.201920e+00	2000	1	9	12
	121	104	170.156250	56.730857	-7.617948e+00	2000	1	9	15
	121	104	170.156250	56.730857	-7.486564e+00	2000	1	9	16
	122	104	171.562500	56.730857	-7.139014e+00	2000	1	9	18
	122	104	171.562500	56.730857	-7.044069e+00	2000	1	9	19
	123	104	172.968750	56.730857	-6.954142e+00	2000	1	9	20
	123	104	172.968750	56.730857	-6.878180e+00	2000	1	9	21
	124	104	174.375000	56.730857	-6.814402e+00	2000	1	9	22
	124	104	174.375000	56.730857	-6.780287e+00	2000	1	9	23
	126	104	177.187500	56.730857	-6.703953e+00	2000	1	10	0
	126	104	177.187500	56.730857	-6.622984e+00	2000	1	10	1
	128	104	180.000000	56.730857	-6.578890e+00	2000	1	10	2
	129	104	181.406250	56.730857	-6.324377e+00	2000	1	10	3
	130	104	182.812500	56.730857	-6.231039e+00	2000	1	10	4
	132	104	185.625000	56.730857	-6.076592e+00	2000	1	10	5
	132	104	185.625000	56.730857	-5.840010e+00	2000	1	10	6
	134	104	188.437500	56.730857	-5.683589e+00	2000	1	10	7
	136	104	191.250000	56.730857	-5.492845e+00	2000	1	10	8
	137	104	192.656250	56.730857	-5.245341e+00	2000	1	10	9
	139	105	195.468750	58.131598	-5.068961e+00	2000	1	10	10
	141	105	198.281250	58.131598	-4.815362e+00	2000	1	10	11
	141	104	198.281250	56.730857	-4.587511e+00	2000	1	10	12
	143	104	201.093750	56.730857	-4.285909e+00	2000	1	10	13
	144	103	202.500000	55.330112	-4.000573e+00	2000	1	10	14
	144	103	202.500000	55.330112	-3.773554e+00	2000	1	10	15
	146	103	205.312500	55.330112	-3.524970e+00	2000	1	10	16
	148	103	208.125000	55.330112	-3.338087e+00	2000	1	10	17
	149	102	209.531250	53.929366	-3.194326e+00	2000	1	10	18
	150	102	210.937500	53.929366	-3.064834e+00	2000	1	10	19
	148	103	208.125000	55.330112	-3.135385e+00	2000	1	10	23
	148	103	208.125000	55.330112	-3.534059e+00	2000	1	11	0
start	84	2000	1	7	6
	206	103	289.687500	55.330112	-3.992467e+00	2000	1	7	6
	206	103	289.687500	55.330112	-4.151079e+00	2000	1	7	7
	208	103	292.500000	55.330112	-4.385368e+00	2000	1	7	8
	208	103	292.500000	55.330112	-4.590251e+00	2000	1	7	9
	208	103	292.500000	55.330112	-4.767073e+00	2000	1	7	10
	210	103	295.312500	55.330112	-4.946001e+00	2000	1	7	11
	210	103	295.312500	55.330112	-5.194899e+00	2000	1	7	12
	210	103	295.312500	55.330112	-5.316852e+00	2000	1	7	13
	212	103	298.125000	55.330112	-5.493486e+00	2000	1	7	14
	212	103	298.125000	55.330112	-5.724044e+00	2000	1	7	15
	212	103	298.125000	55.330112	-5.902178e+00	2000	1	7	16
	213	104	299.531250	56.730857	-6.132288e+00	2000	1	7	17
	214	104	300.937500	56.730857	-6.309719e+00	2000	1	7	18
	215	104	302.343750	56.730857	-6.579427e+00	2000	1	7	19
	215	104	302.343750	56.730857	-6.846705e+00	2000	1	7	20
	217	104	305.156250	56.730857	-7.056263e+00	2000	1	7	21
	217	104	305.156250	56.730857	-7.355837e+00	2000	1	7	22
	217	104	305.156250	56.730857	-7.573544e+00	2000	1	7	23
	218	105	306.562500	58.131598	-7.751942e+00	2000	1	8	0
	219	104	307.968750	56.730857	-8.005779e+00	2000	1	8	1
	220	105	309.375000	58.131598	-8.148265e+00	2000	1	8	2
	221	105	310.781250	58.131598	-8.259496e+00	2000	1	8	3
	221	104	310.781250	56.730857	-8.454566e+00	2000	1	8	4
	222	105	312.187500	58.131598	-8.668040e+00	2000	1	8	5
	223	105	313.593750	58.131598	-8.751118e+00	2000	1	8	6
	224	105	315.000000	58.131598	-8.989726e+00	2000	1	8	7
	224	105	315.000000	58.131598	-9.091789e+00	2000	1	8	8
	226	105	317.812500	58.131598	-9.197509e+00	2000	1	8	9
	226	105	317.812500	58.131598	-9.294785e+00	2000	1	8	10
	227	106	319.218750	59.532337	-9.320153e+00	2000	1	8	11
	228	105	320.625000	58.131598	-9.423863e+00	2000	1	8	12
	229	106	322.031250	59.532337	-9.466298e+00	2000	1	8	13
	230	106	323.437500	59.532337	-9.533840e+00	2000	1	8	14
	231	106	324.843750	59.532337	-9.559346e+00	2000	1	8	15
	232	106	326.250000	59.532337	-9.599031e+00	2000	1	8	16
	233	106	327.656250	59.532337	-9.613268e+00	2000	1	8	17
	233	106	327.656250	59.532337	-9.689277e+00	2000	1	8	18
	234	106	329.062500	59.532337	-9.750724e+00	2000	1	8	19
	235	106	330.468750	59.532337	-9.655943e+00	2000	1	8	20
	236	106	331.875000	59.532337	-9.733444e+00	2000	1	8	21
	236	106	331.875000	59.532337	-9.624848e+00	2000	1	8	22
	238	106	334.687500	59.532337	-9.609156e+00	2000	1	8	23
	238	106	334.687500	59.532337	-9.579939e+00	2000	1	9	0
	240	107	337.500000	60.933072	-9.464641e+00	2000	1	9	1
	240	106	337.500000	59.532337	-9.457445e+00	2000	1	9	2
	240	106	337.500000	59.532337	-9.327976e+00	2000	1	9	3
	242	107	340.312500	60.933072	-9.259040e+00	2000	1	9	4
	243	106	341.718750	59.532337	-9.158480e+00	2000	1	9	5
	244	107	343.125000	60.933072	-9.089703e+00	2000	1	9	6
	245	106	344.531250	59.532337	-8.975007e+00	2000	1	9	7
	245	106	344.531250	59.532337	-8.840445e+00	2000	1	9	8
	247	106	347.343750	59.532337	-8.688482e+00	2000	1	9	9
	247	106	347.343750	59.532337	-8.523086e+00	2000	1	9	10
	249	106	350.156250	59.532337	-8.201920e+00	2000	1	9	12
	249	104	350.156250	56.730857	-7.617948e+00	2000	1	9	15
	249	104	350.156250	56.730857	-7.486564e+00	2000	1	9	16
	250	104	351.562500	56.730857	-7.139014e+00	2000	1	9	18
	250	104	351.562500	56.730857	-7.044069e+00	2000	1	9	19
	251	104	352.968750	56.730857	-6.954142e+00	2000	1	9	20
	251	104	352.968750	56.730857	-6.878180e+00	2000	1	9	21
	252	104	354.375000	56.730857	-6.814402e+00	2000	1	9	22
	252	104	354.375000	56.730857	-6.780287e+00	2000	1	9	23
	254	104	357.187500	56.730857	-6.703953e+00	2000	1	10	0
	254	104	357.187500	56.730857	-6.622984e+00	2000	1	10	1
	0	104	0.000000	56.730857	-6.578890e+00	2000	1	10	2
	1	104	1.406250	56.730857	-6.324377e+00	2000	1	10	3
	2	104	2.812500	56.730857	-6.231039e+00	2000	1	10	4
	4	104	5.625000	56.730857	-6.076592e+00	2000	1	10	5
	4	104	5.625000	56.730857	-5.839128e+00	2000	1	10	6
	6	104	8.437500	56.730857	-5.683589e+00	2000	1	10	7
	8	104	11.250000	56.730857	-5.492845e+00	2000	1	10	8
	9	104	12.656250	56.730857	-5.245341e+00	2000	1	10	9
	11	105	15.468750	58.131598	-5.068961e+00	2000	1	10	10
	12	104	16.875000	56.730857	-4.796046e+00	2000	1	10	11
	13	104	18.281250	56.730857	-4.587511e+00	2000	1	10	12
	15	104	21.093750	56.730857	-4.285909e+00	2000	1	10	13
	16	103	22.500000	55.330112	-4.000573e+00	2000	1	10	14
	17	103	23.906250	55.330112	-3.765119e+00	2000	1	10	15
	18	103	25.312500	55.330112	-3.524970e+00	2000	1	10	16
	20	103	28.125000	55.330112	-3.338087e+00	2000	1	10	17
	21	102	29.531250	53.929366	-3.194326e+00	2000	1	10	18
	22	102	30.937500	53.929366	-3.064834e+00	2000	1	10	19
	20	103	28.125000	55.330112	-3.135385e+00	2000	1	10	23
	20	103	28.125000	55.330112	-3.534059e+00	2000	1	11	0
